500 100 1000
299.8356763084915 41.00754860987252 5.500871839823542 88.35042166903644 49.02903310485803
329.1880619474277 55.04251574865165 5.231700460356966 73.44934528121372 320.83260672047635
285.7800974353667 61.22608560071409 5.397523648225452 47.7858403704965 137.88211385894485
251.22586974521528 34.51124244338988 5.617409861527475 31.58646813760481 299.09025377055116
304.0298013981645 40.913481019560564 4.941947110947947 39.65797130906739 82.89457843386414
264.8227206646127 52.96039388905417 5.007096906000113 37.679136225927344 36.91779067854572
244.59033617309407 64.84264768198693 4.650405140447136 82.07578388399865 342.8018707371561
204.44105383797103 41.07279519681045 5.63835681689476 55.4686706202169 256.9592424383111
256.87206509217066 30.150663537971617 5.605612922138198 54.88299096270562 20.355599606866296
34.800372628324425 49.65214715754118 5.699336298869971 88.21714605581312 323.8366008037579
280.989422307182 66.23503963068313 5.783687106558623 35.917561487910376 73.77255270104257
302.4067050466926 46.29511575705898 5.394494130534927 49.8608695987052 294.8152488666237
96.17285109333437 53.75300457483675 5.645689343398854 79.91977518199886 133.43848813626516
260.1663215052965 62.512071439313885 4.091476766409877 57.677718983001895 258.06683088645656
297.7011825316199 53.96592758556037 5.338561502521362 39.99563253207552 279.6217598547987
239.5634621678506 27.188863043164407 4.434742946587836 88.09614150900202 66.04971060151055
244.02651561663035 73.05974155552093 5.719917394412193 39.730207801129254 142.19636188185774
331.1880207672434 48.33739459202142 5.974268565236098 77.7337461965556 67.56842618368762
303.17656690179984 44.94948573076182 5.508230207831829 50.28875875335436 193.7376540378356
224.78424138452255 54.904023420673404 4.910617451634761 69.90763381662151 1.9261324557321302
251.65115866005252 63.752840763694394 5.986700995829865 47.84122313698442 154.1268423336188
224.8670878538262 31.354051662286995 5.338770049472766 46.12491258557145 227.5989992263236
198.0565602118263 52.87568215192949 4.334030924024423 71.28497548311304 289.895560393778
279.12640977891897 50.518503796232075 5.126496420272371 45.54563190032839 57.01569741419165
220.12612586821095 61.188276781681125 5.4532075098183395 84.59547074039533 97.49910337390564
264.2293943682331 63.68318202954459 5.939135805995168 40.90468723912532 104.92018558481962
228.32324769735789 15.985336178138894 4.411276946838095 30.466509389001036 139.68987077924086
249.69561179176566 64.5919742846495 5.478041845463351 34.36453067709803 152.65804991025857
294.34881180542646 55.66788360321395 5.736166880096554 37.66039757164577 271.9607303832855
205.93235547245996 33.354497658811326 4.6975623401381945 33.41471507575634 192.40777638367126
197.2585044025609 57.06344485736992 4.944472033875196 61.310168078642164 216.05482193640404
224.61480951298802 57.87724397326424 4.474382549849149 77.09293875907375 267.3548906008227
280.95525427647885 61.74240640184481 4.05647568939267 68.1252425232263 214.83358841375343
196.40262824441402 30.852646020380956 5.198766806598583 53.01821958487394 175.18015072735227
266.8883467752036 63.27104381961218 4.4075759680348225 44.060378874894646 333.0218738174188
242.82714977757203 29.643574235859553 5.221321407971312 32.23067090224602 97.73022165104165
330.55636293463294 43.55829580297094 4.860977263300069 74.71461781320617 87.79738363013325
237.75904436726475 31.39229102792494 4.609264213548881 72.54200860086945 189.7110379451373
278.2766960825533 33.37191431094398 4.293513515850056 34.918799065549926 228.77550908338912
216.7636154089962 49.955643796563386 4.736964515860122 62.62179292171857 289.6680305974025
192.6320583423218 26.19890569015288 5.849555512383611 77.22158370401233 146.1983361760446
196.58786837797092 37.339597694335204 4.757100727178154 53.66962905737741 318.9942973487388
231.7609953631232 45.31273451331275 4.4781331896226995 65.0561488582413 107.23319558888352
262.01865066780334 18.30699854114852 5.777812274142549 78.23340367373254 56.464407781671994
196.34563044160853 25.773675581463394 4.382944763983289 68.2123384204717 162.00966860855118
192.9873964850428 48.37225909455247 5.820590042979861 76.1961991104468 49.679847244679294
189.15146092398024 54.21927883917516 5.577340261732001 50.988615934734426 272.7894931311008
303.83349182060437 55.637191822279306 5.4724927148475055 45.52528696173948 159.3079143363123
291.4014075722898 58.97727449476965 4.256424802227339 49.378874446058376 331.5094864702341
255.345970602046 60.26811197500805 5.099990530853344 74.09840680744767 261.2014753976243
317.5703914063664 55.012362609287024 5.342141818591696 67.3729166351097 323.5281626098528
296.11100915474543 54.91852937057777 4.991957066689093 82.52601294425199 285.12845697224935
348.6388756324899 70.29579030018849 4.646834344882594 55.615149075771015 10.030891091666136
270.6934766053996 68.4281001889453 5.683952318018285 34.79113490579202 282.268977086177
321.47417691315434 45.731229582983396 4.614858505883488 32.16079115720885 70.12038493570317
258.69800404174106 46.800457811440616 5.729100005659651 71.83657639083269 337.8315295431276
235.37591876746092 42.766598821942424 4.675103467521902 55.966566134563394 18.678030771646252
315.4845668222784 72.14288392838009 4.472953173268829 85.73513810094542 156.69829351405943
292.9912377130885 54.91092799052586 5.660773267335575 82.315477641374 300.7911533510816
209.95871661285068 38.74132788639494 4.017406078381074 81.26311261442218 101.16119204430703
187.21086433656305 87.71332962012013 4.47376960177489 46.05175179677768 101.69104827211956
191.39742399940283 36.77793465465329 5.984833157261843 74.72817790000073 148.40529645332242
351.7787688066653 55.87169711581528 5.793002501895365 55.9293720228802 357.14990425131367
202.80000796128542 53.69467356910614 4.287364838867419 83.63568027708493 174.91177919774032
216.9013253804153 43.55649585119134 4.9087085562069985 31.379855634337776 98.181710062338
270.2563353394627 47.17693217988434 5.64292850958639 46.75497501842154 124.49005574311046
293.2412876716146 70.63165024886995 4.124390612340587 63.59383376988304 221.34567513505755
296.09888932589587 47.18200340328951 5.741038397796029 33.60059895448936 150.9348967785525
283.79355233138085 68.79182395386816 5.1765771547010315 45.185803044562256 328.25088764100514
289.33466244341275 46.1109390519462 5.8351958993571165 71.1893106106445 105.69028840482382
272.8303112847339 43.45646562674249 5.008745637240386 88.2588213837622 1.9210680010952697
187.05316463348942 47.831424918381614 4.11930521457964 49.77929252134589 81.36478508446417
146.22802414603893 5.719729343463641 4.384229137618505 47.980161833738265 21.037753646498494
299.71640969220897 22.388608990511873 5.933109061419709 78.43458961157117 45.08399321056218
246.70855990576067 48.86360865264829 4.274747434997507 78.58171972818968 103.90325082424988
232.94788866374776 47.441126091023605 5.942944288373702 65.6670304966498 238.7116590793384
267.92987852174474 48.92759516259898 5.913632683831968 78.95948975227579 91.03993935362394
251.99615050133582 51.48362491883045 5.67199933582423 44.757136202791024 68.77305252474633
218.53167789604487 71.66472897622573 5.709377697217539 75.90150050050954 298.08448664572643
395.02129029936066 37.62121433485357 5.7278657359434515 52.0004696590198 135.94932396079057
254.17285039922498 50.823401108182175 5.8855831577002835 31.747266458422907 119.08276855667198
347.7397325871374 33.38442046552761 5.8199042837673005 58.10945242896 106.38102946610212
305.7635387742725 56.99135238001895 5.413734504606551 39.48601573481004 205.10859557224526
255.9789873234954 55.06889564130002 5.10643246269426 77.05333088126402 244.44980014879445
323.7956232685839 47.06102924185125 5.357769417880943 48.63470494610475 215.60479750017822
218.17106558541846 47.966291988701684 4.899876888343813 66.1586684626207 134.5499159689383
159.95915294783072 25.784894503785264 4.632611576447012 68.58698385967458 101.89390895109173
170.4708013499038 44.40599894119831 4.530960390693724 59.425049655106385 178.59433430749584
264.1174278623728 74.81855029144563 4.027519314176006 48.564995667161305 216.4660046775055
271.77346126176474 59.19071385112399 5.881100416449675 30.52834323780799 153.22232490489193
233.48724317045105 73.19309185860656 5.4502369201069225 63.098929380614756 241.08721119912053
154.97438345109398 60.881520687105514 5.292123844988116 40.367663872133676 228.1166528511639
197.67649239761624 58.783728507245975 5.156813705112888 44.55370941725786 145.27392704062942
224.5526438856121 56.6404363902041 4.21704336845844 88.42977393669896 72.34695551539254
267.0263875485117 66.89892368916401 4.348081462126409 57.25506565423551 128.65741965462246
306.30288454487953 25.324098363532904 5.954133402543151 39.55171628650575 52.71101232105018
379.9155942854711 33.315112164580945 5.196926082062384 86.06233615277623 271.26223814808293
306.12564281173513 68.34624543855043 4.3842797240187705 34.40193840725563 305.7468631127938
223.59660894261816 73.99184431352896 4.036664036490073 42.8048091418695 310.40163974628496
268.32250833320415 36.92174124551481 4.990195359487154 59.40238362370957 228.1639591534081
251.43748950145988 27.037684974263765 5.162308191732226 81.04115450435626 158.0452101310351
294.6964687865689 31.751836967791345 4.163491696870383 80.79713405990026 89.24168608773553
187.48920653168767 25.748987833814493 4.201794908139541 69.50435897066785 255.0503632769049
235.74870903670893 51.53612422637163 4.395900829480722 48.742540780640674 189.24556117485244
173.71334176737977 69.12669368066867 4.188110176367314 70.931823368421 236.11057058919081
270.352897739846 48.303598130643486 4.304560432163155 55.942383121002024 1.716305770695894
286.451712749541 56.794178460267084 4.84671462851564 31.513478182979348 9.822683480145278
232.95313477072182 52.03491604955892 5.3648349054918745 46.45990628615702 351.82208276739794
224.52460696716713 68.67992369659966 4.902986567147996 89.86932964621077 80.70250591838102
222.41618851919648 56.585106655613586 5.930542533212208 73.57462661093481 70.68021011306591
110.21234277090954 62.60452846204389 5.765102061024768 58.42832815261056 43.69637980252276
293.43192087074067 50.79919315528115 4.729835265671285 80.27091396330664 295.1289593243279
170.17644038977417 58.44690748475398 5.258607878755344 36.64712465953311 16.78529283926149
190.7206181259344 18.882811702150857 5.060721060268907 56.19068707328729 267.96340310308534
275.2276184900421 46.84640266420177 4.345940169032133 49.191947806210564 244.32182485319885
219.0861054847085 68.24163812845272 5.804971429293296 34.384403795972624 44.86932565522017
237.54475692004615 46.596314464055645 4.279561309868358 64.70852719871667 104.06746167110381
204.12710606718238 61.12290018536681 4.970808254698905 38.370974201906016 346.545930297421
286.9796711324143 45.674789570106554 5.389743458516439 36.01065851364225 196.42278372708302
247.5655428664828 29.745336294726087 5.507456279320473 62.97370997253444 118.77988966647398
276.3109367054371 44.00027036457312 5.8320902186229695 71.50165179242455 137.60517780056463
227.36247301432672 55.986660883235814 4.758770562467809 33.928850475004054 76.12018918852232
253.8715175658759 53.30216019038332 4.906668182782986 43.666410362315446 82.69108127226559
241.51928753519866 28.217128472605182 5.1953413283299295 53.846174431740835 198.5326276713952
113.33095223438366 51.44845367826632 4.957387812378068 83.9843805762571 33.2927929959318
134.89635363428698 36.550109761687466 4.44763505410197 82.90555601160577 282.8362301506633
188.0854817335206 53.753483052125354 4.9705395573582525 77.25182398578656 212.59643884220748
280.6747139762886 69.34928774350544 5.525988987901151 58.55459076806213 235.31722483319038
322.13875805086235 61.446691049197355 5.574926195325353 51.8900903440975 212.58739131252784
386.63579189182894 47.840320738498654 5.232027604303724 40.97357198792052 47.78218742635536
298.5939425766421 64.20321681767345 4.618848627505878 88.36634907462653 180.19650940700024
306.7301023253133 26.456812444924566 5.8219546953873 81.42557801871388 321.175822668547
224.92877323589246 55.03887249968671 4.433566780687019 74.56406061175335 237.10341316531682
244.695271702201 52.04013048526835 4.063084878576143 74.72923717449845 89.10333481463394
134.87193197274706 55.42828763527613 4.517284558491513 76.19873318341595 218.94652387018922
268.60619096353213 76.94464702096707 5.925053149785926 60.585289363957514 164.13815946700817
281.2568898167668 48.887274884313676 4.072965285316746 80.75474079394839 331.25229714085987
331.6502223319568 49.61406664315732 4.666770700273181 81.6484333438597 224.26493862581202
240.4284021092046 65.240273626011 4.648385635734959 75.68268202490461 259.67175213872736
131.88696427955824 61.12449482449274 5.326023159760995 39.04340958430158 12.431743751367556
193.03671614749882 46.79925581527155 5.25504767595581 33.69321704115723 89.89142814040865
159.39729732091362 61.29123638881926 4.303519981401462 43.14711427027484 161.8155446318545
285.46722899218906 62.921077114810906 4.637406658136984 50.049319386555936 267.280311815797
243.59120463988185 42.17464250410858 4.476345784629507 73.25178593137105 221.51834452541723
239.0800698152858 45.44452322690319 4.835102243754457 46.11851452550036 117.9853208594759
252.99884729801383 49.43955969450114 5.102522762888464 83.23141450199125 306.1090206854154
238.85648339983032 60.2511070399553 5.494516868759292 39.61178088275066 192.45764708148366
229.84865420171892 21.34152146707592 4.620412520266305 80.28457654937782 27.434466340403922
318.1239374864072 28.505231108078526 4.364295377008484 61.605505750074585 230.57151410650434
322.87882147640715 61.55421302469744 4.641852329711968 83.6400407136581 293.79511569943054
118.09378415736992 31.301956787964826 5.530957426983758 62.50396788726926 206.49827499844767
121.83690066015251 39.12015379224104 5.23037897138852 82.89221156971621 280.89028344157646
277.74807711396335 57.20065044525133 5.850186710927341 89.6264800258622 33.86229623539475
221.81715773322793 54.52826195507653 4.596031266978571 79.17464080660294 57.48990183315883
264.07460664118594 28.973275275395814 5.997803605908723 36.35726151029847 270.594372923788
282.09631445377823 40.44757015403729 4.182681852509649 34.161966221500535 108.80784493784999
110.15621203387494 41.27754358635149 4.049083412283726 52.226615957440224 292.10272897464176
342.9050224581224 55.64574791683455 4.735520684977194 64.08178891510352 89.88911663809714
109.54487159638728 45.89791636084215 5.599492758928216 52.53563413318187 85.3147915181427
170.04664998941143 44.08356607363614 5.184336268456272 30.37339702250162 223.45610647100258
331.12390970903317 41.458174290093375 5.423839992308745 70.01782707796926 219.84436501629122
189.71208888794973 48.00750066373862 4.33800774378912 41.893200352289185 180.68878298434603
347.72330216641336 32.1688287727175 5.4502933884867915 86.5614089287052 311.67227322243014
313.57542329703153 56.993721690767345 5.638772359810652 71.86737448640503 214.06669931209674
142.13505844972815 60.48385611704995 4.4729750012614655 44.39465272608314 45.58309495826531
246.57939338055246 39.234425967573635 4.159257852627523 47.04876442108036 219.02935074864016
211.09380276328025 8.32464776857681 5.270408136280016 49.75054387665551 52.09061759689411
304.54729475427604 51.78475285638308 4.135109479305873 87.35289800686768 111.79117885328034
180.24017880995524 49.66343814012519 4.521741597100668 81.45013037522509 190.24878131123046
288.4692563202638 74.85209230622243 5.511688181125612 76.91995224142147 95.78075777648235
236.86775670055914 57.967223227421194 5.659417968992864 37.838118131937115 207.74757372252498
262.71461706846105 38.89526166399994 4.051407963114435 57.056363241368985 336.0867979465961
252.6027799014841 56.43951895088626 4.263055447631291 31.01874024830491 112.82317265780097
302.6339560829945 51.59512960364032 4.711710068223356 77.5191123642885 262.8378095782914
253.49480600830208 48.60208760574341 4.138290161139835 72.51134530395795 248.18345787542472
262.50373797956206 40.830252119776986 4.381578656776218 54.4734086215992 9.094586698747369
393.6548857035285 72.36178583347221 5.345947829563275 81.59778169470326 255.40184971459948
231.07685340788817 53.9442819318616 5.182277582165103 85.22315902345491 310.6964914356778
393.98146716285635 55.67930214164146 4.3171895919471766 61.27922083396014 299.72933400079717
187.42852079903554 40.45593976370961 4.82727049695166 35.21394205372562 324.29998642316525
273.580910156009 59.14387712297872 4.1314780332104615 78.5977455527591 291.3049128000976
332.59846471382366 53.22837197414255 5.834971985134662 40.25809879895506 170.93363173434366
223.14055018672772 42.271575832750784 4.024847412790179 39.99457887195011 201.22285979767452
228.21976746320675 76.21590327380214 5.440198067772064 74.53641998365266 176.74291063164125
211.0113872923305 48.743920069801995 4.370805450130193 59.446458200448625 242.38021693552076
290.27411715929463 75.78028188763501 5.0063403038842 55.48384030808944 236.8136907075598
226.29121478099984 45.314659904596 5.5262569115483196 50.60608008186736 48.64383609530012
232.99951654131357 60.847432291649916 5.657011402477751 72.64791789527669 124.27063272516723
203.07066857378456 51.67953664603111 5.007385658476867 64.52098048116218 105.43200338336268
284.36839577554673 48.57138356812343 4.186098620183225 66.18666134277892 183.09815366699084
143.53871009601977 53.720068030711836 5.05898280432145 44.3543629898355 194.71563809907622
195.6514425284706 57.16972756140743 5.437949744914009 68.70199308965996 312.8034357058162
144.2606597973109 48.1045419071318 4.5650223280747095 87.70552417623199 172.746850688915
270.46994615330453 48.9069733125822 5.050199830059784 63.12972599235842 35.23461160470725
361.0444250585065 59.925314875001035 5.834384362238387 47.63831879773944 45.182657041217546
198.99621016779537 36.72743246504864 4.402163485003395 70.65682050582231 223.30966471105197
339.5048706627031 82.54992832334487 4.655771108881658 34.57275788827764 167.9779581414139
253.42540970699412 18.121321020936726 4.8996578265223025 62.029970126428815 288.45393774574046
210.15531243302343 50.35509050457809 4.378570215212472 84.1641411569239 340.3881440440277
362.28400327682215 48.864852985811105 5.346728106868795 58.76154194447801 184.16310301836305
228.7702686712881 58.76890597147863 4.026457760000577 39.76022168935671 86.18778881783733
268.2405434842044 51.12158609488158 5.506409167656681 87.92266362535375 48.90584233488832
262.602069388476 48.89799993641088 4.628916570527408 52.75156641694423 248.9406574802508
270.7745293599511 62.59169222242281 4.343013926693182 75.41925215394267 19.782508536352168
284.7999028387457 39.03665930565841 5.25983838652197 38.062680924340995 145.63819894659196
151.82218483224923 40.19253668966009 4.580384933328064 72.54291537686959 21.814356304777466
280.5846734051781 46.67050719352669 5.555497498581888 55.30838735285004 9.671604203988089
299.2778620375479 53.50825426445431 4.72321785504106 73.5304829892359 134.9294132280488
190.5639031423923 33.80865039411575 4.756195225288746 86.08552736830387 248.95617211125924
341.3681333371739 51.108281491141945 5.5973556258668395 76.8963784672276 105.73663766641236
307.519519563627 65.17103051820271 4.242790774786082 53.996091026776305 38.75023786939253
258.1448308466353 67.90367579198048 4.70150216654798 59.15155996051699 203.7670342954516
325.3602783049489 49.38423411950389 4.9434272263792405 53.00354627075051 12.59248267130828
226.71941013106428 30.993873012305578 4.565002719246183 79.60934967141203 207.3597537742856
250.45734462176378 86.65347118826953 5.345538714335423 30.496139878115116 10.73674417989174
210.54511114432023 59.78805067141365 4.118327123339665 32.407632118799434 43.759590086117996
319.3718959892227 13.01604853119494 5.798459701430766 40.04355895900899 196.02950699426032
301.41552369823256 41.11712074773898 5.455061390131637 34.44144478949373 347.87200186174243
307.896401533669 54.96447700021152 5.623659362899071 43.548197149828944 345.5179201130024
240.71017225091884 44.53140872453605 4.853204449295504 83.08067642387107 206.7179544538793
172.25073449992558 45.16357159148118 4.710063907255819 88.758720071624 205.9836434956255
282.80971366546885 51.36708272908483 5.492268672092326 77.51200521207468 69.79653758533986
302.95671172250013 36.822701526796315 4.864617910442851 33.568230490058085 267.4840320308762
310.4130896002723 67.06890111033192 5.820239087077531 74.14822454360248 72.77416322440006
310.64551588953947 40.4547620466017 5.472942235874355 77.98640124296492 185.886631321666
279.3554163018322 31.208125299332274 5.266243307685166 56.334345962631076 292.2768795841594
313.34057069904065 45.88104575231935 5.9176855391913605 45.16625791710376 308.96974293664664
319.4101465469265 63.53388847215887 5.142467925147752 87.77904106418792 227.79371428722152
252.37937154141562 56.5294927076381 4.775200402109538 88.580881290126 347.21933109255355
319.81086749720646 58.4029387665773 4.720312508034813 78.66992801523267 143.15544795314193
278.07907111577146 45.03684663981146 4.793026990645275 89.77009110206504 246.89566830012112
223.55453993387565 47.227450028437765 5.095144141828551 73.89744459721808 160.71133463465577
327.89131799138744 40.30363610885826 5.926094389050217 33.58622559421204 96.81056816869906
226.36376013600722 58.241044408816144 4.471693520467548 59.50751361748591 117.7875473024717
160.89474287550354 60.30537495215702 4.81957427522344 71.32327205705205 69.71152077998998
265.76513900738587 23.481993413640893 5.714756653392779 71.40844212055086 154.50232794403288
176.714343204537 48.561232485226796 4.768204426575987 49.46398810292228 243.00252524161942
248.36388605611927 25.747011160579934 4.630326066670989 79.14032388515645 257.38522579797063
213.85712857457762 35.896542238246155 4.709160393157898 88.16201874920344 111.15570836176539
221.5999162855105 44.414429382876314 4.589715277155234 46.53130364072723 342.9782585798066
291.17401050126824 40.37301966048791 5.727954693862628 61.31457946393316 243.62346458215177
176.2303930420096 51.60502472827293 4.309044496056572 54.35719258107159 343.78657800960684
220.20296697244783 49.999124990188285 5.0404009747224965 63.687792540845706 158.01030164128653
167.76238089573917 62.22420575394926 5.280271840436491 51.419672889824994 25.322223488718755
319.29562562050984 36.615902535160814 4.7806631009304255 71.73035803835211 129.99746170484036
287.39833988331566 63.062655727149846 4.355668301905807 88.18167371263465 332.89791549757433
294.4434007365627 37.61425597788124 5.154328626930592 87.33875471303432 300.94446811958085
248.7675127530035 50.614002392590116 5.0593891285596735 89.3517938454282 111.25558595993553
214.75405303377772 44.8494034052936 4.741069999632623 78.99272409302776 43.759963800396356
225.01008857495898 36.44719874028195 5.487979541123738 81.38603304913303 115.65761930157528
261.4894824039594 60.36271557952471 4.744800469181398 65.62513742663961 270.7033123673619
200.984943646381 73.98469068916748 4.222909276209525 60.25487874463788 291.9545210374719
294.58462216670057 25.38818391426035 4.737562441552358 65.7747268594069 97.03701545435005
224.65983674214593 58.118504772829056 5.975447887375539 41.175018778737126 283.2221370653645
324.3458436794521 61.06982486586259 5.5302133453279545 30.630274155008472 226.31347808196347
243.25918321275236 57.93920028536531 4.086515019647111 32.18314304093456 155.3114699289281
300.1366247044908 66.36623336470034 5.988073741468165 34.33488377737271 271.58514085051564
160.21279249702087 24.522191181768125 5.286952899405977 88.97727681264277 162.176151102548
369.10701618074876 36.74100670494007 4.309079236328646 50.39071946132211 317.6405095627029
155.22567698143024 72.2212789702068 4.968615956828218 80.5994567861222 228.8628422119523
260.6565583231736 62.38726801575086 4.0679056206621125 58.38716840344405 148.77777643666533
256.5072080904108 62.71252625803716 4.711645634784472 30.20025706462292 95.92044374873261
147.8019674286589 31.318102298264545 5.4305268531573345 71.95564885672223 71.54732728076151
259.1606457157094 61.32759056248942 4.952434999395335 57.916082763984974 199.68127917849105
229.98523499382856 46.984117841935465 5.744484673602386 55.40630152643276 329.86337417075225
145.43255956147766 40.44294246023901 4.860480503797959 44.097394744146726 19.992578417525515
383.3437432742869 81.72064303241723 4.251812489425588 43.68741168803799 229.0671935907138
219.14624215816184 36.50323862449296 5.027208663709627 80.73039713269164 127.75697041764127
140.7586196948492 44.03133732460377 4.151331778258802 76.07674440303762 304.7092314254777
141.98089282055633 52.303346043547755 5.16883988464742 41.564358847041746 171.92715596823763
133.73224369291512 60.509197007668455 5.508437937144994 88.50186108801057 90.41846625724251
221.90653710796798 64.34115198756301 4.327556784187814 31.54698017599871 57.8693095627331
224.6047946716418 36.75731722885231 5.583286781470943 39.9179568403363 57.28430730643999
124.63201359811096 37.98776563432 4.046065082224903 42.72409019385398 90.36381198729595
334.34938364121297 45.79626837171823 5.688489431925445 54.25877980652764 145.3526777769331
256.1429942395421 42.00538604486627 4.621717157581839 85.50793271789591 44.67667743048962
271.20706333896925 81.6745109294638 4.517298608151046 37.817761582511764 217.42312353320708
204.5654948208445 32.11946977620303 4.155596367451358 84.57835554444424 293.4628170962865
276.07134764389 38.03548541498341 4.481326930690037 31.399443271093716 138.24141518887026
387.04508313656976 38.437518304759095 5.943482296579455 30.75872318592363 316.72869488249097
246.59705688366432 72.83516053254844 4.597854790238077 53.279825693929624 200.9522170012255
184.56924315427574 30.04365863654322 5.459817029627524 81.79649197377628 103.28968418053188
209.9989710210447 49.00506186174079 5.161768727781769 61.19009629939274 180.47153734249443
251.21155420994 38.046425880482175 5.319313997630341 53.55737274054623 197.33182390427882
384.229986641363 28.476140146694153 4.273390963945837 44.6405126541509 44.04935733564911
246.75701963689554 60.56861825481609 5.1265859778510405 50.87997835387558 0.6815895764114765
207.73839494859016 43.85597082280063 5.374432215920649 80.5668192265809 117.13250270658394
222.081388145798 23.42136979778629 5.911254768435295 86.0902215163508 233.67581554921347
161.91182917999578 54.11903095937293 4.5297865060830595 40.334573768677274 92.74501951580629
339.86930089784687 45.789863756565616 4.16983443279463 69.48446364975192 54.210350315514745
338.75118283707104 49.725367236171394 4.19890681138865 81.5889818234817 120.64339530890884
271.46466099300386 39.51804242983163 4.577893837936763 66.18799960416735 280.355068057777
211.26429047306416 52.15960504920053 4.739317619102173 88.48837359124904 74.7646365149409
215.0509328514906 86.3141365182255 5.784492660266517 38.59883506525068 7.207750292810213
180.09872039707582 50.34667941565159 4.604951148388111 64.89522032844289 300.88142859033536
294.87976038901144 37.52710842553934 5.849786102033236 33.74141617868646 239.3953925365404
261.6006747926026 38.548109813060904 5.028204962543996 70.69353038737898 158.44908397449686
293.30997712965575 82.79196415640313 5.736404122311013 65.57386488960012 48.42103079296369
364.8019953367808 40.266305781944595 4.447921817597178 57.31756250444989 229.5378101355867
219.21495247191788 22.935704687058074 5.622364882003014 88.59590135972361 96.12346449769574
236.47164612747133 43.582853078941 5.763159306083325 77.76313246088783 312.280102733443
164.2139092104321 76.1509893469236 4.880773462689407 30.660985946965983 54.717681475316326
202.20399380090447 44.62022847742762 4.008157234894071 83.94605995334896 235.84086440547492
273.9283918740363 62.7356461723109 4.488527441869962 39.060656966111615 328.69258411485356
275.51808308807506 72.08573819787654 4.767092755620068 72.59683553367495 58.576264279852694
260.4581553246527 71.8150625669372 5.908086944641038 38.76465627148903 258.36023082141236
312.97008271705124 38.97508748111883 5.74405484681966 34.44802126723074 101.45024647105815
324.74037135980865 54.18910389955106 4.564714498150968 78.89760920687421 28.80510772852544
100.50762751303228 10.794179972849506 4.69643027302252 71.98043068726784 206.21426188549611
190.8637043081163 66.35336659693598 4.754333985245947 51.529799489853815 216.72344899423953
322.0795584241413 48.65391707884045 4.407096564687717 82.33261854084304 44.24043622971305
84.656205238714 63.761258774990424 4.908445649138953 83.7613247839009 112.14831837448898
360.13702755764353 44.168912868219714 4.647221107795502 65.21964183299254 269.76927816252976
292.32610177032876 67.16687749781093 5.762748636877269 62.67872755721168 128.9277689767299
270.9168160703548 24.543484690691578 4.958092046020648 44.11340457134813 153.85549797805206
372.6917428583412 66.00176862143235 5.181911751096488 35.5414330783418 339.28718545373425
202.50855948132403 58.23952227090237 5.504515335546478 32.957177276332764 276.2573671979168
288.2101442880511 46.60161366437161 4.647181205817899 81.67996365558423 151.71435091919716
283.2444331104846 29.787169794210676 5.827425846068978 42.957948130739894 126.33120429151438
179.09930837246077 69.76735378457053 5.085367841858199 84.91457586018934 271.2340368758096
304.91595030124034 40.51545253027608 5.809236298006105 54.346221408596726 245.7016705630219
261.8590321751438 53.608339196231675 4.582600197529107 87.37431088311925 15.98887207663461
241.08024532467087 47.17792564945753 5.97810938451908 68.42557475374639 0.7448627962648713
234.76241453027012 47.72554195991202 4.2657094634355746 68.64333580538585 148.64155062185486
227.43339137937605 67.79143619028909 5.989046077781897 34.95283073059115 248.03358019490742
285.1318609239799 34.31679817709322 4.336116238717066 44.10152313471883 255.8125416074236
351.59594426732724 59.20361698505238 5.95895467610535 80.28084109462421 27.766980987442643
249.95396691780374 36.10256829807638 5.8997563796921195 48.76510030297803 209.54225677541467
207.94083268143598 50.06099370958971 5.684465595380299 31.333877817825474 66.37873399347512
215.53584311151988 48.553470581937574 5.252309001770319 58.163862896719706 253.22048790379299
200.06505907755127 52.09401786721756 5.676202726232057 70.13217337138185 278.1531965219598
199.37253594784977 60.12236663534499 4.958408249417038 55.7942742047168 307.7842068262444
221.68156704578092 29.419692541185345 5.598777539439393 31.186408737840424 295.56714605347116
218.74485907494906 70.40491927773654 4.119530007092288 72.1308267541832 115.09919197973879
249.99211081629957 74.77858922626245 4.9654540527717765 89.78175270533545 208.62876034964455
301.1343899981871 39.538279914071346 5.276977395218474 37.41672868408824 102.78898460960622
366.06228771018897 50.28462758930636 5.81000558709522 50.2885277343221 334.7454862835609
162.3192004924362 49.4232022785822 5.469244122386778 88.53229025570093 292.45622614426645
292.3986861451606 42.240145396766486 5.211765777639145 79.68447367631202 183.28217813694394
215.63533334980616 68.40172415347818 5.988644672803483 77.88581852757783 40.98486697401177
329.3249056860752 62.79556833930231 4.805528610866334 89.1511011401999 194.25882121652663
243.6802185304012 34.96373610143663 5.698363446291539 82.90525062197977 187.76717055025748
315.4703843445508 55.460493087626375 5.244294308564156 64.80055131858543 100.49837780764332
203.50819590790215 44.641933160893124 5.6221245801325 41.43480727904973 160.2444722328686
236.01744406003627 60.601884530263035 5.634655172290277 73.37382084187252 209.50809176965322
178.3086144176582 27.660943942189586 4.5549176263839115 48.95239223558556 292.6859637399104
264.45356866773267 68.00075703699422 4.522878527998894 48.387993426978824 358.6260451943061
241.9855069449046 43.42444582955255 5.221266671549581 85.50097816429576 20.88284840465672
329.189761813028 36.69019537659318 5.521748173317626 42.14837443035233 278.27874419225947
218.33560102778384 47.724617252918236 4.990295680793976 35.738572655245406 136.2567461011559
212.66249297279472 54.89762914896218 5.2374746090063375 46.9179701643725 327.987815472708
200.88676046831085 70.9372585973565 4.213461402644866 46.41218503136426 80.24837223236304
137.1483206901491 44.95835912355693 5.042255739849711 69.17568540443591 33.07483437791745
298.4985794833455 69.38467973348145 4.156684816756876 48.394389945393485 62.86660280555037
416.85238831244556 54.65501522063249 4.357368209753468 31.30775019173562 322.50595398545863
258.43818972836567 40.89615008813852 4.435358088175037 81.41708214891912 142.66560116657473
329.266571908675 67.10184200556789 4.536270102027755 39.46342405890239 266.28218320816524
219.12276957174686 45.1453051763243 4.416222045254294 49.7138806197645 279.5303797170562
235.23340192790292 24.9609276964964 4.895606345734994 71.05263407530434 141.13030129326725
265.0493692450012 66.89516622656917 4.7185441351179485 56.545703812865604 332.46562506586065
177.62121712557948 74.88177598306162 4.81900123413021 84.04416753094196 343.5230742581097
267.29071613786 30.382368425958433 5.628765800330561 60.32642886152904 73.70005217825573
55.21190066636797 58.92547157960117 4.695106066205375 78.60003258348883 257.41936315294424
174.9045959420614 42.95393462746949 4.744475403857733 79.76759184230843 155.06604411907372
156.44805812753444 38.27705990934777 4.444818856408809 72.60386861120494 29.354155847061673
184.35964824960178 62.11482370940152 4.698084572710398 49.79088619779846 125.64297564210419
281.5838724750432 56.951431606766995 4.896413446750754 61.4455347024585 275.0394161439586
281.4907448921684 51.264074590550585 4.497087452586697 33.27005963553334 149.53935250304656
312.15589376155964 39.31104854274722 4.791280224113779 81.3344395295025 309.49820254138
215.14270228690992 36.03484015148124 5.381650650817859 80.00291926188606 343.5347249482783
103.81334574382629 32.83140665650977 4.913101552070808 68.94255304121467 137.6105401471614
260.6965587653018 36.43328936961347 4.573158679037236 77.40973233625803 235.83499752143058
289.33462694782565 64.95187204499882 5.051828819661206 50.023543478675776 345.0893999310773
262.81208598032765 61.472889196556736 4.707117699665237 65.7245133542618 274.76375791603454
224.26685274379525 24.27401429122693 4.219311441781649 69.70383782769369 303.2426280998924
284.362649811754 31.947743525047446 4.854636486225857 81.99590895212287 160.79691527403241
193.97657476992117 56.18955173266189 5.860612843974684 78.46885296920317 156.9510982985192
108.9165781195762 42.48402803244917 5.988951069543946 54.83759456486537 293.5469046709236
278.27925490438463 50.34193758668634 5.544957060278488 33.7348721375108 67.26853266507989
237.9015654997633 53.55484529942017 4.603779336618166 48.04479626416774 129.34502356929303
239.94282983470242 60.80739702631483 4.72013939524394 87.75328227148464 331.71377392937546
286.53829988440987 58.8033336150487 4.401571349157809 43.09164201176813 32.80605373940046
233.8473354212386 36.27427576192089 5.1776284096554015 61.075886935309725 161.09529361513515
232.37165363513373 59.63628750793669 5.911106213241346 34.99910781753663 50.66553020441555
343.3222964329778 53.811833885677565 4.662244914255783 46.7419140792969 6.620147869498489
264.87578507656644 40.596854052475265 5.340760768281537 44.65816422523784 237.35803925673633
205.2703957519398 57.95918124044984 5.986245649984743 35.740950640212034 30.758878812686525
249.6929907355913 67.77771477035398 4.60778772933674 44.63802310113303 233.9817891963687
129.77621684443307 51.76787799964415 5.645128709566709 38.36054940909652 226.15349910039419
258.6437624247993 36.39819800893934 4.392974335249299 80.72288379823783 85.8212873169223
211.09058551229035 52.92329453651097 5.510029898946333 30.129286204933983 125.68152071710993
270.639796878718 50.37548749381574 4.248252350369573 53.50793614359204 74.453510863407
232.63126526185295 46.820914241607746 4.0739617689163365 73.79004771623327 231.16414020390022
210.83118030110256 54.729259502754395 4.632587044511171 63.63942375718962 220.24440911658454
163.2044323027851 17.80624538256791 4.997373870795871 60.845732271239896 226.29514331937594
251.68543212395963 45.36469360309253 5.575422307816145 30.684905403797753 196.9793135636777
139.03092723716873 65.51376721781664 5.529848390286691 55.65981526480452 259.95829214006244
272.48306489081085 56.097865607405595 4.179999758301024 43.836262383929 235.31332297205532
240.5047668466474 59.03334836195401 5.632710397450461 42.00393289998533 108.6081029150875
278.11820025774193 49.768826760641225 4.000134647363688 47.03520510091231 234.1535404154106
305.0439415037527 45.01920760760207 5.301684499777959 43.64804585677405 250.85233173527286
145.20911846437963 33.79678902634559 4.478916295092141 30.711721335259167 293.09527415657675
213.6637200661607 49.31535736971907 5.355492530697567 36.597595956356784 4.456797627046827
287.72020354375934 71.41425726004954 5.057943047751981 35.870804062200435 24.35532988929932
201.4862629541041 67.256282090613 4.6377215394154625 47.595527912988814 156.98486760199842
290.06202440784176 69.91184963259971 5.588996064627046 37.169666677921576 284.6294961504466
284.2441146200497 32.25833947609775 5.653914231516119 50.41187203179224 288.097728497625
277.60715591330086 45.529265904809975 4.550636494330803 43.00210839425755 6.924177494236465
220.0333227021747 70.0425411648084 5.768410592287873 84.31403689629465 336.7178308142602
279.5578523041555 86.07876477550303 4.940475744943027 30.24162789728308 276.275857686499
301.93653153489583 59.96873209251643 4.507017845409198 46.208588108586625 2.9593943894584918
296.3548422650374 35.73881569846895 4.136452427968397 46.670755753432125 163.60294433288436
207.54597485149114 68.42832266434878 5.699366981566431 84.71957330227988 266.7468722721947
324.84459642962594 73.50748492688322 4.460245335590004 57.40896504713529 16.58456498269736
263.1660910402903 39.971043536472976 5.252347382998876 78.55586428435299 156.78784289629365
280.1492662481287 51.75115046406055 4.50210199261889 54.70069803066377 168.9057865314004
177.2754901488066 49.817102372776496 5.533061917445824 47.744900767786326 280.0806998296877
273.6982036368438 44.993779669119846 5.754253943002354 79.7817070708169 38.551285247751814
269.5619777375168 64.46364058966687 5.572325444133626 41.68427776228626 279.08353006472777
252.80546069419452 55.28870298359686 4.931365053164224 77.43633455276876 346.79495301610586
298.03446206580827 44.10423926202673 4.650111683030843 66.6850926555102 37.33758860711976
304.84595790338534 30.093485235078216 4.119011421740581 39.208648380876674 52.47380568911406
336.54600982947204 71.57591042476221 4.021044311862173 44.138515492899 351.6412051758039
304.84948110344135 49.41464841183223 4.079154567030216 50.64185290629928 67.02721942151561
211.65856974068242 47.84521984305443 5.465802754168429 82.2039612432757 37.34683116514181
166.5412062157671 52.13792555177915 5.555342555388059 56.68624838743675 326.2279088441161
223.0139032959257 51.27950797423534 5.554179773728517 54.75514465359472 291.1687151156882
204.18988740516568 43.65189099548146 4.0665897644326945 42.5164575976186 311.7569328380938
318.6538513973478 44.574073246223385 4.674754585925534 84.17853059120412 61.83161693923517
216.48117547468388 65.10773413037464 4.670441141098044 84.10187272963718 72.63152472999825
329.1201587924898 23.35950156958074 4.37825042282625 84.63386715491109 202.37461020518268
157.21101270948606 46.43209812064789 4.63175786672862 43.33562843099839 341.4594855537823
222.5817955890036 67.61100924817316 4.906389540338592 51.88285674032991 348.98901926010547
236.9478959948811 27.10091250559777 5.379662052729792 30.389844460168323 307.66807825494004
209.9836682235067 67.3868286460035 4.101461063345466 59.28133546465244 190.57844433531574
318.69248307370736 52.50736325413327 4.002485852914701 84.95898558407714 208.9655234934162
242.8871821823754 45.85300337508552 4.536143320966789 48.71179215522171 342.07190306315727
261.19656124932203 66.62113311408585 4.657379950178219 76.59678766956594 328.69120293753264
185.78828810607496 50.739908089234234 5.646884636615802 33.99331101889908 224.8118953541737
296.0124683055543 57.04267176849152 4.401582928309393 30.55085059899881 311.37261639317563
279.8063197171176 62.01947194804587 5.032115727168348 73.71945005262864 341.6164270802634
358.6560325440653 68.6483657537431 4.2366335384706755 62.145678717693634 328.3347657741946
225.93508468122326 58.990290810699236 4.679753151522071 33.80270145656127 95.54268605367676
271.7533999164763 49.798289410536476 4.651656400105306 52.34002900206687 31.827970754099777
282.6706532171344 38.537908056523634 4.664127475247163 57.69638002213229 103.7481626561315
280.2963824974606 38.008389749978534 4.12016558998841 66.75600994546811 227.7036223168743
249.15665723233934 50.73636744752979 4.404142599900835 76.95769727826062 155.56750210384084
162.81489086705324 73.35916708264926 4.215743227567574 77.10083154897154 206.65198578021858
152.8074315780227 44.91494733724497 4.661913599035545 76.33366536326076 12.03859836293141
316.004068996819 43.65842633366317 5.040859359815993 49.02042001680084 101.52216238137808
260.19269637959405 40.44415202534137 4.500353637418713 67.90596120213928 228.28410151906547
225.77309571286403 48.85735187145963 4.191640762504827 65.26779971298375 17.999313554533266
163.2902580514937 52.81452422013997 4.9814500424824075 37.221389607898395 266.67310937918256
235.53357958295481 64.50613012024601 4.597461577531604 53.55613971962349 98.26907005310633
210.3309364991023 46.007122591821954 4.702804651754439 62.14753651942117 134.46685893703884
325.970200865971 42.224570273426046 5.271960446043997 60.20208656215874 158.23043429001825
168.72957488474856 63.5603347686031 5.723176090695993 81.00311251269204 102.23043120115074
202.59840158771925 50.83756936503813 5.691875239863798 83.9425607753933 289.9286168190012
276.9704956055939 46.1276714040337 4.059269762493326 71.08088420908271 206.83415688339696
255.8048013835053 57.017510888471705 4.48856920923302 59.107904023678 99.3934324622446
185.55621346487226 57.58586485862113 4.94313976352986 39.95724184710783 44.1626856341048
252.27591491174417 55.9569479998203 4.107193106266331 38.324166909335645 98.83999455154164
185.31344103366666 33.12348528592512 4.265810138704384 70.10312963581877 131.10985321552351
233.04864452390277 40.89492514512636 5.67922351765807 56.45291836583737 189.69225228935755
198.9794428591886 68.74699570160644 4.107860508735017 39.60038822116655 244.1042401925229
181.70367530177367 44.8738036878628 4.591035902042634 78.60112132257927 43.22807581576781
247.9723797570266 41.27838640989132 5.637762005846529 37.73736462557463 192.94549541091237
282.5797893009997 50.85030022479978 5.045842013419776 34.476944129816154 168.54410872120985
286.5675432064333 54.025558933743724 4.765967221441837 70.60701573011536 115.42653920790659
237.5247857670351 48.055242146282794 5.646648284046957 32.54766628161076 38.350334111851865
124.12094782619242 53.12695951923904 5.255660959405885 47.44654507943362 1.983585989722787
288.33821787865634 62.79022543062363 4.918003170559007 83.4787571845861 142.80549609634537
230.07551559169715 52.84294104212491 4.144437382875095 59.41391736673155 302.99522883901017
318.6478133905394 40.466109004671594 4.3845971489087745 50.991554872983585 66.7963245105395
268.17518294770707 53.15634315681209 4.615997890559578 37.055251761688304 207.50665992061968
284.0721754568634 49.34376675256264 5.89189503741536 67.05131111844173 138.97257698937688
217.21153627618915 67.37762390901224 5.324526728303129 66.32726616478452 64.87501719951516
295.1622582842083 55.00109363591863 4.250806780252466 79.35564175188671 9.327718719930122
345.92126371382017 35.02321526122807 4.720216452553097 53.33728615508794 134.53069622340286
248.52959928708538 60.76745355582371 5.884084633812626 84.29111927732936 359.638673105953
263.07183077384553 50.22751100197556 5.412246130486118 59.77421194870821 218.76653965691105
236.91319126037973 60.83657204035004 4.2220567687595425 34.405748552677764 6.748247007006731
150.72429427619338 56.26113783910121 5.951378952833005 71.33882494705313 134.86560013675134
224.85799766976345 11.936422295564967 4.3211153494299825 42.238025226910416 307.2175251558049
197.25342650992806 44.01751891492104 4.690506644598713 74.54020222220132 192.24888559163963
323.0843842155234 56.947191845628346 4.147958378494828 62.96690469713158 23.644843342022597
155.8539468633455 66.24914737748055 4.316442583562478 39.39353151939434 204.5795529854032
227.93214965305572 55.36431371335485 4.6800813052007175 37.407059438625666 73.91826760373145
255.0421393742363 29.895319823095168 5.124820596002196 80.40743721285315 213.44021172986433
246.499412458854 42.61454810078368 5.318816531760523 79.66299377590101 266.44238197427325
311.01414177293 39.00081445424698 4.673102849707737 81.54778079923557 147.4680415466167
265.08732180552465 37.98963568437547 4.9019682410935035 55.25453202900306 94.18403777014716
214.41304431397586 36.596506249923266 5.791710868715372 85.55909210855233 247.47809682457003
194.31988573737803 59.5098147289314 4.051674296376559 55.40285254168524 171.06631244677
296.66360433778254 98.95348726472113 5.413678005581567 79.25084121044519 143.54243847592429
248.44544598018598 65.9870820781302 4.818691110976935 30.776011047577995 274.2830975334847
314.32790254648097 49.7737564363645 5.808747176771638 76.43812993449033 84.26030704140595
265.8472189946452 41.73815274311285 5.11222823018852 57.37879502491304 99.60901199873928
193.13044710216715 39.19310032177373 5.744523214449867 33.6766083533627 292.21710484257846
239.32826652812773 67.92499762994693 4.666398960027608 32.16428387033677 173.4676108134639
241.89052288220586 79.34523360373913 4.167393645584996 72.44878378061912 334.17575204400134
327.65802374699075 70.96727342970229 5.128193276950241 44.76152840284928 30.747004694256255
232.15532738368657 67.33183779847879 4.1779784155367405 58.930168901811534 301.7880821303493
305.45576300822546 35.99005985615007 5.00175890519919 32.560853827081154 252.0920356319995
301.4069160006298 54.51578729761035 4.5046169132128355 89.96297755835599 351.0943341542565
258.0312878834603 35.91224112282415 5.800085800970669 62.068397931743 115.25805355586455
233.66904606916103 57.320579053937585 5.144870203956344 34.654225044823505 229.96034106042782
294.91509381043335 66.77135744490809 5.8945711080665575 82.41503355230579 124.30950099090862
300.85793502555975 24.234360983424377 5.296470357567469 85.54319637121014 315.6736367060517
194.3110687742215 62.265493572645525 4.678285566669356 64.3498356541914 115.8385176919798
166.97884032600484 51.63073281850523 5.739103494407008 74.18709550572078 44.59481618957938
330.02946694325345 3.080999644197128 4.1392069524068855 66.82012301335165 176.44110397207123
254.97093765090426 92.89574900577384 4.2166355512037 83.11750632067992 197.07936200110487
264.1781963081774 51.200015863619285 5.55062629140644 74.88190794935035 139.52295143847766
238.8519291157182 28.15377989157904 4.521893676710504 81.435761959586 209.51045079148167
253.09421725764344 30.93817915778912 5.409004765899131 48.42666466928938 36.83970625444302
350.5800400704652 73.17740098822911 5.475166938319231 84.04168162378369 267.50544134284485
232.89060113414047 48.491356818466684 5.072656590768115 76.97077612362912 301.35962642185734
285.46525075762156 25.28556117342895 5.0417071222805205 36.014122583807634 227.09042061908139
183.40193599640025 45.098531653590946 5.771895842885151 77.13820322769863 169.04632244101174
193.54395734704602 48.915012374616694 4.837452909873889 52.55757140602715 191.41898722278327
284.21577685473443 53.361698813200356 5.173102287398234 76.76787648764792 29.596884743349147
170.9000668494386 65.78678928906123 4.266991513511028 81.95834586298 127.60596791566469
152.49011791903183 38.287056844809776 5.792176220262017 32.775475316556886 187.2637307655537
183.39270365513005 61.347388594828196 4.7206699916001185 42.10610737333905 290.2440488540357
164.05277847587587 39.97654417695627 5.979953396156123 63.66260500675639 355.48726427620335
308.216040801752 70.86306483689127 4.482294784851832 60.46792951443642 324.5851557533937
245.1648212118892 36.59547201649493 4.562478942266885 36.250405998332106 121.64854818364546
257.0717834241008 48.803007060768614 5.274774623954335 40.277512910641676 233.23746467011986
348.90073807465853 65.71697656419457 5.537987775315775 78.86222893114686 324.91746947723175
270.5950467493406 58.06331476200357 4.364386375508925 81.63278922025954 96.21809844883796
210.28814835742875 10.445009778224914 4.4416424587654255 38.52176147831442 190.64953024785936
370.03082368219714 47.666867657616294 4.6773407177005915 41.88055646137647 246.5990189031123
210.89975845367 46.14350658827917 4.42643598568998 61.18675109591078 224.42408100620216
202.1590468838851 69.49656296343173 4.933509770887395 53.993444944930005 164.70404786607986
257.94298067730733 57.86912996534818 4.018312232976434 34.709784505968116 268.5965068289754
211.71186657857456 63.61117701737174 5.006318562428772 30.686855912667347 165.3971403654829
290.86273256141834 62.62180089644633 5.535880727372246 31.899402920012232 70.75632657489187
254.26130720513675 41.406252227500474 4.86591217497974 44.043025437994224 268.6100566424445
295.4640572299258 28.262027766932857 4.876751995556799 53.227589544198224 208.97073997761112
255.24657602594613 52.12303408514456 5.002054595331478 80.85550072159549 76.6806159151358
236.3798678314849 30.461887430551645 5.726376390390226 87.56139942875818 330.9989550925733
198.0769009177538 41.749844458353834 5.257310959730264 40.41662977218084 97.72475706270832
296.79948331984417 40.33948620253659 5.110482425748294 36.64258405399207 97.26432494916853
271.29897917586703 36.282432239581645 5.789678530705776 38.8674376434855 157.1856065108722
243.5440329984026 46.173977760231516 4.864164038910657 71.44259500413473 39.3695796909305
350.3274487002997 76.5032581998892 4.342973925894617 49.52519562221992 285.5550272379255
243.71651909625575 57.02467189558524 5.2110058932579495 62.21163510906282 42.06253040000254
241.5044817904333 36.79241610534817 4.205229489524686 55.99833940081855 355.3365836743953
164.47166550222352 49.00618926846033 4.822247499157589 89.93760328532089 77.15666236344236
188.8645272836966 12.706350106055105 5.908604945760899 30.777833355850156 11.527272404851171
236.49044416384814 25.382434243252042 5.953015690462994 85.6391787076964 108.9597672522518
380.4669625401308 37.89391634202245 4.7536576027595165 49.93282083804603 204.7786615121826
253.49180657418873 45.99456872936855 4.430488092577251 70.72995410067367 223.86572397756115
206.3326427200269 79.43204497663123 5.167242473234844 50.298245093035405 233.1191416115319
304.79852034703697 46.53040259064465 5.204129993038543 31.587940400477756 299.14630258986153
217.4361875079263 34.57742775588588 5.424105012555525 42.072165675123046 325.4679137769043
259.90480147685696 44.58468921177695 4.073764596865098 64.11479447403158 30.49294157645992
143.37120422695057 54.48098498222916 4.730894389914197 52.17759383257566 207.56164296327512
286.2466651438931 59.018118671570335 5.206329661016119 78.82738500376126 232.97944235961467
183.64885002090406 35.027010639072465 4.59763373516121 84.41187849360614 348.3854490089422
228.53339540560384 82.0300319179518 5.662136950309451 67.93363104054747 9.946975807695937
72.21121329830646 22.54660532963886 4.971647455189106 75.81790421210223 53.41554038559457
280.9012322849176 38.33712274702857 5.80792202454617 36.63550638081158 218.57947466732654
207.42213413752302 67.24222022181742 4.104835078278168 36.56463944979783 91.22986189818948
216.6316438286633 50.884557824451576 4.034842032711362 89.99258163451545 44.991225845404436
237.56266610301142 50.96077347121449 5.545506015721897 66.80677508079745 44.240062127960954
352.100695835018 7.210209214729296 4.368990810142895 42.175029549549784 306.46723163168053
199.99965327407028 53.20395913016618 5.125520143559906 79.57843101946028 54.98194739204665
322.5373991395044 57.83629570334269 4.510340896772185 89.6285400686854 160.68046687144616
320.3967870811954 66.04995852290561 4.143230369707121 57.025943502207554 199.7360255768659
266.8504727983572 24.919545248033305 5.619935337712824 66.04555085767973 113.48663844230298
241.04398469186597 40.86402372083273 5.069956640797692 38.648847537465954 65.02448863559515
190.4972054132597 64.4501951020153 4.257527239554654 42.255693427742486 56.11728867493908
237.72017846670016 58.22018574611146 4.635959588637541 67.33290181689074 64.15949509766125
313.09019163294505 65.77461535437942 4.62184054926887 55.06863414426182 202.73224512597824
272.1387526758882 56.30274372870038 4.8408829594241665 71.64879373795043 345.53909528589617
217.9494676355319 46.337465818284485 4.438597677896818 67.2677098440434 79.45536846550729
280.57443558644474 44.96173119982651 5.699420727019844 73.16655571064024 297.4662380653372
210.2652503663541 7.788497621419047 5.1590623172103935 67.59333300341565 310.9282918007494
310.30161724498225 69.60949964240916 4.947796632376024 84.59801822711867 212.19096011009213
291.03863831391993 60.958328017971766 5.661974839037536 70.58896304677482 300.42804934387846
201.72656027166403 40.01151213377935 4.729041370618928 49.81456167936901 91.56112127907973
239.2534162439007 56.09938223103271 4.38855118073364 67.21509211227362 160.6823848073905
312.89321841719476 62.80173375824288 5.829778304876567 38.7691277892808 95.65178616826294
170.59045175428136 44.34506830069928 5.184065113453034 78.4611008148351 106.28245156061257
208.64075944225726 47.23911783535074 4.399297353315015 39.841757924784055 222.19093050936814
206.63107480077107 52.30061294842705 4.377079355685474 35.7814171915815 62.26341805996327
266.0967692304533 82.0569015464691 4.440380255408 57.07596731508905 287.29979120949963
295.2130565377465 59.01862195057627 4.511523366146012 78.71919884881052 319.8507729895887
204.45595684306556 57.526867213272176 4.5741443573007174 60.31577467387682 276.43287539569735
156.85237185683857 41.22994996517528 4.27667596642898 45.91323390238969 158.03000953165
330.20009182256234 61.25735372538276 5.65787197398481 39.71445016525213 348.47504174417656
235.69183751458735 24.90292129426789 4.5810875912206654 79.85477679678222 332.59202094502945
268.76115347440225 40.30374227854638 4.441397454649208 31.977680249757977 176.3953117236696
168.83020031431533 48.919624852197046 5.3202166700635 77.0012430235652 352.36217949672243
300.82147451800006 53.93380141718508 5.406402449649784 60.72515199844172 185.9574410016929
346.2175016767078 67.92260181372237 4.531937064890871 46.58085676424653 160.7889718246846
245.7843041388899 71.45857678568723 4.722436927086983 46.392174248819984 271.6612222436685
161.73646997317869 32.836035826582474 4.563253918657693 66.74212926827937 140.92571486663445
251.82146781788964 48.37975901219816 4.508403664626297 38.22120084182272 328.87347654775033
274.2186862436897 55.227219883020716 5.235918570348855 53.40727320815261 109.68677462683559
273.142835498847 53.48614417658166 5.599636445058301 50.37362208656678 36.16890658215204
246.45760297932065 67.11209412340527 4.354814643337411 42.75988294694207 225.32495604231644
279.41200011683924 62.39929772708105 4.2358255554253805 71.4742110429117 346.02731713588344
278.89063383597284 58.00742753270253 4.213874946028549 54.90234721352179 68.2111489613325
180.21986762031892 74.09281728545866 4.6074238337229305 39.62089724510838 99.63865006048923
225.92875959130433 32.873525599973775 4.889033532551042 35.71301380202263 132.6766766749791
183.5643543493519 45.297392538607 4.28755848735396 77.87522407671574 257.6904679943871
227.66569595366582 40.33639702242276 4.341702123010195 62.86007258816744 356.0055884837574
314.1078396098037 52.92249980046753 4.1489002985813475 35.505740285418135 129.31806571251167
148.8225537255347 52.59171292772888 4.871129842020415 76.51886104417011 94.36395075077168
171.34499301346864 42.74080874951011 5.4926650983016385 41.986856449997816 62.17361217158866
308.15786253024186 48.72933989429509 4.837650199259069 86.5098827997316 104.8787690583828
253.96227694543634 60.93325954926474 4.528460918355853 70.34605068270547 234.7327840916762
279.0384005740395 63.26283933957761 4.325376766205674 65.93171619330211 54.205638577782125
282.3079283499022 58.44594047200127 4.923808038106889 47.47703993727328 235.04316313275064
292.150425198565 54.47964530042156 5.422775686640694 32.199044604694954 58.35465664390065
262.58087178752646 57.037496416884345 5.431873056630742 47.25725691819139 296.293437616326
276.4274139876926 76.30764023219979 5.879352853614039 74.69190232335683 33.50369764045543
381.94710774906775 77.88089929703075 4.302527088486491 40.674001740866196 307.6340796153487
145.2789787445975 36.78183484595022 5.259342046510241 53.64572767096878 135.86961067768684
179.71816772203084 60.4945054017425 4.638786444464401 70.81162178205612 318.0237421138173
236.45221752205018 77.23020932594885 4.477906102069899 86.81845655180776 258.9069305321147
273.87769023453524 48.634952697554986 5.587783895304027 31.80629665238916 31.549653170461447
239.3154332266228 47.012543960973986 5.297356623739562 32.903714239154354 52.262151200907084
202.6654496506857 51.219014544775625 5.418662993859502 64.24705407395858 295.3386528165185
92.9851199632493 62.18478727546125 4.411900483323443 37.3485008418163 218.75660500246508
264.865679701111 60.71998194120337 4.46145826870252 76.6909943168437 107.12808409191109
249.03607784182725 85.43973190958653 5.997322577402767 35.597723974979374 348.5527745942522
207.96879727489898 38.34753495716298 5.539631668462633 37.8537273462815 330.7156951900415
309.50609014206407 47.75558908095723 4.790957649769106 38.931894400564545 274.55565496850096
244.08787465772429 45.32847642937173 5.059245872867932 37.70725616087475 36.39447116278512
237.40897642125177 35.24592067353222 4.047674955234754 81.78127212797195 256.61264131002605
291.25521430959196 34.65091724099827 5.110787943092527 71.42852777532346 23.26637978004927
263.3217464527924 53.45240676355059 4.14604485670252 59.1701675004923 336.42992073795955
259.1461170933673 66.68675958299735 5.7426727186917645 58.34183746119146 74.80622386678002
224.6950670682662 35.81580293217689 5.658261115441401 65.93697552258595 48.171602188324115
181.5333678970091 65.30038958308045 5.581972908607982 81.3240478915753 222.62904352175525
296.17463084250005 34.76063114642719 5.716902185127068 42.4442971247849 174.92642503886907
149.34737036765733 86.00731732101393 5.967707219164636 60.41721104968206 101.13877344257037
275.2104398418748 59.42857824239536 4.286615177312627 86.1821500683426 27.7175720612947
254.42976093615184 44.826139139007225 4.141084668280642 39.630590324185675 273.268139010352
341.8593509551064 55.95358910892486 5.160942280385156 46.20623734630427 266.2202072202853
263.97410795833247 57.8205240221412 4.377716682237497 47.31225737199767 181.14756242165018
287.55323311219286 63.83284816613604 5.241668760334923 83.66055737694396 119.19077011742145
329.9348264631449 54.55131242307387 4.477487620711482 59.416352039421554 202.17939866046038
241.629168230297 45.02254502364424 5.91439671304385 62.314710613200184 93.77774582358745
282.0033030116304 26.23223602890515 4.133279942772793 30.05968301916402 308.181362862914
277.2411457147436 69.5510432528571 4.509928827363113 48.39408237316135 227.97802440085331
296.7055993674604 52.452541976184065 4.421102800945438 75.71267305812893 161.16404846841917
316.3922867688396 38.84669188297803 4.243123379405047 38.976118231129604 116.75173638393566
208.58865235990484 51.09107364185495 5.188634562922928 86.15351643709951 142.71101674506082
263.8693306031744 45.95646357166987 4.362045312263403 77.53613461432816 232.5637751632777
364.1260287654395 30.509260632249322 5.320277354226999 77.06796594579997 24.2496344220042
276.74760199275266 60.94581299355469 4.13962962617882 48.20699795908939 323.8583828149505
210.0318208793223 56.25963322640222 4.734301814318198 33.224306880249316 222.77684737558496
275.29539812527815 43.404005790560255 5.823081558304921 56.011498881654816 294.2960162634535
270.8057642343231 54.395888648386496 5.187546843265747 77.00563626039832 41.49873383114169
286.87411284699385 39.043986599466216 5.654508182824303 57.464844124189675 301.21495422700264
167.16059174860715 49.433785602609184 4.3476982674369395 31.43881964721109 118.64688807781866
158.06622722020262 56.06432371340571 5.927691298001302 47.94535584427042 329.0770888627618
166.96625874062735 57.489255296798675 5.620919605479479 78.60807048222246 22.3612433646301
207.1670245669322 53.314489975984586 4.994620899710069 42.199631981273285 213.59203114907632
214.87776804227204 35.39386290597268 5.5283089256414675 79.55524798553728 117.51722880934416
300.0071402641457 38.49025921189511 5.831795925006176 80.07714035924319 241.39055814055902
257.15828046364055 35.39751290183479 5.29932864572121 38.7104207703073 104.88968135195616
363.73544413564014 52.17193018114847 4.777008108306937 78.55882073800616 270.76128863650047
301.54930078566 27.327731023098348 4.24126249992008 80.01421938148071 207.8749674405375
239.95910116728626 58.52572505972475 4.315247558034619 85.52290160550223 158.92724141528308
241.07899080840974 75.43016359627244 4.4544111882892405 80.82469658998585 241.551253126553
160.60022365674706 59.144230331521804 4.196641183880274 62.33410340897828 284.0963321783816
238.398057735943 58.690700000897095 5.852914386959459 78.2700396648317 188.18300884109826
426.4101245980497 73.73994393545618 5.985353060919745 37.792761315660584 345.1747956667398
349.9622638070307 44.064925279638445 5.136792625647412 77.92635206035312 58.03431779437783
268.602548883764 43.18392093178497 5.54777677392158 51.46862005917255 13.310554329371831
86.22442239779465 41.9793247225405 4.4143087673062364 50.76586501462 210.83534920433848
288.0938113557282 53.75651747471797 4.579024861260901 40.88806797767286 107.68702059843793
255.36119876140884 29.632187261733883 5.323566107327784 87.62229839324065 238.3610172684886
212.60663834190206 30.278627082868443 5.532810921675928 65.04883451415202 199.1927091069259
236.26538884065903 48.23007775142922 4.633157833049787 44.53072388287126 349.8702920964461
218.20971587464774 24.581103373064558 5.161716013270547 51.59580069306308 341.3503853935348
230.06923719177203 25.68837523762859 4.954676268728497 32.980962172284414 337.7820066905752
350.9133251017029 42.05529995278122 5.099173569663964 51.68572798439624 235.42723150076452
303.14385891582253 53.3241474875937 5.07224005840326 59.32548872174789 129.71827506149071
290.992820594306 41.20022558111201 4.734186021311502 74.76574183245015 148.81711223962895
265.82422900030804 52.177352951015536 4.839429347468084 62.44178119778368 44.342987395365235
238.29717897819933 70.1995018175733 4.163942980820952 64.54546048216974 71.06314606485321
198.67752983106845 34.73625041652306 5.121886483031778 30.58915531471976 52.29994386825649
310.4930462677934 60.95411240268051 4.783536320489879 71.39890020530194 64.37543365127436
282.3579667373589 60.760269785822295 5.0403687311246905 71.73318261090647 0.6772158912640247
252.74022075007707 63.13771784824965 5.517500978210382 89.02008153648862 114.92178345949252
257.53454698864283 56.78000260022077 4.116489120580755 78.135998517008 171.07923016993198
180.05279460740087 63.3820148239599 5.652843085392999 32.793670862751384 332.87941357296756
289.8305224241592 30.16878841902982 5.8202706224473 49.614851891233414 359.4918375290367
231.20521147956265 86.63371178555289 5.441690836402436 82.13436338713018 74.21016508529311
164.10693782976415 31.112490015261816 4.59973097936058 71.628352503609 163.21517778368494
298.2609085317858 83.38891951484834 5.254107360193274 81.78912798131466 301.9622170876806
242.6477287510641 35.007956994921344 5.529029443510711 37.52181963245575 199.38018781615546
457.22103098806247 46.718735315435595 5.134579175061286 60.265309248489885 241.8334266349287
209.5801492193007 54.091984192230804 5.1905029077559055 89.29905962030136 184.7455092222984
333.4347950985574 57.73388484021146 5.612132054786013 44.31287632004951 193.6082092365304
357.1593752589656 72.5561256789307 5.9107189745642215 70.82456931853099 132.0062111209744
286.5874558182507 16.240857514257804 4.903065063152607 33.60632329785423 270.3763372544602
275.63876298991335 99.05450011877886 5.761238792066859 31.22176568442899 58.77369259907523
267.78772379408053 37.43083420990153 4.0023261557050205 30.983806516309343 210.26094772851238
190.740671405281 32.94951819703491 4.227129907251534 76.4311556385975 287.3712144853218
213.0510463071953 45.215116864218714 4.266219746952435 52.03852594275577 95.45036534932949
217.39564127271484 59.47964481584779 4.7126650655630975 32.626521330113036 2.92060027722711
237.33674434571387 77.07116065521504 5.033327692997188 79.43810042263124 300.9955726675223
257.5848006152397 15.89619617046241 5.322601836595701 37.84397153615731 210.78717468039352
374.0970608093453 23.928056686706526 5.606380218408303 37.677172721889754 117.07942424798368
291.4663850761223 23.968761990086016 5.0137270280508055 86.3323435965537 69.84079514396053
183.08525629759458 66.27160720959819 5.925726647885263 73.33979409003308 324.88579310244586
229.95039105723902 51.68861355257619 5.295980628694979 64.54557336072861 323.34494798244856
199.50647176301578 29.93453639013576 4.811661835175341 74.34155928337124 15.023966430645487
270.56178020157 53.823697803284176 4.372719846962093 86.31758882520265 73.39251022624421
230.61250985217177 37.674885841501464 5.45106071678979 53.70515558725006 281.54709413751965
295.6219997322341 41.93480162959277 5.799050803660066 57.72466064825282 247.0798281147943
333.9598077215083 48.65168207302013 5.472695038684774 83.55232383101878 102.41959649477452
136.52533253138583 30.786395198894287 5.415417535771019 86.77327110437132 83.08956690280283
244.61210739920705 30.726103250413626 5.520646612001096 52.21312625539207 132.9394545085919
362.42251082297014 16.798609715844442 4.1468058006622766 48.86505772151042 76.70082429045482
285.8488076135678 27.798266009759796 5.62803190193447 60.39048838598245 71.83302821689715
317.0558076171035 36.3238399392642 4.06825921986238 32.68359036761526 70.75237168737556
317.9618710275592 50.74238361611187 5.251700328420032 44.59205358897111 315.8643652405713
186.14464983201367 42.19061193098414 5.403436012578235 81.60720469367189 231.66420672034482
279.48918956363264 53.77731911554913 5.796808492821109 50.65803992342109 118.81477321949112
347.51295438357454 51.93709351235193 4.479416994503162 59.052245197057545 305.8144388360419
150.78058080975796 45.60362192297114 4.4885911518917805 44.96585359270412 141.19254883755863
238.7113504968796 44.963218294415974 4.398928884110164 30.553472505348466 205.53596945964262
229.3897534331472 57.97596551516011 4.093891245946841 83.26037409858634 220.25434275964008
274.2073638705884 50.032530291142564 4.757836157687089 76.34224067088678 99.52958126261632
148.24682768377585 70.66495328753469 5.219963832961624 79.21079208345185 253.7102969364494
229.98907937378053 46.148988355439556 4.234692851675469 83.32524309861137 144.00171302457528
234.839614549119 30.183470199432083 4.591873586454001 68.58632995372179 78.32054938037398
280.93909519071843 72.94160543536212 5.570103701317237 59.521182196598446 213.3644223659329
341.14223924142533 67.22290734405297 5.107854548838149 86.91698188581591 105.57396559621992
221.12705797174138 54.86796257351269 5.252630283435347 74.1914725361967 208.54679211268285
221.87699241953186 26.757355738790665 4.775932390905657 34.89204648521974 75.49590694327559
268.81123585985773 55.24995578459139 5.207266097971539 37.30324509444742 193.1496024203028
272.30412615453025 73.40059056739543 5.432816790783985 47.46666720872402 296.71362317776726
216.6816046436498 77.23342362752226 4.670602079010624 48.97517259820367 279.7434092200666
323.5999212620303 27.370710184601023 4.931692220736331 80.30034965601752 82.19070915595691
337.58506954200664 50.04368787756578 4.1184845943145625 56.75320184089398 68.10217069190296
304.1330909067729 17.919283760856644 4.159463829519981 86.03438354890928 297.12857061092006
84.46406128359757 64.38644769888722 4.128240909144789 61.705920331208546 82.24551591160903
273.30827496234036 55.42218647564376 4.612887564042783 68.00781795021602 355.64895182343196
222.30756916278958 71.83001043377158 5.105679723832569 36.36715481582941 22.620905562870277
105.80537477010992 56.836766979699284 5.539725314956146 69.98198657147711 88.86883620242344
308.50951866172016 60.46034622725316 4.240586818656114 33.62328181328582 233.0063842517233
311.20778788655826 43.26816854826316 4.954752925551525 66.64716350419314 67.33482586614271
248.29248373530547 33.99250380614748 4.38308435938374 58.068802975656155 128.7951746872964
236.2317411471429 53.3867152461255 4.696505785767962 55.16454309784949 169.59844147032126
243.444461286843 54.97647550496572 5.923033402507981 44.647708608782345 104.89788549542598
214.7103437441981 44.15137242884513 4.5307115358011085 56.48302642700243 195.7150788459464
285.38833919621175 27.69857076970461 5.5278890385025425 45.259313618368324 98.85702029070895
223.70137188814036 50.10633976598653 4.968323680519729 45.08107234554595 344.9877419053394
236.6679049645354 75.4134541866589 5.7295889882303745 76.32221183276953 359.8243787748172
277.9843397254773 66.09877968713914 4.694074457215736 65.22476221049394 22.32904185846593
288.69154670057014 50.37465364210454 4.982929071231933 50.13306802827074 319.3453936060617
226.10779231546593 53.99731258461402 5.445900557174238 83.59701845890999 43.783794288112745
231.7877202075449 46.11295475242214 4.7374737281298795 63.489828562259284 98.58835583989502
219.8447153333004 42.02576458392194 5.903101516310984 64.72024443556273 111.26478222024308
120.72159186182233 55.02282831248394 4.219629366223559 68.92079437606412 82.54022874899108
234.27240204904805 65.91736908952717 4.094559317339033 54.1334077769655 77.25896988384801
352.87822731444567 62.43316773969885 5.614586705056269 79.60861143485856 279.17901883905176
171.98464516223873 35.44806124309546 5.396917513052502 31.650204758815303 155.63631098610122
315.9461418566206 44.20785631328598 5.929187184526227 58.54579266890822 335.7634558720819
197.84775847919576 69.49272748611156 4.131683702983294 84.76050013122482 353.84011675849524
193.2528395813723 43.55996575511938 4.422395758426825 57.61759108927428 330.8189046707859
262.66765911619706 14.19449222371734 4.771416245571306 51.57306692620017 319.3834610362147
265.87177953889534 61.535744576554535 5.6822400096549766 42.37819403648584 345.43286165713573
196.2255719690851 46.46345077339936 5.9163778319309515 79.55182084660876 210.07159170198213
215.14247088798402 47.93470391903696 4.435316133118052 74.65388530817602 218.01788711338722
181.0624104034404 14.607738316843367 5.498426941884336 86.27574793420123 128.69237155202484
262.78125778711967 42.17643298218013 4.382030400407193 46.34641225373558 260.2937543195836
292.024627472993 34.974142782793486 5.508859919030639 31.847335243653102 290.66740691038694
252.9606081389094 51.510655215209326 4.798660766182627 84.68285206388856 187.04787175947342
187.49713833162846 58.03585014958642 5.238057107139893 49.36631237262133 54.561417657334005
192.2832390116495 40.77792751503522 4.533345764956097 39.614157020191165 57.042755412084
322.14683975103276 50.70200405372962 4.270010651523425 84.74256777250264 343.2591900146485
214.94474045812285 53.570384446529054 5.2007600781495515 48.239875742852774 296.6655974344535
208.50482856087592 36.50180340419337 5.91326740318044 84.39986587262644 156.51369747717172
357.05843486800177 43.47326635645724 4.859276583459489 46.355598656737556 41.59668112789453
326.5215262725366 47.87231158377684 5.39689031124988 88.16339002874544 287.548078130817
165.54296031250618 36.23233616809008 4.900865417742574 62.99413319528545 195.57492986345147
319.1288163162067 71.23489146683747 5.947373864169725 33.559562101915795 7.183852101786465
247.78909987019273 39.69498124832192 5.120101890586668 86.86050880155528 280.5488667337681
148.00191385861035 50.339229080009495 5.127927771832346 80.30419445661835 353.9205884233248
208.77415358332496 75.32027753200717 4.432965347613552 82.73137749374436 141.03425437920566
264.14829298400235 58.43603495610539 5.809314481375997 43.02000158191621 28.483676791531526
277.60887306081423 32.70905266711139 4.123377299105114 37.27539416761606 249.89422757725245
240.05136735656896 56.96107414710559 4.501875859975012 54.00013250664592 283.18957738494834
327.3821556535993 55.46015850680531 5.0966596316796124 65.61449984195926 116.17849189890931
352.57574527039 73.7022865521628 4.068156789613244 33.60085936044248 22.277249702617002
212.52703685611644 87.97725264737096 4.861565103516096 87.73587271872412 131.89338062059875
121.0358567871919 42.68903921930942 4.017517739869643 55.772059568868556 256.97346400486015
288.34975559896685 48.2639561751014 4.949752002468898 75.21735981344037 218.0394073182594
265.35844684586783 16.24403609678312 4.527464044189452 32.173948934565004 111.9732517949816
212.85108809827892 33.504375796511724 5.473313025672656 48.46977528477427 125.9852394664883
313.5426012859416 67.81393312184456 4.316499955133984 86.82580845458477 187.32805994426653
193.8655540011613 56.40720336817504 4.433237373949794 49.83908330186495 293.911871002454
154.7120516812805 81.44258495815114 5.691778817611415 30.517486397674812 126.16834073785043
383.6398456622286 46.34374528632319 5.296753034971233 82.64963702543642 65.94663799506391
325.47609861717194 24.934766424786808 5.099558172836326 31.205377256540096 114.59714089791352
200.53242421042523 81.77249189269993 5.987876383374857 56.99275199485416 260.627899426024
243.1845442949583 41.43573299453586 5.811622253784584 73.91673167022417 211.45228339784578
192.52898516815569 52.85823274850399 5.667957433916417 33.34750548126183 193.0364916284784
115.31674856663349 50.278611424922985 5.886792174624383 46.59257680857615 64.04936871605162
311.3060800136702 29.52370399822222 4.062563050772262 80.7241156529816 249.46429153903068
261.55412272120736 83.17388640683254 4.060049145163025 41.790666548001205 78.7119354442626
234.1622630306156 55.33522969027783 5.3149547641171315 59.8941680312069 163.6510390992578
164.13989794217954 56.2382529260569 5.945538184453989 77.91367345369567 74.72077347756557
236.83102833283348 56.88985069658955 4.76821111273507 49.552693690182565 318.82371305744385
273.82490638929073 42.84499804012417 5.012938647074755 66.97985779205209 165.74787667018427
287.8363184828885 63.77878260350624 4.2074746078026095 86.26916217309541 230.05598235475904
201.70629049979362 51.62703300488392 4.734775426008066 52.956497689543625 157.98350859975645
233.66506498039706 53.08096554845475 4.096895333454517 82.33934723039823 87.49320450578419
335.5242297700868 54.22328154381433 5.536841449154936 89.06108411154747 298.7438426100611
293.8400524914483 36.77967341374773 5.544854638283203 50.84711533197736 104.05015514311887
251.42343334385637 41.66827760283441 4.552896511526886 52.61951243766913 348.71323091368424
260.6541672098137 67.68676512542442 4.1045040297364235 88.27109785236092 343.1981770987482
284.72641310394215 43.79328808829027 4.432345066545167 70.15981812987123 36.10597034294108
295.4965547725991 35.931787352578425 5.199310316214461 32.90020277928415 55.95452265230042
235.5759165248665 63.689205854280445 5.7260601288328665 56.20722623647778 258.52894711188765
277.7356084085893 51.15924204475982 5.746171776752776 85.41573671908208 314.33391687601556
273.5252173253558 31.11948321702546 5.737559027017277 59.21208466023681 260.41512956259936
180.79885401306015 47.554135048276216 5.379032072634974 56.70571257732014 35.109432252962335
270.623990590269 55.33891892590614 5.637236667384577 64.35438805422223 308.4308299527711
243.1954396423348 52.446715589846676 5.157278559430605 39.93542711876853 57.170731579336184
272.4288489167202 35.231819520079014 4.465462753582388 32.4827105835693 347.71236023472727
267.1268872387952 32.73123758176537 4.535341075282968 78.93195376186951 223.10199163953396
288.7802432527933 51.012227882523874 4.171446469933426 78.70430499181352 147.26290756513157
213.3668796493084 54.285753909669914 5.088816050087031 35.060276348846045 66.493028566113
261.4253679433388 32.047229225595345 4.730499385334353 84.37743918242253 268.0639827083541
242.78129073842703 40.57253481713823 4.61040020845615 89.17492290554489 207.23456733717052
378.7348727268698 59.198664640036064 5.740582363654305 68.38463134110454 292.7792947740948
283.35907731066857 60.48146012114168 4.934438501193796 55.30953818883249 244.546472995119
264.2732427328237 28.46742223434043 4.713939715134711 53.191858372654266 57.32942447864942
128.83706475402897 62.40627657584266 5.6067425729311156 77.09239871117992 169.28447516170792
221.26125217935586 31.13113805408744 5.951598274908851 38.61692366785075 83.69399945436663
228.70055592169618 61.86027645473712 5.3275304428460295 37.20982831259484 321.33171070949123
199.98088248772825 32.776288662935826 4.724180390960158 41.42054229190124 7.281439852335372
274.03198593846633 44.40459572744889 4.157144975551754 82.53133115168828 203.39394259883684
195.93580806666571 53.0568487928991 5.194735555193224 56.464237465246086 83.94607734879355
250.17288583865263 45.98208198580619 4.640139186269291 52.8964820512745 188.6968285163594
126.7467247103238 42.81798438500648 5.727281823082034 49.60530961685309 89.70492168863844
245.31347094676735 36.93033673555253 5.283140435379105 87.36862835397284 106.96852750442407
213.16038162726636 47.899732308785694 5.953850884134894 62.764014452490095 14.5133335598411
149.93917765512734 46.21575954665866 4.881636431677269 77.49585143465607 31.34527868728416
399.1654185070182 40.63628916302266 4.1546915073470965 86.43192210318898 319.8271810345153
144.9713321367388 53.94155918797081 4.852728078686968 49.48463330084234 129.75126536745196
229.69803318342142 43.74359522449653 5.478799083030936 47.71145610373229 343.4593715551994
118.08115502592767 66.7938304283383 5.473487766211094 65.07312400038056 129.78950474627
221.538859181379 54.942450542564714 4.539239205795857 65.89007450372347 215.40887512983116
170.55774677183766 66.21878068115525 4.382605845971557 60.36284240774388 58.77878133205627
249.98677252044305 54.225541148639564 4.6102147436655345 50.35157269374464 241.5004530091128
345.6428709907168 26.361304399059808 5.167525479258909 61.19189286917103 213.44510701086983
239.09226999922487 68.36023092461961 4.587131172654316 74.79193155183289 340.0516786147447
199.2323792520057 62.31764634823799 5.777515736694546 88.25860606930306 100.71478120396445
274.4783403513414 59.582366295056865 5.009927715565084 59.40605131303471 68.2299947122017
350.6230761260059 20.864087663147306 4.978635252485526 52.76847889662983 56.473986783766684
282.44731131359197 42.76999889355896 5.662810869727438 70.79999496776078 172.75502400302963
207.98990370585412 38.018600907392354 5.359058057301059 88.70376660591114 338.0952771581463
269.38270672579387 61.19760815550144 4.825638336178045 84.40406173356779 253.2402841344188
233.84942727465463 42.17457027406648 4.418782748140554 77.91571625575907 154.64929927283669
278.3303808415705 47.601281625109216 5.345194393687245 52.34550814937283 220.48098722105772
319.2538393427737 43.04872445025919 4.108595934206173 43.31344597802544 202.30915598933316
244.79360849273516 41.94497583775494 4.906368057843194 72.00407814589082 136.7324617372756
186.95759381940186 52.53949149053088 5.547822517705934 89.8576001300774 278.42891832906
203.477095288153 46.571567076532354 5.707930079080182 87.42410447807387 186.46298633603195
271.4018946670345 91.31669692377614 4.433637096750591 46.43536542942253 303.67652557996576
227.44541485317302 62.595777682271354 4.085592147415258 62.686785919005196 75.8073820406828
289.2480258095383 50.310089690301076 4.397546033260269 89.75794871202288 225.5882809608765
191.57273190712817 66.5881016728671 5.282971299310357 58.23585898771509 324.2203053136675
337.7767310272355 41.616341892758896 4.964346685192891 77.13133263767236 327.7764459128755
227.5793611474137 40.35094980866477 4.7618522169582675 77.66707267257486 65.48150873947215
312.46205432076135 32.90727743087175 5.17894283405404 33.442943222812644 316.1774803351508
160.53229835814042 64.36764050895802 4.285892760852054 72.99236704765889 85.71734368874962
155.79780743073275 77.33458354232229 5.8966082146908665 31.304731303852485 227.21485865676053
305.6780378836006 59.281857101433204 5.03203635450595 54.91611425405749 307.57370958954516
317.23356790300164 52.41047393153752 5.34866270103292 56.509106020167856 323.2315808297171
320.5348890980508 65.0060675311473 5.613021219123052 74.94396826433359 91.83270431454007
263.5971523898572 50.683483977913795 4.22031790435722 65.48709443387223 89.3122483883192
109.71431830950459 41.63056287016559 4.970405440071591 76.60251384182399 25.96015790181159
334.845303126041 81.03816595415357 5.089183800112973 31.195038505574377 294.5771338126274
274.7762837760037 25.243192970712578 4.364591835833127 61.78566244907673 274.28004161034323
250.58167554829114 63.35711720756701 4.806361479763252 39.8710071046902 42.73003270189643
155.8645937229649 64.05836023489871 4.2968349895995175 88.05440608671843 333.29621666799585
244.1093846256117 38.441637376018164 5.048206864111364 86.65689492759151 334.24204104522323
266.3943786858797 39.336340375596755 4.204782598907022 76.08077922567809 240.34915437263908
271.10681002200727 26.390815445273137 5.772988893823753 63.625871118073235 179.8433911230549
188.74337682466643 68.15444989768234 4.640632151154243 80.51244713263915 102.155835273233
135.38689016631923 56.25337278284533 5.286310471706284 51.92437547641637 116.38986843071416
285.5461102466798 70.03885115248306 5.73861916169875 79.19689020927406 335.31213098286946
209.18469453906505 43.54546419440768 4.812068204594758 80.35723569389575 356.7075396266878
174.99219164419677 37.468712048041205 5.881678803259861 56.48653872893391 62.64038066293451
151.06544510835332 52.07844393094803 4.297919535012138 37.82563984877593 100.36376739333278
245.8602738265182 49.35157687886797 4.26738321432686 77.47894467096057 162.06620248159558
240.39760989762297 48.28732809498572 5.227964622316147 85.76962064720576 168.75339988999235
289.1265100942426 46.6562606187469 4.638541392722333 77.44713066739882 18.860517989554225
157.99268764574873 50.67816444288519 5.699152980101665 60.55635696935059 62.339384212775876
253.99103751959038 51.34600823493265 5.778298927556616 69.99007948492118 143.56135416024105
254.20073421256524 62.50238628576863 4.32655753186995 83.16700897664526 27.887752720878545
239.423390303327 56.29749689706337 5.873579417141872 48.87490136795687 188.29617081149578
288.4909716394329 53.42491711914327 5.717134032410628 45.32973959386171 57.24996052622159
170.64139634728798 68.90605733872789 4.830911635142197 52.1310064073611 120.78741324443092
371.5256517274869 51.54336224788735 4.489172878773095 35.37436343643578 45.46191715509613
291.32670409731054 64.18422497260026 5.79797515988429 47.360590608261845 140.8914198613859
281.2680439473767 18.317369082309682 4.968860527679491 73.68120920057285 74.06117362563933
182.79410783695084 65.76204800676439 4.12171357514061 38.804365321066236 167.57166272780003
244.16517491933936 51.07775533899498 4.775974819402801 63.987773097450344 195.61221648606147
222.27739734757884 81.99204730001424 5.784997243715185 78.48972610957881 8.84240154720574
316.80843388826486 22.874277963116988 5.183749278989228 52.51299381164395 208.13696904266487
329.42641993099295 41.27725172548611 4.940213522244629 64.52089109330211 293.16502187940256
307.7067879853979 71.40327223563968 4.225625015655202 38.56003416699795 314.76440598731915
311.9654648407467 49.48403524438098 4.837701780364638 72.66495231874968 313.3882052594992
328.01788688615244 32.92406669643138 5.50248437387263 66.85071252572081 106.35208961127165
192.95009989933098 66.53385537895814 4.473785534666744 75.94971526523494 254.57091061703082
232.4327764499845 59.12377843191521 5.152785169034483 49.4026948981161 245.63335392850058
249.7990488229126 62.85387225801555 4.307665717855106 78.81164062828093 231.51596165168877
224.98041254577103 68.1267405170061 5.7758133093470025 31.54571147789146 223.77078315904947
313.3034947820244 57.28931107052539 5.975274737957848 34.895588672285044 312.7978319775403
319.3106065104825 72.02312687879026 5.692302348994191 68.13481956124122 217.83837845923472
187.47960853951042 45.6192418601286 5.024236501619242 63.08042919510141 43.343226824545326
241.65064392165738 76.11638364025342 5.890452848867065 79.79363852873408 65.1253480847118
223.78045426357087 59.607421727991394 5.176477385363661 76.54128159192527 240.69309639707902
238.32597171119295 54.404976899393525 5.598683663494316 69.932934186782 92.29368903313026
223.6808100687597 41.657802684569816 5.769174392571189 81.20330924147197 260.04204794674115
195.9010510787821 43.47214302307063 4.565279909976372 78.35144514004318 309.9922266195247
371.762780774044 52.708293127762076 5.012253704524804 59.02389234027659 184.74175664397043
286.20982874678793 58.571429089774824 5.881731362570034 40.635842879144334 222.82230325708176
277.332282127204 40.03539523933759 5.119452586095866 69.0778378844661 12.520849351270162
285.9480567046674 37.936407619322274 4.289500009491984 40.7217578287317 97.47742438297139
339.87981048375 6.715180810895937 4.714172342885028 56.019247463406515 59.19127777819629
173.87711978054287 45.76789612878864 5.243975939171946 60.43221755277861 205.98109654179902
191.3424682082263 45.62649437412966 4.081373100966649 86.44704107140288 82.68170526406828
202.00179056619635 45.81518035262025 5.115500367088652 60.335241344476145 54.38705755511994
157.76996103815816 56.56891347643636 4.639225929993481 63.98907116652147 288.08920451276396
251.32268717275898 63.46868150828875 4.4828098577732485 83.80809366500166 258.87360068769203
207.2019274094435 46.62908849127811 4.652044464807421 73.21051687714245 321.9222239458807
261.734274881967 66.29376942484495 4.872611168503953 45.898312719138374 290.27297189680564
243.96717149779118 54.82746173048814 4.818298115749984 60.101045411016635 349.29746509355175
294.8425893573971 41.826141713872985 4.029990495025186 62.75558822787854 264.76608288021544
307.0444065419179 65.12112720340463 5.469660228437421 56.94524328779615 45.65283629621839
259.30056312691977 76.09319606924137 5.034013288997452 70.58529163756893 113.40730835995967
271.6251165466819 83.08643968243324 5.140702674489126 55.56236012222192 74.27358320358215
288.6033090582812 27.82071153682614 5.62344628756711 86.94345411080508 17.611861025551043
220.8066892221059 56.424614036815235 4.0519063843821925 83.63253283614975 317.9516955061118
256.50649793432933 59.7002520980516 5.94754743323448 45.64078907414104 3.6541123995004643
245.84742447634304 35.55030774413504 4.335256286338677 62.21283210908615 338.38575895160847
293.25983221269087 56.97148013985318 4.741085933437906 60.624184366295324 279.12745210633193
295.00034065199026 59.288556484599276 5.772217043884308 51.380587812978995 167.08111985867058
190.49274183572416 44.99723594709611 4.432194374533629 77.2198231577488 171.37002433243285
363.6161581331326 60.53936796896241 5.464986839997266 67.7041247788811 198.75508684113873
291.82740833244526 62.578352555234154 5.873575533694108 61.501720117987574 175.85354150154654
269.7511708944492 59.73431017848486 4.686488321275853 49.100027064423884 260.4411298385878
288.08464859634734 29.865293827867962 4.845511814253347 62.929922316876954 35.88021289353165
215.13629110472561 57.65326252245619 5.521720094676311 76.44707323876634 300.0949556770249
263.2571808355794 61.34815831734825 5.972815442223268 51.607952877551625 208.67265308540786
234.13074151774487 50.40753049998667 4.598250791220309 58.63276903552326 16.63682145860541
282.1748256193651 66.72996334516932 5.643329585939121 51.55115299584692 12.739723102820264
270.3912951291494 67.18300621034459 5.888427982139561 79.73959928883025 313.74416090515797
264.39516312670787 17.394902480178203 4.485112575779874 34.435463506671056 243.54446294907942
297.18277825538166 48.33432156758744 4.338191808547984 89.75260301321163 142.68843734034556
176.21022109104234 41.01407917122948 5.181519561557631 45.796752661937006 105.90456018004986
266.4760081997685 50.424926376327875 4.9313624974106665 69.09314342452791 141.06683477031098
386.76141367208214 67.34593500438116 5.262810923825134 76.14815163160557 299.75893914113766
221.4249596192878 32.82377225228087 5.134309220103485 62.74873566633069 276.01400175554136
264.0688582978126 38.500394600283556 5.050673254986648 73.73874131763635 199.10077482837232
243.35505586681765 69.4966564722598 5.7906395121656695 61.75605088642331 319.61876006987563
182.0390042080349 47.43639369571963 4.345407803217209 71.6406383714673 350.7962460741034
249.47357084062318 50.222482454312406 4.161868864498257 52.971614831548976 63.66642667319664
290.8702429661928 69.22886066883457 4.5880349462121135 89.659646992227 70.09402919658388
255.21538943341199 47.5352393493257 5.55707787195481 46.78777671217915 158.9564673391831
297.2687430935174 73.14866536244993 4.1109495130466005 58.541520795301 142.92171953656617
255.38694185212282 88.67196336337909 4.887728974055378 45.7632479081113 345.40818459342677
253.53841830964313 56.0168826616698 4.377054208243585 49.60313747454323 12.225995673041128
251.59792674150268 66.98229911060926 4.454739913137353 83.76825834654814 2.6917145167016887
253.99880754071387 45.44035007727326 4.620765254570669 83.95479725547241 337.9330861488287
325.741621660274 35.50746220098628 5.66148516354769 58.61223237941126 162.5584075148743
297.2501256491542 62.5449580072544 5.5234372492591 40.783140580731356 59.49815364570641
179.76164202905665 82.26285928444204 5.392758925275618 54.33228911145875 24.370757049641036
243.2105609119698 32.91737601190068 5.115364457224837 49.80800249458578 299.01624744522195
300.8895809496396 66.58705359098415 5.156279844343096 70.1666765998061 131.14885876112837
224.21351766415668 56.76350362322576 5.287592170383877 67.2726876240183 134.6476411418149
269.0132776835659 54.09126587927583 5.3066814706616805 79.19917149701782 356.9844518073331
259.6934483538409 51.67459837016487 4.566587073448343 43.124778567264 42.45496586252155
288.7321030524303 60.23973994734167 4.725011458224002 52.90616371505777 15.776614124836659
144.51892859725703 41.19904841970803 4.256878369538458 87.03048248960962 214.07364399808486
299.8274727723513 34.86046273733861 4.078692043189338 70.22340464873878 49.391383570543276
163.43370392264842 64.66770562917957 5.950863711128795 37.36387659755403 352.97894061770995
229.25394448442356 71.13636995244266 5.5130684253721665 57.81686734370721 199.64301195356717
171.28342315573087 51.21288984586646 5.657087069530317 37.33488690968858 349.13715884208335
351.0673239025803 47.01693852317771 4.5077278206089195 68.2226405625956 257.6633442033819
174.12262962021805 20.057513612158743 4.480706434156756 50.16575728759668 86.82364343832742
325.92230892228633 40.40190756231345 4.25660461615392 65.33190556177576 6.619898312968688
216.3956625591352 64.77345875286173 5.631094320497591 57.08175439745898 60.27084990555745
300.4901986997971 36.540336138837844 5.794633280394764 42.94459348888287 255.33853976770527