1000 10000 10.0 40
500
792.0477944516217 827.0811505845344 10.0 1.112834225501773 4.283020472567116
285.14773807308626 321.9128898949952 10.0 1.476743145206847 0.6936887542604979
657.9754467210771 5737.686074103572 10.0 3.0641561853893373 2.9026491105117387
537.1095434486266 8019.306062866408 10.0 3.0067030772273426 1.8752429281090737
929.1245219058154 2246.079776477059 10.0 1.2700248751794063 0.5058888361660713
461.61396085524717 7778.511469775689 10.0 1.6222188928447772 2.4025796051081123
538.5520538299386 5515.776903072989 10.0 0.025321398513485333 0.7697047292644167
199.81855085149226 1111.844822161957 10.0 1.233104801703752 0.5878009174214804
803.8143434148233 3554.8389777600155 10.0 1.7888986992215916 4.849597329375616
262.44612923984647 4383.391150589641 10.0 0.5350230081069994 0.7139524750298344
449.36030010187744 3995.363961948879 10.0 0.06459553517455192 5.056442866497814
575.1577785322778 7998.467685631732 10.0 2.408498678020741 1.3814727802122162
777.42310653838 8358.938463923194 10.0 0.584387645332505 1.0617603979694352
908.7524084072218 1223.5791155568766 10.0 2.980609109219929 2.271999883482284
522.5668340030852 5722.112544889517 10.0 1.985433544256948 2.5276326868897527
354.3492784304948 5800.929879642469 10.0 1.8895475553348735 0.29434686241419017
175.0439692213104 195.9638109520623 10.0 3.046656436723948 2.47785899271524
753.7097957297896 4021.5531268939576 10.0 0.6794349114115249 4.1969205088363655
808.1203533863162 9133.807831715523 10.0 0.6633411215906346 1.5455002692127269
244.85448680517752 9421.121371621546 10.0 1.0204497601174625 4.053878378329814
694.5234865861178 1481.1234373665304 10.0 0.07229298763970841 1.4399489809829982
333.1318510460429 762.4998912648684 10.0 2.668373012745505 3.249112165264683
247.17082511240707 8181.751648570761 10.0 3.0768374104386598 0.6447891272307024
147.8949876862946 2469.106035271602 10.0 1.8630434268027927 2.2414654218273906
69.33389819085333 9054.429414961383 10.0 0.4965927074869584 1.7957713961437607
794.9424578991191 7173.136458996132 10.0 1.0753941239878149 0.8945677300167865
149.3949237635277 3053.7262297816637 10.0 2.1355376916624493 4.059905764735991
964.8795345334408 8542.724482848738 10.0 0.9574360642067448 6.0440643423839955
485.35172751097497 1329.439357533545 10.0 0.11721342451198377 5.6729603440390255
207.55604042303523 5052.092645399423 10.0 2.683619013409548 1.129883193214232
674.227696898745 4998.516412747278 10.0 0.9823394146838268 5.664332286513092
532.7372779477455 7858.75780778953 10.0 2.5335096164808917 5.937986256251202
251.54255208416365 2043.5621443110242 10.0 1.9773324339473477 1.6522439411595862
247.16387079813984 8451.85767795132 10.0 2.1918280155481855 4.20846641099132
816.0005090059632 251.9967478651719 10.0 1.3759150701458636 1.0125676537700596
188.15728139338216 4235.655143413222 10.0 2.478616175328183 2.2429190722877115
224.55205607680784 5609.925168403524 10.0 1.5145071117439495 1.4635239219900642
763.926757848424 2712.2880145921713 10.0 2.414782912046128 5.692730468049946
392.985271600822 8064.780617766747 10.0 1.7066035790094967 5.493447932201121
460.7343025769408 7427.822877030788 10.0 1.180928224231184 4.87361404661907
487.20346212970225 9070.80527094312 10.0 0.9778893585262426 2.68272234486573
727.0738560103729 1345.678344800806 10.0 1.312748354179945 3.973857702532012
540.3448477138431 7831.430993332958 10.0 3.0749052990990586 0.05503008238991853
395.0207436271119 5811.47738210596 10.0 2.8369418188099247 5.430830783675509
780.9009327010286 5652.62060420015 10.0 1.2775145979985456 6.234695176604055
48.90788524599821 5773.394655858034 10.0 0.8280841010549184 0.5511769769327174
206.98966801872797 321.2348381471608 10.0 3.012227207021908 2.4213751111223556
1.4849116357151804 4422.058362741828 10.0 2.7939303174721513 0.1713576319266304
191.9394997001641 4922.486031377572 10.0 1.1107954686854173 3.8792075979832203
787.7163968216053 2914.070332874392 10.0 1.4005923465220442 2.49592827031372
156.34086407561165 8010.5397457748195 10.0 0.4058246320070399 3.0490426295117827
336.3755374060081 3343.2070573239316 10.0 2.1972555916738754 4.166846260279467
591.7210828280596 4546.331094508255 10.0 1.7954241864981575 1.6534206409636225
229.58949473422484 5623.364025983429 10.0 2.5819732491986525 5.108267280648815
970.9992555875992 9516.652437341 10.0 0.6323631240896732 1.4427432624351662
710.4925598588563 1447.305352512127 10.0 1.2478515448226826 3.2443847891662285
330.8768275921903 8648.580177926227 10.0 0.5299239599768844 0.7310709921858219
349.14366260842377 985.281296357321 10.0 1.8954057442502532 1.8914010114835063
561.3208994757429 3133.3002369927676 10.0 0.4797507596372871 1.4584815107148443
526.8640643380544 487.57737220317176 10.0 0.9150093296927111 3.9300364478694716
687.2956363362044 7773.394792806041 10.0 1.9269792693975012 1.6717889859298747
149.15191213033086 1455.0565392718895 10.0 2.935829258679177 6.134888219343398
677.898790990523 4467.654854694235 10.0 1.5519249784769389 0.15170727245263432
247.3295610793149 4541.755255097541 10.0 2.108890655581012 2.3245611458784796
568.059018944143 5447.478802334131 10.0 2.2664520242320334 3.786222449069434
379.0801263590068 3853.6001761100815 10.0 2.865794880462434 5.567292174030257
927.9507094092594 3178.919593941327 10.0 0.3203158471862628 4.727994791683617
988.0294771830526 9807.30472502794 10.0 0.7419727413769491 0.7166188022717682
965.2821216581985 6344.44651300636 10.0 1.4459548261235033 2.758558443036468
132.52973947619216 1213.506719461296 10.0 1.7183881391822997 4.0162218721951835
795.613483990926 3818.4775257046945 10.0 0.37507967032724665 5.3396196402525975
243.80094404735286 9748.21544593851 10.0 2.241368997233965 5.960009784447751
665.8610755710432 1050.7523654530582 10.0 0.21748025643956534 2.234405655798412
823.586581611077 2476.62408384564 10.0 0.5204989203952279 2.420909747457934
166.1434641215407 5771.602640257509 10.0 1.3230090278436892 1.1174042621018265
241.47976850241403 593.3534047998945 10.0 0.5341554716437545 0.19017323147297766
715.1265381328568 2433.1840874366826 10.0 3.1304390687191526 4.816519143814216
42.07598559764125 5043.189133952078 10.0 2.3736072572082456 4.0203267281694055
854.023081891414 7300.734796452039 10.0 0.4604343569912426 0.8980165360525918
422.10868450401153 2186.3746519079364 10.0 1.6163142558311452 0.11887233432447773
134.40352453060368 8607.917744400198 10.0 0.4775692857718104 4.4595148287633775
787.7242078186297 5172.521647280874 10.0 2.3549162555936745 2.8761294439492606
634.9739019850332 8690.31541370692 10.0 2.5087292921565028 1.7883138702303372
552.0518779354032 9187.202708245959 10.0 2.169904552341873 0.7035431066087077
392.4774469831698 7511.134762071972 10.0 3.0711432096895113 2.254724524405301
583.2260215751306 1235.2840672650934 10.0 2.367149331599748 2.8543304615533147
281.8758087062909 9493.186812431597 10.0 1.2841027716611009 5.256993948540045
963.0157025612905 7625.068373311965 10.0 0.1974798993383812 1.1116458348893439
130.96645880990854 8071.2032308071575 10.0 2.6149707872452046 4.764483298644771
966.2186394439497 4817.301160912508 10.0 2.2423242488206614 1.092244841604078
104.59235249080123 4878.552744196305 10.0 0.8459213447260213 4.780104484457729
420.9756988925419 1803.1112628584679 10.0 1.5454376493825763 3.024273102858049
643.6000064150489 2982.419393846275 10.0 0.614664390219714 1.7642611517382236
860.1617932594265 4674.943380764015 10.0 0.08622787211989276 1.924159537397541
493.70254647794644 6081.504060455321 10.0 2.296133031868086 4.730674975079902
124.0098638076178 6554.544939190123 10.0 1.895947354257499 3.270166569106901
609.4036413420274 8080.314013356711 10.0 0.5828114196858558 1.9324509967414312
324.1240685772414 8542.073707651125 10.0 0.2927946788313004 1.5754651707667562
968.1387778665278 9954.102739795151 10.0 1.7828876435886656 4.5390227170701
329.03816348011196 9850.383622362395 10.0 2.3469222174591415 2.781288124388196
579.7900849471658 3318.5190694030243 10.0 2.8089624593951146 3.965702307812772
181.47570968704784 7788.555068526124 10.0 2.52485130807792 3.315509526500575
226.73090110924454 2618.0331398985336 10.0 1.2791481286478061 1.5308086168493578
107.46819275486664 758.7313018451225 10.0 0.4605706698750193 3.595613090894985
719.5565084397911 347.1982936189044 10.0 0.12363937707933055 0.5091720890817373
27.48726187458317 9930.3212350913 10.0 1.5063585510526512 3.3789140792064836
703.6568631232909 2218.812055068232 10.0 2.291164732389332 3.0180658173421815
729.7473013476231 7755.634813272912 10.0 2.333619509319528 3.3319238456521085
301.7881847509871 1693.0401219704893 10.0 1.3599003440134172 5.476914032978845
115.8348630465399 3991.010234651793 10.0 2.3385379603304557 1.062426744295499
127.79919741539646 5781.563167246017 10.0 2.9171625047622616 0.5193107288572336
178.82076218511557 2387.497825544301 10.0 0.7113390620465366 2.8445646548576575
456.6682514606639 6540.8123960587745 10.0 2.401849176519454 1.0898494698982417
624.0115812211702 3715.160347697861 10.0 2.6451986094452007 4.722979171009773
586.0080800253064 5168.352984800426 10.0 2.9686319108439694 3.498107274171554
292.49633206289593 3285.0573028916474 10.0 2.397574867134612 5.0670129359299585
674.1937263439676 8116.480377583048 10.0 0.6386652850011757 2.551657613043616
797.6449990502997 3632.968170675909 10.0 2.8083195539909727 5.402612120448951
590.2705077034461 7137.090280740073 10.0 3.017055813371233 3.8147888743866916
34.71489914708492 5528.924453578461 10.0 2.859024665483288 1.9026705017866206
560.7979170980686 7671.886809366642 10.0 0.9878752356170758 4.743134440754683
473.7211571314605 2976.6089674657137 10.0 1.8823882709000392 2.903273337509036
648.7857547849621 2501.9876147421714 10.0 2.0784614097501337 5.979818300780667
395.727642003144 366.6853223468336 10.0 0.700743529592172 2.5699524731179677
349.8789048743601 70.9943954740544 10.0 2.4922911923007462 2.5721737237598763
482.7146102409806 2448.1210231973782 10.0 2.749438409572735 5.771668908626346
840.9469224956255 9395.584566467258 10.0 1.7897785936724675 0.6866758817910195
421.1791562592839 281.56646553877505 10.0 0.1766000117662589 6.0123009887973256
666.2344219910318 5977.691519983253 10.0 1.61893276189872 0.15636812911042178
429.62485725835506 8838.851094681582 10.0 2.9528439425044044 2.052577651965569
896.2290649773357 5632.33439379364 10.0 2.9398383853518353 4.146385950500708
870.0969735876042 4412.661462060525 10.0 0.16388447943677917 2.196123910137858
44.40286305569985 5645.159043744859 10.0 1.2643569015605143 5.696636483244782
353.9189734185417 2500.4617770169866 10.0 1.0549981221973699 4.483184844553865
276.983318338519 5173.753892454172 10.0 2.20899271325355 3.00245858702974
1.7873761454157977 9326.720122834993 10.0 2.5887947707392924 5.438253840948319
700.9106455649282 9306.801829912649 10.0 1.9044517120648012 2.6171014336428824
768.3804225404405 2667.503245066405 10.0 1.240118936981962 3.6240245056618483
765.1372487962595 3695.133253325674 10.0 0.11292962422243419 2.7465834106690683
991.6373500145545 141.50151632939756 10.0 1.0328897131086836 3.52399708033658
60.42571881496761 9168.73955932155 10.0 1.5922313214946047 0.6437734390650388
576.8642652983948 5631.546911110131 10.0 2.0250131649182954 1.7141278223383087
52.80166577932155 8253.811207283237 10.0 2.871924818805125 0.5642926222970776
475.8228639032004 7000.687606408482 10.0 1.3567896402229989 1.686553996946037
535.8174669928694 8003.863764753118 10.0 0.09124299591028043 0.31763096306372857
370.9584580629098 766.8798810893396 10.0 2.0645227077057324 4.728262026867973
836.7834902101306 6059.011359800086 10.0 0.9267697999895695 5.132709829950182
724.9232868456863 1900.360855274541 10.0 0.5136967585961827 1.2265871300136948
62.12265627068791 9347.454304060093 10.0 2.432197473228902 6.03058092831591
605.5515477843902 9407.764605282107 10.0 2.63130037109915 0.9105950596751404
917.0049536371961 7343.239789798795 10.0 1.0703959695176641 5.981008791633797
946.4422801764259 867.0434818142936 10.0 0.521754838415792 3.8781221456321684
884.4178505858656 4294.359966015873 10.0 1.4724702953830826 2.7612975507846063
153.30650214958098 1577.2585825114527 10.0 2.057526088040639 4.324601467963878
798.8290909650715 7335.248606619636 10.0 0.6686566162611455 2.3693276193790447
216.23469439138032 6487.299641951291 10.0 2.617377469598301 1.0800779473757218
99.59793102934978 9897.741346243716 10.0 0.7195307199133806 0.18349829250736766
738.0409059787045 5567.598662739542 10.0 2.5589168393279147 3.197986032737039
299.2913256161771 2334.5580890312854 10.0 2.9304344718783426 0.5799506009869669
538.8398508766751 5788.899860451624 10.0 2.009896499415038 1.560500537369671
452.06092000711885 4169.375173661808 10.0 0.4492786427714448 2.774985414868908
747.0131885871713 5372.14614825198 10.0 2.7374910076178938 4.699773763048406
657.2375122029329 4887.544186312195 10.0 2.541240479081781 1.6119057932684195
536.721066943337 8473.54838473516 10.0 0.5162908315998518 6.127315124913873
883.2989984164086 2681.523440205482 10.0 2.0971602913612992 3.3168272193632484
922.1154558065683 968.8953011353641 10.0 2.4666261949000963 3.3619737274259447
647.3680716317543 3065.0862405020575 10.0 2.9213606345510494 1.2701282258694018
268.4113571129235 501.1721940936298 10.0 0.9476794386752693 1.9222255022502832
335.3959468046367 1770.362043914362 10.0 1.0769332043230913 2.9242713953682817
429.972174156284 6455.544139461046 10.0 2.8796503235287814 1.951113132165391
198.18843470574654 8841.780219735563 10.0 0.7059011099864556 5.7907790754160775
675.5654820174005 8025.773526960694 10.0 0.5263388142216294 4.4120961146241875
308.4305411244483 3340.974384308244 10.0 1.01380268195815 4.202313819064772
810.9454596744129 1036.127894704103 10.0 3.0327621837618866 6.249826570710568
13.865756973195476 576.7111296649497 10.0 1.8493814478079484 3.3124639027767997
158.9181884510741 6682.844659635304 10.0 0.6120039214791885 5.746145961883712
671.7865065819109 6273.906110255642 10.0 0.6972441618207881 5.800258886036728
307.04630830626365 7859.214310833669 10.0 1.0962634596949716 3.1732778899426393
699.9918079643071 4595.7898928835675 10.0 1.8106337559120582 1.1490881945594291
783.1487076298025 1228.343818871266 10.0 2.892322827093887 2.2665526665385083
229.36851548779669 9433.283479026572 10.0 2.4481973458316815 1.5068628608084702
68.75232664401732 5707.662796731382 10.0 1.6448982560981067 0.7602306854294782
893.2522657841935 875.6522376588572 10.0 0.5038420689033568 0.05905660794744515
610.6514744045866 529.2361771407061 10.0 3.033039190537612 3.7830915913779655
538.7245196845968 1276.4924208031548 10.0 2.630723838820346 5.877207835366007
740.7315681367635 8539.944377199901 10.0 2.3437627813026576 1.2334699860416198
895.0019625766898 7829.12056455024 10.0 0.17944400442972505 2.900183545633958
664.2131940894055 2905.5947896708512 10.0 2.208254553249635 2.620663257242132
484.0742759882355 1065.4222574557482 10.0 0.4364440254395345 2.7187514901888656
926.4727206400737 7883.025497299536 10.0 2.4412858457533617 4.518945844376885
308.7468035653199 1192.2272262899546 10.0 0.3720607897279968 4.263242899069989
18.596040836464155 6824.265720085041 10.0 0.3824555431972333 6.112266208088137
103.2442360078375 6679.270126776891 10.0 1.3798080260545214 1.790516363974094
31.821339831309082 3076.8136683562466 10.0 0.08255724331279102 1.3829345703932583
181.53156245928525 2012.801530606877 10.0 0.9110304842981098 1.9248608481204073
521.0272036256878 1944.0951939796269 10.0 1.1894355251645252 3.7321163857304436
168.50855447439005 4028.9096139459434 10.0 1.3670343756204442 5.795082907110194
987.4225978772374 4370.165626193231 10.0 2.004949361968748 3.3111085824313813
149.234082215703 8740.618007301673 10.0 1.9979699004812794 1.8454161963511415
640.5945787027864 5512.718258896078 10.0 1.7045734923566283 3.9573972590561763
21.336417243974502 3072.8193433934825 10.0 0.0334017837687433 3.9023147357902297
350.0701673743514 3868.4586721383885 10.0 0.06293819579226029 5.45695660496281
85.76578430054116 8419.108249253317 10.0 2.9221613380768945 1.0039877359880236
946.5488245327296 9114.912005426379 10.0 0.09719331948553793 5.770156369287535
161.0455921180205 5434.57726801251 10.0 0.937393316487318 1.2295925963187453
282.9613076171125 9332.722887127664 10.0 0.9759211466982433 5.181666158224484
756.1782703814173 1978.6352097698457 10.0 0.9845613258405298 1.4774215533449686
715.5116228064364 772.5098476788062 10.0 0.7426504970234755 2.1887210675220268
87.36228443696925 8621.91506778103 10.0 0.1824901454234244 5.738742712842957
914.858175545862 5830.338614746804 10.0 0.9140868226626752 3.928841286311316
973.6763368272232 8631.328689684678 10.0 1.6260043700594435 2.356443772268919
167.5901231489394 7395.877384644751 10.0 2.6569798033833414 0.12066919352062665
896.8871558863138 1847.335712534025 10.0 2.7365217005004365 0.8239916687213417
578.1555774412373 237.29273120644322 10.0 0.7409104028093497 1.8588281009577905
760.537111441936 4367.485068936535 10.0 0.48969454682078495 4.05633834640969
831.3976981888934 2586.9534932510574 10.0 1.0992341475360063 3.1302815040658745
133.46767787837177 8450.294561413899 10.0 2.0459241146256235 0.9803208786406348
425.85481118780467 3592.001227336896 10.0 0.6512203288809935 0.9506166988692692
12.935513598287042 9553.528674929728 10.0 1.8206340322763084 3.031041559253056
537.9810462423311 4793.852108243729 10.0 0.7707182318628449 4.2443621437334444
392.4766481464338 9920.940199203224 10.0 3.0555187609811623 5.198254230123607
927.4436959644563 6300.691620597534 10.0 0.9083712804654855 0.8633517373831072
169.67594091374593 631.5347131690575 10.0 2.516153467219534 5.164985194876695
543.65330633454 817.0256574784729 10.0 1.341208561084152 4.504395715937907
178.99707171696767 6525.421789568195 10.0 2.2400129793991472 2.0231181245000136
743.6830948353775 1194.3485498620398 10.0 0.8265442577050642 3.2654193836794914
384.8302495240411 920.3172619421474 10.0 3.0886019542773324 4.43561603039184
281.7336549466367 9666.993207356138 10.0 0.855253719042522 3.8579597106736117
519.9131454895542 9532.755271114731 10.0 1.6162437771912679 4.287626699800173
480.2994310526807 9437.223074520158 10.0 0.710560949558141 2.6399568661284323
704.2818267885424 5518.076743113821 10.0 3.1286942960055555 5.386406351347222
243.19300450722903 1773.6299656417475 10.0 2.881387667900173 5.230101794649525
829.9076220960378 43.253835181080724 10.0 1.758292013310765 3.562047721460136
820.5836376549663 4286.901878099846 10.0 2.0408244605300454 4.407493665337952
746.1762109129224 5306.612904002757 10.0 1.6898693840972956 4.587353421850474
486.20606439948676 8547.018663207822 10.0 0.7007188185239283 3.500346068534583
531.3653816755391 9418.52112074502 10.0 0.5190053001538876 4.543175737879148
536.896205085679 7705.942709403331 10.0 1.1909965494405124 4.392277168303055
385.2775794862623 5057.096828335332 10.0 1.0228621723543492 3.339600112306722
274.60953351562256 7289.864826358687 10.0 2.93754354504125 0.22603171127317565
928.1832488182306 6313.005859846889 10.0 2.1703183927253455 4.293627600640839
881.0786621073887 4825.068238047453 10.0 0.24035752270588612 1.8889116179919487
941.2318445400789 637.4089053165987 10.0 2.664915624651602 4.500286834114051
345.26658082097515 6461.473034009397 10.0 1.6718167492299956 3.271281434151978
833.4860025238135 5307.119538150463 10.0 0.834055665918575 1.1544631666570278
853.7711249335471 1257.924955425016 10.0 1.894124351195039 5.4886096535858675
370.7357655334098 321.03731789456134 10.0 0.5960210799251686 2.8524117590043163
304.3377256864045 6293.287661492103 10.0 0.8432030246848745 1.916821456155084
451.24872073572453 2141.916996135799 10.0 2.6058648210280007 5.056795567831002
852.6361753480395 8267.404960418773 10.0 2.6488954264344913 3.390719422567982
963.6124304412414 5197.53876385129 10.0 1.3073180157080644 3.5772187465838936
652.4577231082261 9755.993417124124 10.0 2.8449470620588855 2.273653477197405
11.825407297011648 555.3387043253688 10.0 3.120076665210597 2.1085019465940453
199.489015658468 783.5277241416261 10.0 1.4819803103520688 1.872087314233651
42.79288887944321 3684.5638684124647 10.0 0.0958177320223235 2.855668705903447
938.8188188941355 8878.181408484772 10.0 2.0022505729493014 0.4784658614350749
661.3836852610369 5720.015979142206 10.0 0.6661040283501924 2.2613354674720174
46.33387813142586 3272.8866765804155 10.0 0.5026707703767963 3.1089541936906033
168.20416823420913 5141.442147474743 10.0 3.120841980850384 2.855623317019935
544.160292858734 1416.5748524422384 10.0 2.213914133430913 3.6265276084963047
105.24596633894534 9282.639213905826 10.0 2.444877846934539 3.5540235171519803
160.30653244756743 8459.658007440092 10.0 2.2778408397251924 0.8912062978718766
344.56336732219694 7584.331662351565 10.0 2.5451932368801464 1.4144821455595102
592.6642378745944 2877.819420819582 10.0 0.6377802069256925 1.052691774641381
505.13671650428296 1004.8871133092074 10.0 0.40337703445649165 1.73665608651541
87.5233158595713 3898.1699675547397 10.0 2.2610808634469715 3.6537532771656096
733.0782075609811 4502.930311299335 10.0 0.5796322397254517 3.5411617837937452
492.7574630201549 8891.835464984957 10.0 1.8226272365401188 2.1994364798607897
130.33603382160587 2005.919986114838 10.0 3.0410488715040884 4.435655203446214
195.83615706177082 1397.037811766062 10.0 3.028901751562114 0.002036463888484834
367.05360206556014 5778.749726399486 10.0 2.3200507730628406 1.3303442010582596
606.8198262982472 2936.731746837081 10.0 1.0254573830751994 5.9834608477650875
262.73945654269284 4606.435084413095 10.0 2.2368032906863426 2.7354393108235513
96.49398865222658 4294.858944345477 10.0 1.6293244555752782 1.820148335467589
371.4047120574985 7704.951701290589 10.0 0.9392840910675925 0.8288071322551751
549.7987659572606 4415.283432900744 10.0 1.1168276115869193 5.333391808261446
855.8239940197782 3774.2836169139105 10.0 2.3310837374415696 3.849337115293034
944.7103321204012 7587.47057663984 10.0 1.879132820618535 4.740339758599744
186.07606590360703 7107.747075244728 10.0 0.7866562117274465 4.747652593205008
616.7299186562317 2082.970700747877 10.0 1.8131674985295878 4.9074537028354825
447.52056670032414 5171.651298916879 10.0 3.078067238646271 2.3576404596839753
119.13727142727559 5906.771461562691 10.0 2.9151038464274537 1.0623976675346891
293.36700155448494 4569.357744140378 10.0 1.426238742878065 4.427507369913264
839.1642789592776 7827.5814595170605 10.0 0.5059918591344383 4.867211590792156
826.9923560144292 4803.801619395937 10.0 0.8706442245430992 6.2517209845183945
780.2454799017779 4351.1049482162125 10.0 0.12753080321309648 4.282189475642222
949.1633653276955 1752.539041616965 10.0 0.7332873089647283 3.0478440100669006
170.5013115635048 5800.375576828255 10.0 3.1172113298747224 4.114462197147752
955.3198613669981 5269.379515518645 10.0 0.384195416712406 1.5452857195393281
807.6106208284936 7167.204325219383 10.0 0.04683583351177351 0.40637262015229836
418.07547448615867 7826.668227358188 10.0 2.9116875372617894 4.106976919068664
300.2285601527769 1898.8123257263067 10.0 2.569041089042737 1.0001246292450758
640.0917776155813 3612.280744512264 10.0 0.5108508509719898 3.1076239364963887
616.1060546714274 9283.702017364247 10.0 0.4885852773901567 5.124050916006654
212.48227655653295 9995.391706429278 10.0 1.587282103135175 6.0134376359561905
597.0673579965702 8600.839338019669 10.0 1.8375270964081025 0.9299096186886797
463.9024008390428 5775.080768894766 10.0 0.13732448885034576 0.08169447091892303
351.0015772623397 5696.19928283903 10.0 0.35955789201725974 3.782297020091138
835.4818022451361 3125.837312661739 10.0 2.3797266178771297 5.930322832249864
681.0248116572711 150.74522468273344 10.0 1.4790769747573622 2.592431018809668
466.7551526151196 2654.0281469597603 10.0 0.20437930504977167 0.09057585577317633
961.9686881425523 3703.9003598258223 10.0 2.996549817340048 3.5018080416534985
527.7478299950167 3479.3883033242623 10.0 1.7006700454713275 3.447835715372079
124.3520801576562 3096.573851665003 10.0 0.3246823895640685 3.650466348182946
82.3724686760372 2755.5996718005094 10.0 0.47712654751112177 5.727868673557804
655.991815363523 2997.8078587231594 10.0 2.042342398212128 5.795540697834252
518.2929037452085 1544.018990574052 10.0 1.8888723850481357 0.9424291661290546
781.4088527510077 7179.101537705798 10.0 1.4878505203941232 3.9042173837479526
828.4117017648896 6454.617482390472 10.0 2.021733481051171 1.871865951635396
229.1861151443726 8600.481411650284 10.0 1.6951114833602656 3.3628820379323088
279.13738351720286 8968.194766403347 10.0 1.421201586661168 3.764143778792156
247.43416685489584 1572.3757585441988 10.0 0.12430035410353497 2.784976698728353
250.58765709097398 6853.930009365501 10.0 1.2513730713322422 0.947382106847597
777.5211981858589 1657.3578655995314 10.0 0.6454433783849566 4.20095227550557
283.88504291869776 4596.332423261821 10.0 2.61101246660253 4.54417542922774
946.2232755759852 1475.8190083087009 10.0 1.638109438929913 0.6039804936023669
620.7009631719582 2245.6538497812794 10.0 2.2449524390699676 4.763570887432983
286.4513414343357 3079.635477928444 10.0 0.9620144552695848 4.493219690304762
770.2046398699212 4605.825017185816 10.0 0.6655903972858264 5.029750056837806
346.71106401476317 57.89133608148145 10.0 2.790069538837619 0.41485211729109756
888.5730007691959 5173.979625584027 10.0 1.7855270989676586 5.449844725541928
599.4518798218992 5038.718761430349 10.0 2.6560262251190694 1.381616005359245
6.217900136780363 1745.6276226498946 10.0 2.7973470024531215 3.1896724275174337
808.4614406554878 751.3189337120507 10.0 0.11089976747321317 1.0648617351721184
387.88690562845295 3099.539665126123 10.0 2.0962724914187336 3.498749593582483
265.4617258286507 5312.227331744659 10.0 1.203155117771528 4.7814491937622225
560.7937423074861 8676.40688486716 10.0 0.4197470255217883 5.280811402437104
556.0630689198005 4899.88303793324 10.0 2.0573737744291676 3.4261473016702273
795.934935598688 5665.337433220808 10.0 2.5793260911681783 2.075086888592788
765.2323521432085 9481.567043473364 10.0 2.160184260537356 1.1152202130515403
77.74863245394104 412.251761835124 10.0 2.8129136923398654 3.185259094215049
282.4315059392324 9756.771605471115 10.0 2.4998581239716744 1.5325659043600874
847.2719860620477 3564.2407213927563 10.0 0.4026310276434383 5.865620299712074
616.5828723430161 5981.061999393408 10.0 1.0400386824943455 4.053832406071664
53.95334414937558 863.9477658071182 10.0 1.88281704645978 1.8411669149920127
881.0173238635076 1834.4945807126833 10.0 1.935061876333828 5.746063176825607
301.2754399395956 4008.037331725813 10.0 1.5055771926493033 2.4782166025126484
858.5614952659296 8998.6519776191 10.0 2.272650250397963 0.6280371584417405
121.34587797307094 8483.813735613761 10.0 1.5317328706498263 5.661071889998086
806.9206383877396 606.3605952630402 10.0 2.59656844396586 0.5631889403128908
663.6112107117383 7798.05154067433 10.0 2.7535316421476805 4.930236673124321
414.5129581923138 4228.149539767507 10.0 0.2826339383184106 3.1968274886562784
332.85066716203903 6012.100022247398 10.0 0.1134332496793228 4.778416282064174
566.9119178386492 7559.51666401384 10.0 1.0250957247802692 3.5661718210378224
161.60606040974125 2997.325291645856 10.0 0.21912937884329428 1.2881384283463968
834.0526466428016 2473.0615139926103 10.0 2.7943867165495373 3.069254606372866
952.2039576509522 9324.950844424331 10.0 2.9421287639206897 1.9629665685869189
838.35890145645 5599.549909147647 10.0 1.660428641894552 2.465470178255519
473.5262000289083 204.36061458227516 10.0 0.028380994646535467 3.0954417350028685
913.9465439749506 6101.971649138559 10.0 0.5460335700279937 4.850448740318484
247.6855487648345 383.92701432873986 10.0 0.4525132194646513 1.6653139799874939
717.0599472473696 3806.6527276884744 10.0 2.760338357143458 5.853253277730904
711.762001000078 4428.424241114881 10.0 1.9264649275284562 0.9519050580316673
697.8976738804676 3355.4873457384538 10.0 1.2219457410471162 0.14017730538279877
789.7567232011643 9287.093429380837 10.0 1.5463003951298908 2.0311627347998464
593.9834443283531 2543.3490929185164 10.0 0.1995815651927 3.464286060883124
159.91921260020214 8566.416426950143 10.0 1.1162994248814675 0.031507594517806686
355.2387750126814 5504.746813074186 10.0 0.36932734488424357 3.10605057515049
752.6044780600947 421.66767924477267 10.0 1.1739373986618171 5.593367413615579
160.91361013891947 3913.7845973642848 10.0 1.2949982576863281 2.4486307245987113
263.8161414096273 3481.2998836668476 10.0 0.515911994244033 0.45075564492540626
438.5310512820725 1861.4910481398538 10.0 0.825411503534336 0.2765223413811256
719.5918557571163 7718.231332698215 10.0 3.102809899385647 1.5178314937603448
45.00250115681226 2574.578374707012 10.0 3.1036145505958324 4.567680586031927
376.38727710381636 9682.09336477875 10.0 0.44788326803631895 1.0271267992840856
20.06942250294974 7639.6960916546195 10.0 0.5446511541880683 6.190836633586533
492.6147398966121 4006.503680846174 10.0 2.0533652455803297 4.22626724041143
572.2281998645456 1897.2378691927815 10.0 2.7379919013441616 2.853340840042151
756.4931187103501 5605.426255278285 10.0 1.8891812433165232 4.4365051889229425
207.2938507081854 9668.769509932712 10.0 0.6621853998813277 1.852842421523994
405.3647510278553 9472.678905254572 10.0 2.1721714899546427 0.7409624695031449
159.75942383600204 482.13518594369845 10.0 0.4289161608938029 0.8719517184741815
321.63617897946904 7498.656474341297 10.0 2.861033390750643 1.7784585264228903
537.1069432976795 4958.308345895744 10.0 0.806856784121595 4.174495325625019
640.4984285479632 4218.324212311934 10.0 1.1560795133969606 4.671893184298741
837.2262067657977 4024.0476298732965 10.0 0.0478137793086707 1.1858765527726558
654.5833978361499 5904.551020640527 10.0 2.096003644169821 2.5228033613736756
749.0978702734609 7114.4204018725195 10.0 2.084132744312504 5.656857538621582
50.712661498907075 9920.841243499217 10.0 1.2885435641916054 0.07628528967624716
396.8968824094085 7529.258782421705 10.0 2.3765064418787047 3.8534601260521075
763.8946147364336 3747.5280426807876 10.0 2.128292332453823 6.1648985959901115
437.6724838027122 5607.606842529544 10.0 0.45017185989291486 1.0784864813297395
983.7264651161232 5595.490985085152 10.0 1.8350070867501247 4.526893075320275
672.7613788846434 2884.224064918276 10.0 2.119880319313275 5.542579775173669
98.35740540180716 1021.4621477893593 10.0 0.8116857258506343 0.41267326115613345
83.08970716394737 2892.20827860062 10.0 0.3221637701122562 3.801842599669622
611.1687827537609 2458.9791225091008 10.0 2.6424848681946496 3.2031725403705984
448.52072647691244 6775.796988775572 10.0 2.7986334323741477 2.3993809133372834
315.3281413706052 1079.0522792093382 10.0 1.1102837907736474 1.613347092694422
961.4040813176304 4377.4135118516715 10.0 2.8718511335185797 4.5738254223671815
261.3727676719831 2894.6053412242777 10.0 1.6645807611217025 2.1911692399345473
494.482786398873 3963.018700217935 10.0 0.8274186751564244 6.096976291546763
302.979399026307 3522.7522358017704 10.0 3.033692392295519 2.331363314503866
433.31474477271837 6249.829674682082 10.0 1.9889546895370858 1.6257359743185507
256.07620941019405 8518.975009379421 10.0 0.5491086493078904 3.0717842731336757
233.36426755967753 900.4705960271953 10.0 0.039436362995656504 0.8074758597804372
956.4533530242753 8697.262120722997 10.0 1.2786236993343656 5.148312589327538
111.92052637416361 6147.6157760193155 10.0 2.0516698847279944 4.683294641921396
751.0282016037389 2350.2725717866556 10.0 1.0095566636998974 2.469976402468283
534.9989195851165 4713.188594695234 10.0 1.6796066694948086 1.3185756974431868
207.9217427128056 8783.58526393141 10.0 2.7140719443465735 1.3131805513322412
409.3813223747276 1686.1788339429463 10.0 2.5263622449077046 3.461934797508885
80.50211829930521 78.09866683231581 10.0 2.9759692405400227 0.8569342745615053
139.952133056652 2523.1400315588594 10.0 2.853043715249522 1.8079942434465537
810.55183785378 494.6438384952656 10.0 2.4490080031854604 4.198660625807944
962.4856609335594 1835.4314774510228 10.0 1.232741845613024 4.3199325133387605
105.71472740566689 5434.868358627517 10.0 2.954450718239049 4.897260202485217
212.04162659437853 6127.263550446016 10.0 1.858035894337646 0.629726366851904
376.37882832601986 4372.460993811153 10.0 1.7347981854753742 2.475047703932322
437.12467010837616 6148.613476060347 10.0 2.1373479501857964 6.26407005695264
67.15173185241974 4668.772943090062 10.0 0.44927142817693805 1.3500115510006814
519.76446665307 7027.0705762230555 10.0 2.5495498917376893 3.722740254803707
168.08433233753217 5686.902576693215 10.0 0.15810492584709251 5.789310352134058
211.67220347208604 6842.674738549085 10.0 0.9718087176670774 1.1308374831924997
440.79938827941567 5118.3037633357735 10.0 1.4520032324216097 6.196162208581867
746.6303231737647 6809.810677923005 10.0 0.4544995693530638 3.500524979110324
144.68122431232578 1935.9822401291838 10.0 1.394177335246736 3.8785583820881553
439.2711159032715 8730.22074941717 10.0 0.5121522134032908 1.0847644615169967
298.28249382954186 2888.339002954725 10.0 1.7189236262540306 3.638513324406165
430.4009536403083 7881.197916728426 10.0 2.4750579665198544 5.478121974266311
761.1047302977338 1947.7291201393787 10.0 2.6754023628894217 5.622317404683262
989.0260099255012 2003.0214116400036 10.0 0.5412989932313269 2.3276938396721287
670.9084951756845 4627.791594527207 10.0 1.6729680089653258 4.310321188758138
31.23598259608007 9549.700339477244 10.0 0.06940028681225162 5.247263905615236
21.709679133533722 1583.6186022793163 10.0 0.9618380037424372 4.095570482501272
766.1020279123741 2867.082029116711 10.0 1.7646444077082923 1.2579274203941186
417.61799545335754 8408.82204317556 10.0 1.0939511748474984 5.922744711879572
628.7448797633547 4462.39328824377 10.0 1.1532309939829644 0.6226269282215939
287.67412544969983 1043.5643151407692 10.0 1.67656299137853 2.7110505638498976
910.7299956321018 7029.27531122591 10.0 0.11678424984103904 3.388982175350486
96.8414728344844 8707.611173262841 10.0 0.30059513516390735 4.005971386376815
747.9452336228467 392.37227916402384 10.0 2.912371233028736 4.401674665855062
338.3091731294389 8772.473660531274 10.0 0.16071199467553923 5.061410734863959
376.11787987872515 1035.5390933547337 10.0 1.3045156641068356 3.0368079934971037
342.2621585882666 486.6973430925259 10.0 3.1119752503890665 5.620129167349191
814.1271788924073 2377.730889429138 10.0 1.3449823470228361 4.331019220380996
186.2749619846009 6968.365315710143 10.0 0.25084559991967764 3.01879414752568
385.268299419645 6460.632993372771 10.0 0.6082412469631757 6.032099166750937
242.48520128900884 7378.874774847939 10.0 1.1680311838295891 5.1952806630253265
736.6243280821607 212.1000016623953 10.0 1.4051095287048072 5.367783643611943
146.70307841379005 3692.049974279704 10.0 2.4344136112991412 3.932504234760885
266.7024543379154 1949.4600390212279 10.0 1.7692029725995078 4.35151186304704
224.61321402845047 8972.65545846304 10.0 0.8702003813014931 1.0403159288388872
121.49052912324653 6286.750864371472 10.0 1.044008683294831 0.2979252371463662
660.225024964724 6578.371420005322 10.0 0.8532196758136429 5.818591395003473
169.0902428013019 8109.949764444396 10.0 1.135119825125269 0.05716008213027876
941.7278544553135 2199.292766779403 10.0 0.2651907257449067 5.396855231431254
613.0833207880964 8784.258019668185 10.0 0.9855347952238358 3.800005797530978
369.90711387929133 3149.0141175460917 10.0 0.15046084137014631 5.364356903698361
154.78670681913542 257.5040424621622 10.0 1.4668778101776228 0.004573707523580917
664.2778176216785 1821.3677505648584 10.0 2.2656896617015 0.9142683741041171
864.5533482947691 5223.727239156334 10.0 0.9656839331938819 2.2995501088892207
952.0914940486663 2726.8689009401505 10.0 0.3250643171342464 4.190253504667232
172.2745313154802 4011.005429066118 10.0 0.42840097834758123 3.3102669957343696
675.3730255693506 5022.938932957688 10.0 2.946953395754007 3.7670416748469884
637.2401190749495 1357.585711272854 10.0 2.8566411184957974 4.967963879338171
201.14346784066817 4951.963837896145 10.0 1.4295994011346407 3.944407388930242
407.51302120170885 8740.387647610254 10.0 2.4543895676596237 3.5700667800284114
169.98508071144036 5101.2525485983 10.0 0.47237051602735164 4.078222471451874
528.9739869469081 419.9326174370821 10.0 0.25498141033668675 4.228855647586329
868.1050456453062 9898.957066141233 10.0 1.4082274175211793 5.937722066943366
514.1931764688755 3865.7696283065447 10.0 2.1596465979066637 2.686607032980606
158.053871250453 9260.01717625612 10.0 1.0860533733262243 0.41883963494936544
831.2844615509647 7726.454790873954 10.0 0.0871181299564146 5.9929901930205505
753.2548051937333 4796.191974354614 10.0 1.211856862104144 5.894787718323457
222.89908136672366 3008.1503463105987 10.0 0.5510499661282993 1.7484705515016172
871.5006341066875 5504.240157248487 10.0 1.7521065438236418 5.861182903107318
15.514641881781088 5625.903360291786 10.0 2.4045711216465 0.8165730136323326
552.5739140895769 2346.3142061459753 10.0 3.0533356212795266 5.81174482825647
829.1756002187468 991.6678111586608 10.0 2.2058903461398676 3.5184981241625284
175.14706557501412 3636.6261721805613 10.0 1.2768504787380859 3.594795033599376
347.8420197866443 3803.1333900713958 10.0 2.7717034427745517 4.788166775567031
958.1184273113561 5648.452945770429 10.0 0.2318855057936035 2.0803965372138546
60.50211910298442 8697.420046887573 10.0 1.2705578134547095 4.540114499086944
481.5407404803519 5355.539093593381 10.0 0.6440920540933587 6.043215070648208
133.20546716522287 9933.705846414327 10.0 3.1087605949611805 3.6398261447941
512.2979416423727 4721.962685783854 10.0 0.9382791503882514 3.28564523632399
822.1727729828041 768.846945250612 10.0 1.832669104403452 5.136007422200973
669.6869068870698 8454.525400886472 10.0 0.4174240056359788 0.7115798615146153
88.13850372834553 5690.052410990804 10.0 1.145081174445487 4.285976714358042
716.0602419496254 9631.728680388282 10.0 2.7885537017239237 5.419623265287599
322.0828081103858 1168.678281941432 10.0 1.9808025591816643 2.741638356124581
507.6862763827026 123.40102016021315 10.0 3.0635348594779126 5.818163678922563
342.5087335570932 3099.202173511947 10.0 0.8939810524692262 2.152883770750383
890.9825875122598 5215.034966880256 10.0 1.3384669189967495 3.0523320396067244
74.4211914616143 1587.440370739709 10.0 2.8128958787652945 3.131106269420829
79.27938363068688 4350.900471390827 10.0 2.917769318993677 0.09040482358361408
570.163696331363 6252.071171801721 10.0 1.7378085535291385 5.67038082589052
295.26885608859254 2409.9938376150553 10.0 2.7335658292470666 1.901273179628854
282.2694746529616 7703.526943513919 10.0 3.123399579122485 2.4114723048737994
714.2968669916047 8428.887056339323 10.0 3.0618475353178183 0.04398152034750259
748.4827681494564 3364.3151518976533 10.0 2.251487622401482 1.6869311831078275
993.653134317574 1185.5387741435575 10.0 1.2249590418796088 4.525734716228458
99.10696449442446 8294.833883552248 10.0 0.18953827402198048 5.758993252409639
923.0162588088032 3558.1287810601534 10.0 0.9942800828924659 5.143190704420367
46.835491918301386 4188.74279146549 10.0 1.485788659587545 3.1796901229439674
981.2096277948224 72.98062000432037 10.0 1.6614061613558153 3.7032543246029928
269.2220437163222 2201.9528203326013 10.0 1.3690679475886913 4.3574460357011855
834.4248755764567 4555.632934958014 10.0 1.2129406950941775 2.479781238934369
343.94603184050266 7779.294676440026 10.0 2.422715841717994 0.18878640734379143
