1000 10000 10.0 10
200
773.8675697420333 8961.057646375844 10.0 0.9696275930893123 1.2945089945066168
107.12009605662564 1612.5126214422314 10.0 0.965196058362438 4.6839813952662555
877.4269320053319 6270.644226075827 10.0 2.073880148695016 5.770372961413961
140.80863496917107 2021.6992696284165 10.0 0.11275495614651929 0.8310267772117195
517.3014154321432 8717.279968685094 10.0 1.2699685423272804 3.776900905691975
66.01000456301153 4004.339877351173 10.0 2.25456256310702 1.3077732885543252
645.6653607790638 9066.204519957757 10.0 0.2528366941689142 0.8542586652922053
609.1068428326641 3446.0116055752696 10.0 1.2056305026526268 0.866224737862937
884.2094098436818 8630.6163039166 10.0 1.8943722971055665 5.623233023373691
979.1280517166364 4692.135594715514 10.0 3.008221892582196 3.1833797695143753
216.33363400157734 4215.956721953481 10.0 2.8663285163588434 4.998313215897998
547.7652587731749 2988.1707394529635 10.0 1.77925501083498 4.856544850997768
632.5264966001992 7472.030608727682 10.0 0.9927206878729914 1.9354164232571949
468.9035582333758 4972.179071951918 10.0 2.543730069052195 4.83550084670619
764.08625433456 3567.0283302159946 10.0 0.3597353808818385 1.070670128865683
397.8225647245391 5383.817205104438 10.0 2.2182841632614343 0.831555628546765
790.3408849143361 8597.507048905718 10.0 1.1381779589846293 5.1066467445810435
720.2241445074768 653.8254610173766 10.0 0.9156018088412253 4.929351962666058
154.5226469584128 7648.399596222413 10.0 2.6995898801231664 4.691835506728255
951.2431182909786 2538.0695088976813 10.0 0.2868799572295831 5.383945009841913
873.4539182200041 7917.106018491996 10.0 2.2686737086383157 2.65859982505188
214.59706949914803 7460.201294673584 10.0 2.9536107867159838 4.2183894889074285
476.20008280226443 3815.7398873134975 10.0 0.41439586999287903 1.958327964368811
962.0314999007479 9727.001313570609 10.0 2.7326039572533745 4.197276712812674
856.846091115779 3465.5810878808034 10.0 0.33479510821121117 1.3006200014380052
343.21684645587834 9280.462227951675 10.0 0.12586370611648404 2.534831309952046
576.5528134151349 8497.80695261229 10.0 1.2422926933452745 0.0918483309167753
886.2531766060309 7150.680426494381 10.0 2.934112335460067 0.0014892763613890481
400.0493710817076 1574.559041562119 10.0 2.6496613075660127 3.272860254094285
398.9391876215539 4273.614111404447 10.0 0.9124826235319665 4.24775321915026
101.71767824857348 8544.407974734735 10.0 2.584690724320806 5.660011770463654
250.96157310172927 1837.7719020351713 10.0 1.5616718467999628 1.4517273877258754
826.4257430131325 4646.283229025325 10.0 1.821316707336403 6.079560540948446
447.16107676769354 3823.8964275705766 10.0 1.304949563341256 3.914424294739537
540.265565952578 6675.923822902624 10.0 1.86764080946001 2.6252743372445173
152.0313338963054 4901.701458218253 10.0 2.706255412495726 0.05439450284870841
356.35210323141285 5528.918515190409 10.0 0.9446264961240662 3.6213183205560457
575.607140910158 9347.728165156643 10.0 0.6744664055147545 5.5319566948613
770.8395716004052 6034.394942836918 10.0 2.399435588386085 2.4786857936778874
380.89778408526155 9148.382709467312 10.0 2.755975899987516 1.1138730937127344
94.31121239889207 3493.4189479537404 10.0 0.5172833805710824 4.4343113020499585
23.022328661913782 1952.2157584079148 10.0 1.7482741672246134 3.1326411328264134
613.6990079266637 8836.170895088233 10.0 0.5872764316960479 6.23723994080795
680.2026706836399 2035.5079919015518 10.0 1.8649897362850056 5.0273543456057475
269.8891171200486 6811.957472296164 10.0 2.0577969227223805 1.0630286159472413
686.7707238584957 9945.224358266621 10.0 2.5479129144238426 1.2627824530256002
886.1699932850078 4126.121977182542 10.0 0.06609959014590719 0.8269405856754865
628.3461919681262 8983.39823633642 10.0 1.8865535510757712 4.901224012780915
232.67864534805693 6937.919106563736 10.0 1.7219287015857612 0.5222537027765406
509.3407403253316 9197.010274649325 10.0 0.7097742942544316 3.0884031982118665
462.00201282840305 9633.4116629834 10.0 0.903281904850773 5.559543183443391
652.9453073781746 2037.4198611092165 10.0 1.7658087691349187 3.6305965711555963
701.0891916635964 9287.45586728755 10.0 0.6211097542883353 5.892554218161534
243.7564221154439 1353.4182406278705 10.0 2.3339658735441295 0.6853380558995469
834.6309521008648 2728.8350001713056 10.0 0.007542928963804011 2.198562122591639
673.1980821069953 8881.959967550272 10.0 1.3878680416865232 3.318106787493933
765.0629041846163 5622.605156176203 10.0 1.9977109069604606 2.456354954841058
97.89510998784934 4900.638357613346 10.0 2.374763414211408 2.071234862364314
684.3482677645421 5483.716334823471 10.0 1.1712458466711904 3.083549108902132
871.1545804724659 7205.966618128034 10.0 2.88563032926699 1.5894800947897534
142.69687822628651 3035.9688525660754 10.0 3.111147044154439 1.7816703438671626
757.7113474667891 4081.5274154087756 10.0 0.9753012097767423 3.873276005967575
949.3763476162113 8830.370758936533 10.0 1.7593750992310886 2.843638316034079
91.89386848370928 9420.051291541638 10.0 1.553340872107136 4.230658002524132
190.7717813942269 4536.956464090689 10.0 2.2551684779925 2.3818242678242973
289.36695942656075 663.4918304157588 10.0 0.7686286940584898 0.7378089160042777
900.8503206635002 824.1289083632097 10.0 1.5982838908215513 5.3375081586920325
372.6071479550843 2725.1526951971027 10.0 2.4942140220179834 0.7394039457183154
169.18666424185625 6239.590472924 10.0 0.4859859281558922 2.0396438651665565
420.26744476298563 3557.93466068665 10.0 2.423893361524317 3.207550116297723
721.7059074789088 4006.921907413211 10.0 1.0774889221648185 3.297648492240188
100.58734254254998 9532.764095735502 10.0 1.741060528904364 0.18076216175922916
259.29996394244125 6151.873803091829 10.0 2.773619005960648 2.1058650817451507
699.0046160962853 1291.2624509913228 10.0 0.008445366418823196 4.376101910388164
89.47367591007982 6872.431899042262 10.0 2.601678895168337 1.7851178053846448
300.12487493208505 3236.72319903765 10.0 2.5357543387770143 4.824255121914697
836.1769468450044 9566.720228415268 10.0 1.2977083503025821 0.6301586735242959
34.20547905478644 2327.4563037410812 10.0 2.8694026435485047 5.275526586933219
262.9793817713474 4432.8024236821675 10.0 1.2557706666625477 0.6317919891223277
548.3095979272603 4336.563462118228 10.0 2.364889949399506 0.10263787025846934
494.74313542867657 6054.446454487388 10.0 2.148848043439042 2.599109653339451
112.28728408423017 8242.206058182634 10.0 0.7824701304801466 1.607604526448534
172.95077449617935 2886.9125955196405 10.0 0.8113272333367835 1.8435461473247918
19.739095502798286 1912.4297426357384 10.0 2.5879088503280054 1.7329108174295351
329.84418904206905 3056.8283333748404 10.0 2.7584552363687114 0.1572609864249419
194.11908605880956 4748.605417193749 10.0 2.744108847109667 4.075406820633546
16.530502672061907 3390.2138096251942 10.0 0.0964675378599399 1.1236694931872973
160.13316755960926 5451.554039187388 10.0 1.3877862923042277 6.061553818941928
970.2119776573459 1082.7174112482285 10.0 0.16778925243548415 1.3510368913748498
790.5891336911052 5574.410182348961 10.0 0.18140334235915007 1.2089969950198063
855.6952312165348 9926.128011356608 10.0 1.565546107996758 4.357214223580339
488.85456543652504 2026.2958672430564 10.0 3.031002582875694 3.85520504540273
866.3368709907393 5505.221906760605 10.0 0.29099073247411167 3.7229896292887124
717.0789157553612 4190.859224726307 10.0 0.6636867191615639 6.056929888894608
719.5811564588939 6279.010284751807 10.0 2.7986940077469717 3.082834471639722
30.336030332797414 3823.744663015114 10.0 1.0252967505997972 4.129710516692728
332.2463249458911 9960.448767412807 10.0 1.4686023531235004 3.862555752125106
26.84324572591501 8393.057818926063 10.0 1.7398269668289792 1.3895815520225208
710.7156732584002 7108.671215056971 10.0 0.7763526906050123 0.05830177675202556
874.4135079814904 1026.8833957002698 10.0 2.719445215179466 2.0440974043896123
841.1896536213152 6347.809709632064 10.0 1.0062578341166912 2.0726169859021364
323.29660089761603 2731.923563818899 10.0 0.7197511672735898 0.18420377080770442
615.1553208188649 8126.464762336955 10.0 1.0748173654641016 0.09669584633145514
365.5657109371191 5047.315697773387 10.0 2.668082486918481 0.8152161783052537
75.22917314649413 6431.887740791015 10.0 1.1365940283371077 5.293459666295859
951.2057979446215 3797.694219471169 10.0 1.130299896749593 4.621808768613329
516.5299699467096 372.9362072441555 10.0 2.1376609066162233 0.7307891903018687
421.05978260837685 7109.556587839106 10.0 0.5801389639376409 2.830046813716302
228.73741187280484 45.86826098643249 10.0 0.26721955140071746 0.009797767620779526
566.7888633565371 3354.9990248693316 10.0 1.7082436882207102 4.967555972887833
913.9932294007573 3597.034266765191 10.0 0.17613143379963894 4.696774343852684
478.00333870743185 7186.882837233545 10.0 2.589840182265196 4.5131914788989365
65.80075199772418 4896.531689839645 10.0 2.5014623687298485 5.096603009409115
586.7201062024834 4329.491931821489 10.0 0.9171853767204331 2.6266736020118766
844.0792128947883 3736.8843252073057 10.0 0.5613564104796694 0.8302588951358186
569.3028041594071 8288.748866334743 10.0 1.1378773914890992 4.374328808121052
231.52922695083066 2970.8079908476493 10.0 3.0203957741300265 0.4002182932910501
16.04154968528082 4646.0469785535315 10.0 2.8511810822639703 3.96884534437806
506.46539108137523 9502.12553713936 10.0 2.7216308892103975 4.480715412447811
28.527725097077127 1099.763625727701 10.0 1.0069926550793902 2.2444840405794446
317.2725713991519 8543.894806918486 10.0 1.1624214270679747 4.37331809447731
154.9805948258819 3918.5170695985516 10.0 0.9631348113549946 0.6290195459800278
893.6418339908063 3057.809194584168 10.0 0.95628986149199 3.5063451682895375
323.68173394361855 3970.2288347530325 10.0 1.9765865607037019 5.409075250361323
179.74254622359766 2788.9376424689303 10.0 1.9305013489984368 2.312410486690597
684.673774717021 7991.054150322781 10.0 0.8790237731884983 2.258091266421117
924.4866427594163 9809.860817153794 10.0 2.736962185846308 1.4865086059886339
519.8794001736079 3258.24282427017 10.0 2.4989994605614534 0.797033839125441
14.041516114737917 9988.272464613532 10.0 1.2146498281350557 4.799628889385992
631.797009128014 6330.993532802864 10.0 2.187341018402667 5.48452728842517
581.7476228013925 2292.1029103897663 10.0 0.09355568903241367 4.213682944305141
870.9294957434951 9023.364097676462 10.0 0.8355199588186114 3.1817405286773397
680.5972276338623 346.2309469624236 10.0 0.2827789671908958 0.7293644712124601
712.1018900741282 7273.299020293206 10.0 0.46481324549512476 2.7594898235909473
553.4302505781183 3154.8430861739675 10.0 2.469920574417069 2.872019924444846
39.8246081363226 1071.8387080014736 10.0 1.5061027716579771 0.32299592651416525
786.0038994980277 4403.507834487268 10.0 0.8452111114662079 2.8400752155379614
552.8583485278144 6116.570841940156 10.0 1.684410994001307 2.8111294793529478
878.0918222063458 2255.0212122167113 10.0 0.6730959901171109 1.026395609929231
448.1367806457266 353.3889923849165 10.0 0.3492592704792631 5.5367339698023335
17.769528231548428 4053.0918450656304 10.0 1.1132114589180993 0.39730681833538267
294.203560710767 1070.6173663184925 10.0 0.31096614709417264 3.017781872657556
94.04191056506761 2847.922370650341 10.0 1.7170121160521432 0.5989503583307373
254.3195598788305 709.5674637342875 10.0 0.02839754972533377 0.9225851032789726
232.96946133799247 5157.757052965757 10.0 0.7055210115651812 4.381889779998291
69.39699710926372 2055.5876880637957 10.0 1.1950081695904553 4.8062593853562285
392.44910854934665 1880.4494417464557 10.0 1.0429614669627556 0.24019215655129691
460.9162195100319 5973.669079533892 10.0 1.0067426178951986 0.5855517327975484
800.8062305421024 6769.119746160744 10.0 0.2657246825748065 6.112534104830875
863.9818600819476 7352.667844315508 10.0 2.0126154231088718 6.101788918553442
274.3538871077487 9385.960602668985 10.0 0.5017840643002989 2.953073428043683
650.6743018467148 7422.209859926478 10.0 0.9775585679489465 4.515533787304284
699.0755631452556 1948.2547225018288 10.0 0.5028420179827953 3.240858965749365
253.85273869669544 3106.3386493139433 10.0 0.6539291078425962 5.38711722287942
211.5877990313777 1980.6677924554028 10.0 1.4119335267195732 4.695705323065492
851.566335645855 6577.966416143659 10.0 1.178876049209386 3.3459288328706243
864.538742857817 5187.876314663 10.0 2.2259374450077707 2.0126724866929653
522.2293690378639 678.1970097963741 10.0 0.8567936564274228 1.6628183365098919
811.5989912416104 5461.597856859614 10.0 2.5385532349764386 4.803415158967547
30.71687174255078 8364.576761814138 10.0 2.3139664525041663 5.716973184167259
297.201118942708 1436.0801950492496 10.0 2.6603616517426483 5.220277965045421
655.536879963524 6852.339305581892 10.0 1.9483562408378323 6.016769909885233
986.1837946085315 1506.1171926203688 10.0 1.4227665019090434 3.6726267443212866
717.2356949294468 9612.706355957465 10.0 1.0731361832517772 3.420822132388395
418.49703934167314 1721.6497604645308 10.0 2.182789705196061 1.5537714404844456
718.1921294319129 1892.306462816018 10.0 2.539755297127037 5.112532521757628
624.1247414773574 3473.017581475244 10.0 0.6319772381443797 3.414528306048826
253.9573536480839 7917.77408775109 10.0 1.3940087360662359 3.1336683208746905
183.38075329883097 380.9225516852832 10.0 1.0547053212250013 3.4752189628911663
106.29628785929424 449.59258252019407 10.0 0.8951386839273429 5.401937197180648
267.73470542904454 6305.16522557693 10.0 1.6524211676859777 2.0537488884518784
178.0869106346248 5849.242300890054 10.0 1.1903853477070407 2.2127844507392704
446.3238422750492 8886.220954770466 10.0 0.29149633157091953 4.8104150898317135
180.23378026793745 323.7163048823144 10.0 2.97058597293531 4.123835062615517
293.3073346384359 5533.712462771195 10.0 0.5611351197040262 3.2631921269616964
230.7519219705384 5511.468696870939 10.0 0.10277955455483115 5.947863467234598
81.21878427237661 1275.845768497762 10.0 1.9547743103697963 5.7130785962924655
776.1774009596996 4073.8534936779624 10.0 1.9946191444388874 3.3279425172614725
95.47383098400897 383.8711931610306 10.0 2.7561032188510506 0.7943228531293893
495.4607413957901 8456.121532810386 10.0 1.5670852668901203 1.4436526605872717
355.18865901911056 6185.629583187941 10.0 1.0139352515402846 1.3289258152304768
96.49963796811467 8482.033103467505 10.0 0.27613613618328625 0.950332309714109
775.4657843365834 5982.249730590553 10.0 1.7667093087024988 3.5763523966823696
165.46694871886015 5946.154910048518 10.0 1.3473999795304246 4.3728122516054
56.3033441927876 482.0560058876333 10.0 1.7636846044698462 0.13306869191274728
479.0903637511802 6867.895708028424 10.0 2.5539330313457147 6.06446224314714
833.2843675007921 9665.751812449911 10.0 2.2551076428813626 4.094951025564043
440.0401332915912 4571.35063554242 10.0 1.802908550115553 5.811401437912219
875.2017481956826 9496.938994963486 10.0 0.6780632085683125 5.967291779845285
545.5806909591677 9255.013721447373 10.0 1.3081672041727088 6.051110055131931
363.7758694575728 6392.037544283819 10.0 0.8147141744344758 0.006228199370700182
49.642935691315834 2215.4185349167833 10.0 0.052550422684418945 4.510957105015781
540.6204445612635 8863.665805880555 10.0 0.10362256560538131 4.61791187913183
228.47307523384285 5388.775621551971 10.0 2.728446500620823 1.9261430762375378
256.61332103852305 8251.547247779183 10.0 1.534838854324143 3.012537579162535
910.0142805550381 9374.661997200083 10.0 1.8737485892344758 2.085054380575341
208.82834291315433 2955.002281566238 10.0 0.9554710635141692 2.05811082330984
177.17771719315712 5605.831418967505 10.0 0.6615627881633532 1.870378527807303
900.1843843954703 3081.089180707278 10.0 1.9288082062630478 0.44258605931956985
405.1587931150903 828.2040573805083 10.0 0.07414295909558488 1.9510516091832544
