1000 10000 10.0 30
500
878.5031599493152 6357.883704929227 10.0 0.9650520981682099 0.5479052134985012
569.8565170064674 2115.672443211779 10.0 0.7519798937426354 3.8019373068929125
277.6871499166902 1960.8215208895385 10.0 1.091438423747342 1.5389232322152957
960.5152319735831 3782.245094227477 10.0 2.134689726787405 1.9209604788683643
101.19851222986887 8812.933995583511 10.0 2.5576220793983184 3.778911616493054
536.2850829907502 752.9994139019658 10.0 1.0649732628198354 1.0978418528808938
132.68742514281405 6010.967987463842 10.0 1.078861200614615 1.543899658857317
113.22234232831363 6215.974308198572 10.0 0.33050205382429537 3.7512331854028234
536.6622608017186 8460.142445165331 10.0 2.7421580886334835 4.199161791098152
423.2952308880074 8349.585642518468 10.0 0.45403548570904345 4.623130388155411
283.59277521900015 5874.09594740304 10.0 0.4011987030954101 4.309968562604823
355.4355644831099 4349.734086074567 10.0 0.3989832626295563 0.3640536144703338
684.4493709884158 8245.17277675211 10.0 1.4199556104652058 1.4147476525249219
292.3545756534952 6571.784010529266 10.0 0.1987708841170398 5.1164769293313075
69.83451632559246 4699.107548244965 10.0 1.8283986702750554 4.5161783309817025
703.2792125293604 8951.469831673725 10.0 1.4971160483959005 2.22061300939529
898.8628696795572 5148.172027253195 10.0 0.6594900496380157 0.7483938918625327
402.76498156411867 4368.798439131459 10.0 2.771718345304446 2.4984982148537105
832.9460966420195 6656.846020235008 10.0 1.3671842682482562 4.912966171055156
135.74177721127222 6119.005369462608 10.0 2.507229649913007 4.152002230688148
559.6386378273436 8934.075898309755 10.0 1.4176289006798835 4.554250116632093
398.9489218279459 9154.629418843931 10.0 2.3776204021841423 2.7395571247038393
401.70103284815394 5866.181668664913 10.0 0.20549109228265056 0.08976543574554
658.9154192956393 9262.76953468282 10.0 0.14186182414328646 0.20527027986219254
996.5363959578385 2504.4765262860524 10.0 2.8256595602619274 1.7900816373652437
376.64214482977934 841.5822003352368 10.0 0.4413564380620665 1.2039912301634006
581.1570880691468 9421.660620579081 10.0 1.1575629079145182 4.053103785844992
499.14168389598854 6440.086505047139 10.0 0.21631320838232096 5.386258446140862
667.8370391591192 8851.052000799786 10.0 2.4693363384590876 2.97074678470581
327.9925352540697 3725.3371249460697 10.0 0.49144548566736734 5.877841256970423
145.606743417799 9522.716698377364 10.0 0.6052791779863868 5.376264613496395
925.0635624109735 8041.027266301856 10.0 2.818983489242573 5.75939837083528
92.74634389806246 9610.56023949476 10.0 2.375336796224224 4.264035336201495
465.5652222392407 1221.5845535979074 10.0 2.8594715007861877 3.0907080900371255
835.4339109804067 9704.44500470406 10.0 2.6392529844407946 3.8585520807262155
198.58368601017727 9825.824074300457 10.0 0.6493992570210908 3.4088793797392527
37.70453257570272 221.39297222492195 10.0 0.2837736861205615 3.2509774700236274
925.2540165198092 8454.218508129155 10.0 0.7662274138872804 0.8202224709043047
857.8767764873727 169.9387832450161 10.0 0.42182732188159916 6.172044644561013
154.72888163532429 6313.848584140912 10.0 1.5195070605947438 2.323150347553643
456.60258244025465 6681.694081480678 10.0 2.3350790190827433 0.3771830910213458
348.0989306871414 7695.0971461916515 10.0 1.3565222296822963 1.924272060638042
391.6970920435467 7224.187394764511 10.0 1.74098975244607 2.486988312218767
910.4209042523862 9524.149548547231 10.0 1.1908044673296712 1.1761967170675163
684.9043773375482 8909.03954234273 10.0 2.1933883278446342 1.8031682899995694
841.0101476472943 1655.3615015398348 10.0 0.9968176625915478 4.690357801758676
595.7555538398483 1809.5390591663308 10.0 2.936630166293071 2.6156432041305075
202.15338260748416 8067.556716512027 10.0 2.3658851327137045 2.430374893882885
387.67535049938664 5701.680228562087 10.0 0.4338528374943519 1.6625260255110057
816.3981318021389 9628.320014798988 10.0 1.2294907603997636 2.4277472417353767
621.4935107153299 2142.7239677365706 10.0 0.734531081275277 2.8692865469592475
852.5751945534241 1590.3440031601324 10.0 2.8653775624748703 3.203282158832755
761.5172532913796 6301.347212237211 10.0 2.9328223066150922 3.4181986843789325
210.7100096136334 1483.8944588700065 10.0 0.9810748730127661 4.0935718483334
129.32090671213402 5453.440671294535 10.0 2.718183599290923 6.150485071670996
865.9798323626126 5569.457518768696 10.0 1.684964376621758 2.4561825515414077
490.409265987088 3557.618886536108 10.0 2.9732883854439303 1.7770356662587643
581.8721226937002 4514.627631499694 10.0 1.152792633469237 3.6962378928226913
808.9104799750847 3824.5050736995113 10.0 0.3101125433582076 4.174448879472892
652.7012423140876 1459.3045081360879 10.0 2.5121290546513437 2.5128393541709437
955.4552792051275 3693.8517741084374 10.0 2.043458547875318 3.702454532212016
585.6390141900278 8133.254379638559 10.0 1.173030177495351 2.148708422697636
403.3981807430109 9133.562254230832 10.0 0.08128729506826764 0.3592848474582957
882.4158181797042 7190.105509979543 10.0 0.5654634782437976 1.7671622239649631
198.53745776793775 7674.672860519318 10.0 1.7842201133769082 3.7022015892591935
330.84845358702364 1421.8346889873735 10.0 1.648918770335586 3.03184040548353
737.489830783545 2096.3601502657293 10.0 1.8620788256921106 1.1285175583126559
466.3506156646947 3017.8096618557793 10.0 1.4512227999997693 0.5708174092778041
139.8760944328017 9175.034868315124 10.0 0.07221621502288278 4.497401720631697
113.58290970385431 8532.450105331198 10.0 2.1214498107690276 4.258924354797115
249.47416583242455 411.5854727840451 10.0 0.6237829572981275 3.9002105596805614
168.39791446247753 7725.569797843304 10.0 1.3512926281628568 4.59283735981997
549.4955970329174 4150.8336521574065 10.0 2.2341078841756326 4.533077610974525
30.237151514604154 6939.4611779809065 10.0 1.7781048228789555 1.3493916259586443
527.1419108600131 1007.2637173449106 10.0 1.1351355429092158 3.753839852072436
345.1358671533927 176.78471506119564 10.0 2.369995254706784 3.6600814836848277
272.5968996011706 7011.089279646863 10.0 1.8389300621316804 5.737216988529646
969.4920140434566 3543.3289800602483 10.0 1.5522039449339935 5.453280115396776
347.6112979469699 1388.7196197509234 10.0 2.982319280591162 3.0669520773444368
314.7556000258124 1219.6989977754124 10.0 1.778679422340849 4.61836378232751
208.8359472993161 8391.687296064498 10.0 1.75437397405335 0.6876809065236724
483.1946944133486 3625.9983959584442 10.0 2.89658423928309 3.8698283143619756
721.0597361964257 5088.101409161095 10.0 1.50555453840989 2.1304619691193825
854.8944454446612 943.5683712138309 10.0 0.7111866627585535 1.9753213809024366
545.5085606263749 9530.685313930537 10.0 1.639571572102318 5.1603993977194
36.1450639580343 7657.843101442538 10.0 1.6608112389958536 4.431867737063066
438.3616858367315 6215.4674430422365 10.0 3.081479057203827 5.300107271555479
329.37541752605716 6286.387083317173 10.0 2.4650628500985965 2.5639483448981726
744.6414628394087 8245.179786480549 10.0 0.569064690820162 0.9703721298651321
134.78822736555964 956.1748441327001 10.0 0.6338686565783835 3.5347864707989287
622.6329525816134 8111.43470241815 10.0 2.9150367872655414 1.843356208475132
943.8529981732948 3994.176792885149 10.0 1.9793131455415913 0.5542411001168339
783.9896121477037 1509.7361688083633 10.0 0.6507950866914916 5.875363367853838
834.8134555130148 1195.313373555984 10.0 1.482418435992512 0.3321797255696154
784.6810967739316 1101.3908610501744 10.0 2.3098965974899586 0.02158445117258398
630.3650472096598 3931.839273797824 10.0 2.6170148896508563 0.20232476803880808
151.9398014274589 9636.382094146813 10.0 0.6425393188237005 3.506920602864487
127.65935043153598 8768.220969586264 10.0 2.7881678842575863 3.6911098846580694
882.3620392694309 4351.267469857469 10.0 1.0147508732311505 4.451778287937224
60.7912016865203 7745.570327608975 10.0 2.133323719065503 1.5140606889968804
96.32039879711196 7056.16259671078 10.0 3.128733349260096 0.3640872073329401
705.9251604451684 4999.696577381342 10.0 2.613548655954278 3.6326442804763572
883.8431397319617 6824.876715268643 10.0 0.7738101511309433 2.7212101419986214
289.21725027663746 7876.837512214677 10.0 2.8067460072421366 2.2302096356123307
627.1174451201377 4702.257157585158 10.0 2.270965287601488 5.666291547820618
607.688446649266 3211.135732799142 10.0 0.8833178378249968 4.647041692998778
334.77223325011397 2342.8106339176416 10.0 2.8027332833145913 2.095790513240189
523.2059670404316 1927.919078893885 10.0 0.18058258394499013 0.4251861845828146
773.0970264789323 8994.660287291248 10.0 0.8268206550763332 0.038854489282918056
239.72891446391574 7636.850243322666 10.0 0.011284736455929818 4.6446596220263885
429.3532138711279 3742.902262143238 10.0 0.7607907451163268 0.083168301299275
523.9740841902384 7379.006278389386 10.0 2.250823149696685 0.8609997560279212
592.3337353552695 2426.4240804096694 10.0 1.459210579366515 2.986860179355416
279.6586114280587 5191.951871324707 10.0 2.2013677210398153 4.365584401527781
85.32763606086158 1142.2490928211848 10.0 2.205982287152676 5.089508207823179
135.47550071010482 1656.8680674536718 10.0 2.131471816966786 3.105230608767474
436.64555579345586 751.4638598468804 10.0 2.1813113737900895 3.537940016715687
956.9582304639908 5091.798455050345 10.0 1.8521842560706836 0.1240933691282528
522.8626693659414 9300.800404150905 10.0 1.5640908615488132 3.4973862918299514
442.39085349099247 2555.077694319046 10.0 0.015878612472445985 5.970562368502627
969.9348968747023 1773.9248990885426 10.0 0.649505674966843 2.239791356462887
212.91976448140005 1323.0014987417703 10.0 2.9103044032936825 0.7286551322561761
847.3452796182243 9086.505554670342 10.0 0.4302468608648247 1.9701043010772556
57.023249815713605 4005.803025737157 10.0 0.6066507749721475 0.0015355681233558184
440.4359756683869 739.1135752009903 10.0 2.5919360415485304 4.2912022956858005
239.49540056223307 2965.9975415854324 10.0 3.052703584465358 2.604020941599697
136.08276334144375 8042.026001213767 10.0 1.3755767381697743 3.6107518230571047
35.10024314998661 2203.1577098614916 10.0 0.1513097364056046 1.4155983878765317
706.8681994829237 7325.989450807943 10.0 1.3859472852734533 4.647290546890035
897.0526313746483 7369.181442836328 10.0 2.8178795155696954 1.6552232775516869
528.9092553804278 5053.008283097691 10.0 1.9624728849828355 2.799018698368336
920.4820894925131 7078.116527734126 10.0 2.353603149993382 4.976340964952525
518.4962403202305 9241.2202966992 10.0 2.6118458065664085 5.939658602096136
511.035665772443 1174.6018066368824 10.0 0.41572376162282965 1.0327789786974115
822.6988430522396 4117.921176284606 10.0 3.1056515443887283 1.8473503968699718
418.77630663581846 4124.991431603823 10.0 1.899413605233711 3.453766727249379
549.095870211223 7414.800874635204 10.0 0.9059927708185486 3.238020164423632
547.5329523154381 4195.219515105888 10.0 2.061279221283868 5.374316938600251
69.78465351989149 2219.454707844508 10.0 1.9338694630853075 2.352555663314408
199.85835007334197 1579.4723678948342 10.0 3.1415078374787466 1.4149720126048637
684.8264589525845 7797.231531539738 10.0 1.7902131656915223 1.6267444620008826
667.7511807892718 1143.7285501336225 10.0 2.279289853559612 4.664223539422432
680.284309269402 6297.480956208432 10.0 2.13902071724809 5.800387073162859
329.2986216196129 7948.228637995442 10.0 0.1156976917354657 1.354083572646107
66.00933703269251 4758.262193016215 10.0 2.0837242403480105 0.6228698631989484
661.3953817449893 6212.939327400585 10.0 1.7237842540566337 1.1183826655022695
528.3316846349718 4323.578499859132 10.0 2.542707110587482 1.4319446594933063
828.6958181940925 4890.0729575346395 10.0 1.1406189800548399 3.002158504737474
382.812820958819 1087.197062321792 10.0 2.7250095858543997 5.125851752293301
758.9551911136571 5507.7244681140355 10.0 1.2516365932533355 0.554190446139677
562.2147473054414 5477.11865181376 10.0 0.008596513953552137 1.062163076020397
864.9162705913958 448.689778768836 10.0 2.182551993733642 0.10908460803896626
924.8431186746493 9594.76129139798 10.0 2.1673610321982584 3.2087797064495702
822.8976449744467 2328.527082968138 10.0 2.0952357110622395 2.8033678962148723
418.41982008815626 4422.9145974856465 10.0 1.9881804703906323 4.6114563136337265
68.23989063608138 7636.923629247701 10.0 1.6622668341943296 2.9718137820220445
884.6417632686251 1316.5337217771146 10.0 0.19321747090927233 1.857254158260444
917.7659456826484 306.4311957986854 10.0 1.1386867927503406 0.5923461852865207
539.5819425552752 4690.432169326449 10.0 0.005245286100276801 0.023072998019969072
479.4119742133687 3372.6314155668056 10.0 1.7260224290085897 1.8859279908529305
415.08904598189355 5317.936531150528 10.0 1.1517271817668477 4.416991973529089
759.1846240407037 9389.795573531102 10.0 1.7178991619190715 2.5981899097203223
296.34168274980846 6154.564716940309 10.0 3.039224844290734 0.7077598373633998
625.6015828821013 2766.0980216548583 10.0 0.6931080027890303 0.3258348587299088
940.7139477047597 5100.7924399286885 10.0 2.4823668394737712 2.0067939898395912
541.770896346585 9682.449844834646 10.0 0.6746512482507379 2.1402407641419923
613.1079593671321 1617.9685708970992 10.0 0.43133990090306745 4.276802743446902
225.26603468337913 3759.011848834222 10.0 0.24187178783902102 1.6146666327007815
222.91015917971146 6611.441952706895 10.0 1.5113385883673245 0.8880224824690575
645.9523429793886 8133.451491872474 10.0 0.3593192585769129 1.4632254709383472
597.7272692927488 7494.963049052494 10.0 0.39758274567978 1.3687428784934976
21.921601002405367 7115.005289543755 10.0 0.6307000978414302 2.4909566409060298
679.0583761755302 2850.422944316521 10.0 0.10039544134995682 0.9675854595022232
723.6906775541465 3078.4082600017614 10.0 0.029175442236201835 0.5056399369947854
675.0591938364253 3596.9907585439296 10.0 1.206080858259744 0.012252417397843185
246.82056594574354 6761.756483939445 10.0 1.2327051187755882 2.99687106657692
455.55490688539146 83.71400607211754 10.0 2.4357032372587932 3.9742463261221976
663.1120462301078 1632.3600994651865 10.0 2.770572660745134 3.560485357269567
724.4579377935473 7019.642440293372 10.0 0.26219436741838903 5.834905253497428
210.53441726598288 5484.654073006405 10.0 1.6717339112992124 4.413662483174057
754.7464648890856 655.5393915459995 10.0 1.2443525871782917 4.1843677566424535
932.043223873144 4934.225779974396 10.0 1.8166984581316636 2.987652751618534
721.1604452260756 5131.242705232428 10.0 1.8314378562128248 5.2417360563605095
523.4434296041364 972.0239796067243 10.0 1.9889008699923527 4.669123158249157
915.771184932259 7402.736530445796 10.0 1.133205044396007 2.537794505014281
800.4543403716239 6242.810825424185 10.0 1.2387707953600149 5.951398617386319
381.58045866375056 2662.9991209413715 10.0 2.9798755052527706 4.970660405134961
445.13231967480306 7211.919037027068 10.0 0.2688486000363671 0.6418161336127889
749.3060328860328 4670.6863341123835 10.0 2.0810551001130926 3.30317126571631
941.8077571261515 6884.378482370931 10.0 0.32484043878957786 0.5103589510788619
312.50903581560993 7900.714425184686 10.0 0.14348953151200286 5.502643396910313
862.6923533737053 6240.471390520201 10.0 1.8629031459943637 0.5036761268239588
626.2202895120324 930.8060691207809 10.0 1.2035707621394227 2.717472375461011
913.3131458672291 5051.783051723013 10.0 2.9072572860226624 2.4317651989856013
164.22114381220553 2978.059109628286 10.0 2.1893557071336103 5.715989319070194
397.9294652233487 5241.806405241736 10.0 0.9392158007344061 5.260276553161658
820.1354433089527 7999.604128431752 10.0 1.795439107803048 4.157263715540377
15.088926263038926 2455.1656581490533 10.0 2.9441136792652043 3.6590862656716734
287.4887407604544 3271.4090676042074 10.0 1.2739390551665235 4.227232400320037
143.4789340491841 3999.520241250495 10.0 1.904134085029893 0.3294669306788013
603.8911422633734 1859.297966692821 10.0 2.9461794194075686 0.1514356944040169
28.229846250504732 3824.2122336865236 10.0 1.3325365887488847 1.5038743239549288
394.4998156199006 896.2433140337589 10.0 0.4586788486656571 0.5602222770607852
527.8259666857628 7699.718934904084 10.0 0.5841879439294745 4.282269863611525
599.917629187918 79.99452913645122 10.0 2.716346179763019 6.058409097834241
331.7808615518286 4261.974684126225 10.0 2.1175502330834317 4.889258589999604
723.6839600950951 7305.106918409754 10.0 2.264286955260277 5.568180965543499
809.2328081110727 85.62144534130289 10.0 2.137712460214347 1.958442920666442
884.5142210625004 843.4322054998911 10.0 0.7369553845499193 4.0361450973780935
898.6172771235966 9450.254418608765 10.0 2.233675258459036 1.937122812496731
208.4439584540305 9987.133413890746 10.0 0.5752599527390895 1.418471530172747
698.5719384248017 1963.7225682320502 10.0 1.8686789063486655 3.8593378152514104
346.0341676547858 8568.286469635084 10.0 1.8029302876511744 1.50847970014411
670.231143087875 3706.547422869161 10.0 1.482802523752602 5.137895735461337
149.79376035108126 8269.13212143113 10.0 2.5981431563325224 5.078119363312803
611.0656025396868 61.52175176500463 10.0 2.7701619858236817 2.481795937584245
796.9756882541913 1137.0380872215312 10.0 0.04021491628540992 6.20744916206375
810.4238529912327 892.5530367979507 10.0 2.9032117271618976 1.3153565742325366
892.9027248957408 3218.237185197428 10.0 0.7629332123584859 5.963820070686228
46.93157572840123 1236.811332867973 10.0 2.2532010478682394 4.6638583568012235
339.9793280804563 3724.402028936983 10.0 1.7660182536117572 2.6146044069117416
337.9050263480744 3174.245169720106 10.0 1.9589374006449265 4.306796004583357
7.545919900316167 6646.1182447649635 10.0 2.952566532686844 0.8095152228562188
600.9350830695946 7038.529185549899 10.0 3.038926221806521 4.853808576186582
487.7314630034289 4227.321037893646 10.0 0.6483924492680672 2.057947028492096
637.7976382153856 2633.5042397582074 10.0 0.6777986544946525 6.155006764227116
472.4610052978061 4214.754904763306 10.0 0.1091758684617037 3.2294198144282413
100.84716336572663 3619.173024649703 10.0 2.660857000498695 2.9751043460249647
536.774168640907 5296.520945613495 10.0 0.9837201730971196 6.243262151484257
352.04935854598074 731.3145311456715 10.0 1.1849993120305176 5.882886666180037
363.61099292480105 7643.773139325321 10.0 1.5932103109047675 5.98535486881764
374.80911245424807 1998.7779296138986 10.0 0.8472806703161216 0.9137538853988568
695.221237767694 7969.627513025266 10.0 2.698313161748205 0.4587753506907762
148.75027268361418 622.5213815545571 10.0 2.194242470282702 5.8949123186718335
546.3535308699222 1019.3440038688617 10.0 1.6361381241969184 5.914127081145065
147.60323688012522 3680.4552256578227 10.0 1.2217657559477464 5.902468569517399
464.380532300388 1905.8472551747175 10.0 3.0519938407025538 4.727467370554522
870.3566924273064 7322.153042315367 10.0 0.027156773138282974 4.279814203789249
871.5163473093461 6204.645175751752 10.0 0.9796429996556177 0.408768217462043
565.8298359733224 6617.49503199046 10.0 2.609421944380079 6.24407537419791
774.2825431980305 7222.210237991422 10.0 0.9064928230949674 3.8362664670349225
560.821243929402 723.3025176630448 10.0 2.0150153989431603 5.005605762745055
375.3788910823206 2351.884951271014 10.0 0.4491070768972993 2.5775252444880716
851.9905389911124 6532.030465446117 10.0 0.36925801077705106 4.197188524195736
373.1151806303585 2931.374623594637 10.0 1.9878658415032986 4.427937303236213
871.6293590872303 6466.574970944632 10.0 0.44646909536161566 5.166257918341277
983.5602956665399 4515.888773512167 10.0 2.5896974888219253 2.823969735973574
587.4776918514109 8585.265213156468 10.0 2.465027733132081 2.3515833854931922
970.5648614688857 6980.994975795052 10.0 1.5809852810024103 2.3857725052645367
346.74179044875666 9661.094811829907 10.0 2.879869593895908 0.12072732317757962
218.81359949815672 6369.247620496318 10.0 0.9447035032920492 5.653523527148472
124.47017343674361 4399.262313594605 10.0 2.155098604166773 3.183534658221888
635.0638121444242 2894.6521651240078 10.0 2.775570568740605 1.8827589582171558
86.44354451299641 6457.076860367557 10.0 1.0104584497215665 3.382742449891947
412.72612577887946 2019.0301162702274 10.0 2.5292179492185936 0.33473509122611217
626.7354105008503 9430.296753694305 10.0 3.1199200005723116 6.083152933906922
944.943653926274 8014.345543942462 10.0 2.719515297637906 1.2722129353619267
290.0990322595173 8469.960023264948 10.0 2.1853309597883928 2.721533196664072
921.3261782323507 1925.0559062477146 10.0 0.2469573494502448 0.5037864823061952
239.33759862850346 5693.770317422583 10.0 1.208514851698173 4.995313534583939
393.4951588643707 8344.549254274845 10.0 1.857382264553987 5.5101493941178346
177.81334004947914 5056.102513816049 10.0 2.614858627960733 0.12835839900809592
844.596090062708 7919.732457470809 10.0 0.49357547495865395 5.057379449706311
887.2521963037694 4840.68756821844 10.0 2.9146068890606442 2.3821424465795227
547.934422263551 4997.829166594916 10.0 0.025751398183608706 5.419120854239846
791.0000008778244 8440.040925157457 10.0 1.2407384609885572 0.5603461604126465
749.891246135717 2329.4538681803147 10.0 0.7031150440667124 2.8561117326149517
202.88671443845186 6585.696467070697 10.0 0.4717714889254109 4.949536554837031
462.27502700684244 7242.022461220396 10.0 2.9673649402491504 2.3333444918084547
171.85473698539556 6693.309804091263 10.0 2.4243902876710615 2.868723751322898
899.2656073736996 6197.562208236427 10.0 0.08980426784408409 5.5303819992120316
82.50768960201049 7486.689975450404 10.0 2.5277786258226387 4.279314436007842
844.1067585213202 7148.982161996349 10.0 3.1357546679945805 5.868485995138248
421.7357326245239 9564.826270328951 10.0 2.743312488847495 2.3362128370052506
480.7034467916126 1608.8713158836242 10.0 1.17369664578704 4.716266002233892
371.5739378105002 5075.970356731392 10.0 2.588402514516413 2.0572563964190476
475.28032649415144 844.8801402622097 10.0 2.3345934676350013 1.6745070140685763
138.44980367874115 2162.8352853137335 10.0 1.1653061104027 1.6819999554406482
343.2572152178932 3115.7538704236586 10.0 0.5193576615810127 1.3762158140869702
178.9760814239534 2342.9768466511814 10.0 3.0404239714805934 1.3572167129721144
386.49844351611017 1362.0762632004423 10.0 2.364343033354122 5.410505555793102
732.4452911510564 1488.4172842549037 10.0 2.7554348329220955 2.2599465372166367
736.0917229645819 3265.7895801283034 10.0 1.6743217799925507 3.5320291139446667
320.18225229465446 7568.574681155516 10.0 2.0768409276142643 4.82201486749534
285.81319359734215 8092.54839665464 10.0 2.9461070554632323 5.021209295455185
121.91068759358281 820.5601830309306 10.0 1.7785556123437223 3.7243723965396796
551.4346597984689 7230.976646060219 10.0 1.6126330290816437 1.8348621339526092
389.2901574308236 4510.907344271671 10.0 1.6437518624019536 4.033139931865352
741.0294893896996 7842.883783957688 10.0 2.210299817222585 1.8018346010567419
306.7798979987643 6952.7919601652175 10.0 2.3168834510379215 2.7386359029328156
571.4331924429404 1538.5064272961336 10.0 2.519748303066353 1.5121056471567267
959.9852762077105 7942.811067435026 10.0 0.2805961048821371 0.9099744262866991
616.0150427987423 2490.83634562416 10.0 1.3209270654739442 2.5964508895415066
321.6436210621406 5281.376421577718 10.0 2.575162682480922 0.1512881858141138
218.91698978781315 1903.0988488607425 10.0 0.2241170913511132 0.7353798575501582
415.405405192935 9540.792101809595 10.0 0.6988820297611953 1.448276717576313
260.9162305872151 8243.442523832151 10.0 2.239905124993599 3.970559164364197
67.56693277303916 7745.07207360661 10.0 0.992909352473981 0.9318369336725008
312.0673256298715 5160.902650190643 10.0 1.1117165349837632 0.23264923058949957
906.9113196180778 9125.565795026992 10.0 2.254272120335654 3.789069830380711
956.2805776763188 1496.7026007345075 10.0 0.20221371731324053 2.9154013492975013
522.8131691907398 8616.451645608426 10.0 0.6017795375110533 3.7245298026137377
322.9925793190688 304.95503520449495 10.0 3.12089229491707 3.303754312354556
941.7639463772896 6254.159334988994 10.0 1.8739702448732671 2.6090867912959834
111.08526954890796 6296.822796733685 10.0 0.7470139336662657 5.809667893756716
832.4740115485653 3144.7872540256562 10.0 0.632489289324022 2.0113031537890196
640.2099182435588 3622.2072059844945 10.0 2.078562234549321 3.097766900680864
99.70743015473316 7163.575404018901 10.0 1.8686147026245794 0.4079921576388837
714.6719396237759 8403.020607411812 10.0 0.04367304881036267 1.0810845069677004
777.0060195550568 4050.494874928282 10.0 2.07482401859231 0.02549022451070892
335.0332143076209 2932.1098941105174 10.0 2.957430036229702 4.276058418925261
378.4587706836899 2066.0199471113215 10.0 1.0667321141348534 3.7012341986100674
542.5877539527667 951.8921125172785 10.0 2.340125196961453 5.523618696392096
119.67305409869144 871.1426698834413 10.0 0.48719917713640676 2.575584938588585
931.8672465565411 5926.762689443016 10.0 3.067486661456383 0.5212651994330464
668.1035021461088 7795.691893612022 10.0 2.2584750887692384 0.9769324068971172
616.3326963831698 6723.3431196529755 10.0 0.7061393567376998 5.199528554048534
332.8952971612954 7159.022494600957 10.0 2.1840885741120486 0.7702081052933902
682.4081675967107 7612.625452721141 10.0 2.1596710223686326 5.281523640191009
854.3977201864036 807.134012763977 10.0 2.961920736538295 0.9566180380501617
417.01321064758514 2008.0807899049546 10.0 1.1821076159402666 1.4129584447495849
203.50433994893314 530.2825786979537 10.0 2.540263089663616 0.7681672620093065
843.7500773487463 1853.791588458681 10.0 0.17178050091937774 0.6614893982101883
50.97630007730392 5525.148851927338 10.0 2.4986528635100114 2.3545287400084196
352.90190880862025 7076.669545207559 10.0 0.797963580402201 1.5338576207629915
816.9045255047863 565.6236862625774 10.0 0.2392666538564087 4.447422036136901
460.39817352021186 2016.825338806163 10.0 3.036985553630465 2.3804799960241705
460.46747740111584 3046.2750636075343 10.0 1.8166832063584446 5.091199820726798
980.9037558403493 8250.148053695426 10.0 2.714435568240965 1.7961116135574542
420.1405979580866 9562.557192594864 10.0 1.9130375352706057 1.6832174574278773
150.1877262893 5717.160639687552 10.0 0.4266312237730616 5.1782904644804
364.5135304760695 5191.826878006336 10.0 0.7731001480798244 3.271091688883084
481.92824605879525 6572.210347780353 10.0 0.9423927011808922 2.910590009846094
663.8716062550378 1139.2261947118654 10.0 3.0355061957877623 2.5097162474437007
394.1096446092764 8667.061762728941 10.0 1.8211241666731146 0.30583365673504825
742.6977656934306 8912.496944613298 10.0 0.7304272744579674 0.7649589474139951
890.1681152938207 8082.947722191809 10.0 2.1845262962264598 5.086037232996106
723.251025118827 1689.788240006701 10.0 0.0480423899457554 5.492574624276928
830.0421349447848 2625.1480526592354 10.0 0.5328099939453859 5.41034579832628
20.3778877217623 6044.519488099524 10.0 1.471116851734119 2.2730696039381826
576.2840002065581 694.153721661025 10.0 1.5471610268966498 4.448952517450859
797.7130559858164 9691.361535706717 10.0 0.7300281546288807 5.98501933143858
50.38859400104656 2447.47985445638 10.0 2.340121952979299 3.1425993771691245
445.4253447964046 3417.398919414403 10.0 0.2841599296757728 1.8604247052897478
484.4956631505698 2666.1927397893514 10.0 1.6575863642960682 0.28723914353585167
489.6653686882427 7862.533670555235 10.0 2.969426643836883 3.4267192876421957
403.6219217104673 7240.208088930743 10.0 0.923275004251308 5.256015862593729
593.8711631842326 8313.197867114965 10.0 1.07779542962631 3.521496321688773
623.5791790797105 7686.429472386033 10.0 1.359480868442604 3.6928441760517074
562.0879039038102 3173.431433106604 10.0 0.0528104552170035 4.543861497750323
299.7347850900751 613.7845710192169 10.0 2.203268059566867 0.29504462921362656
504.4580100533722 4277.391110933057 10.0 0.5315941611014946 1.5178537374378227
311.7705538892673 1549.222280013456 10.0 2.6811159052205262 0.47949829423339674
575.038012043659 9707.354483349365 10.0 1.4792763545359184 0.4592816666739572
519.5964662691388 5038.737019597747 10.0 1.765617814762698 1.6427012301331
942.0982835821974 2281.277892493875 10.0 3.1241975576520318 5.311678792868143
675.5755134200593 5437.477106978595 10.0 3.08961571560598 3.4640408005177337
901.061861523486 9373.972058093677 10.0 1.7540023095290471 2.535650648202156
28.21572099226288 5303.004810004588 10.0 1.7626213781679314 4.290112261062088
290.23877419999377 2235.9607243187306 10.0 0.6340614759278607 5.422613417646315
902.4856642911706 805.7665016248272 10.0 2.8764034142873176 2.4741777987016347
619.5120195602683 5474.07980439654 10.0 2.4048033265278157 1.863233888361978
791.9099679729227 6070.838524012305 10.0 2.891500145361797 4.266107543439166
572.1313381657412 9857.884066095306 10.0 2.507002540123011 2.73005204961585
747.6006316805461 865.0090440583447 10.0 0.9702964622814031 3.719824614641085
789.771361956783 4115.921434890638 10.0 0.8278854711896704 0.04707759894803852
99.38077184453742 8543.260689545348 10.0 1.2935534206425978 2.187044269898718
101.00990385998398 3885.937115046365 10.0 2.422415667314055 3.831508035478132
794.1567924516403 3668.7123850587977 10.0 2.7401960239288776 4.589993135791626
603.3831554117295 8483.072150278704 10.0 0.9406716411609463 1.3378788323923287
886.6954781480507 1220.089721799924 10.0 1.3698965174993305 0.35163821723559846
259.1736990310766 8650.117059612383 10.0 2.0094802879995224 4.448200669092722
967.9619852279271 1800.778033529049 10.0 0.5174615000421139 1.2645962840605702
915.0875582246157 953.8837544876556 10.0 0.08860437306606417 0.6640593496626843
566.1752164228543 9763.52743829522 10.0 2.1022830529776013 2.805583217759777
905.9768554580007 6991.757490313925 10.0 2.1779633939766474 1.7185692834128652
805.7366220983682 3664.869308094334 10.0 0.6653984626134967 0.8668355992226795
652.7640402065069 8072.493623150819 10.0 0.9006119314982869 2.1225614875966854
859.1889957295741 963.3064970714722 10.0 2.432104795958392 2.667993514489967
914.7240408524638 8535.317571951167 10.0 1.3335289176091503 0.8221940362340115
977.3610156893221 1375.3414842753552 10.0 1.3772837054950067 3.598652977478458
606.2804892064388 3371.3952157383096 10.0 2.5401453967011967 1.9549217515000685
132.85427258432836 5803.402749923907 10.0 2.1356230673118266 3.843559693487325
338.47252778221025 8311.733094727693 10.0 2.0483492309270965 0.22616044950003267
562.0288545476692 249.73450976433887 10.0 1.313539726488489 1.9831352922942673
95.24814743672738 3045.571397934225 10.0 1.196914595968303 1.9820653772862373
740.6435219178808 6630.309157911225 10.0 2.9078224278123366 4.863786271309787
704.7404239440681 733.3329060714277 10.0 2.6250733710949046 2.67775727194714
578.3071472101201 4902.827915275026 10.0 2.9497440374248702 0.3554664704625672
15.683070501168794 9478.190201731655 10.0 1.390122225018601 0.09075007588027213
866.8972357427823 3422.871343644516 10.0 1.800903498405919 4.547573462395159
939.1211904465955 3920.3139431243508 10.0 0.25769060106177333 4.8196184698125295
268.1021804732887 6942.259187565297 10.0 2.78149028726317 1.195350648394582
765.5738185534886 7617.863246762905 10.0 1.9548774363490264 4.895545627237964
375.24310365934235 4163.687835094575 10.0 0.579360774427218 1.2068059203149188
417.804366145945 9378.78239098743 10.0 1.076899178082052 6.2680134209546505
634.5319016464641 9265.702698906003 10.0 1.372825441896805 5.424795603918367
549.3551933215235 9207.466152312687 10.0 2.264885391078721 2.3197204916434373
160.92145715681448 4312.070754086736 10.0 1.1465147799362818 1.1049152318511113
649.0025948924903 2030.3547827388447 10.0 0.9516660543774731 3.596765607950219
733.7044342144372 1959.6137378501567 10.0 0.2615396196205061 4.68010952692197
561.2884754825528 9864.522951671046 10.0 1.9878729951363903 2.900332784252128
507.0169404568963 378.5689611399412 10.0 1.1796655735491417 1.610894586926301
83.28485883067027 5593.32313904484 10.0 1.4496254807239541 3.784320450870435
220.4029429772205 4799.532798425104 10.0 3.00006768546123 0.11562961612873957
547.7477228055245 4013.1501129834437 10.0 2.227733272999357 3.31311623658131
944.5964451524441 2601.056562376507 10.0 0.9694420103599309 2.4558411567334577
552.8160146095962 8315.381688671623 10.0 2.8368538961732277 3.7168851557346274
647.6766475009841 1351.9534805089495 10.0 3.0532437352365767 0.615291808703689
248.41250903978562 2667.5664995915527 10.0 0.19940733017706433 3.488829573407919
116.75336079546695 1722.3798494626208 10.0 1.0429943477740666 4.251322479225924
839.5025058445519 4057.915691438928 10.0 0.8205571848011074 1.721088597882552
20.338155243561197 9677.753032815734 10.0 0.9644092225828476 3.553635372988408
216.36666396606253 9067.163085882816 10.0 0.9984474253678031 0.7812526376351774
146.55794026872593 4869.569601619524 10.0 1.5666045062234555 3.694344859550194
872.0443635880977 3731.8555673649125 10.0 1.171838949324785 0.2854547306227442
102.36701749697697 4637.184420902313 10.0 2.095187638636697 5.2301324959050834
517.1034988974297 7163.137271526192 10.0 0.9121690562313371 2.0275360536508975
8.913996007772873 5534.614800897665 10.0 1.9569181026959275 1.166885134021986
51.89350226135658 2085.0891049392208 10.0 0.3922689809755986 3.1122832494544213
978.2196050045463 6796.431782842046 10.0 2.7929092274733027 0.13613691714756884
806.437152551818 7956.687100228301 10.0 0.39185551820798525 0.09382636890811671
406.3219345240111 2656.7994743473587 10.0 2.2715936710129085 5.022025291685927
208.11816948445338 4841.4401676802545 10.0 3.1100886209662124 3.35834471783302
368.04510208686725 2935.728154978241 10.0 1.1139990299482045 3.611971782728187
287.3201690547696 8688.77171600347 10.0 1.132920967791683 6.012354610913032
648.5477939526515 3806.600800440816 10.0 1.6669808140780147 4.282353870921975
681.1737509717799 1191.2072679599582 10.0 2.3786243668241487 3.9050944170797655
196.80779064006015 3159.036138309574 10.0 2.258200083221739 0.5047845034100507
45.56750923811881 9881.429786813233 10.0 1.4002001719656303 1.6215065427414166
36.19878381446273 7471.151534483555 10.0 1.7768088518509755 0.856822255537
35.579714425252874 6633.265956903813 10.0 2.9875224135380987 3.6849591482362665
917.3157506661263 9605.289046815926 10.0 1.4348706129740256 5.181135226636079
264.4864811445349 5230.664910777792 10.0 0.5939380844370213 4.346021757909674
248.20500661635103 9441.263102230749 10.0 0.8747190004861376 3.886683374991063
901.5029084923984 1168.7337637673334 10.0 1.3930074899789806 3.4707727990912676
87.15552285000705 1761.1979766484264 10.0 2.280820550276214 3.55805422681886
818.413342246569 9350.890181849822 10.0 2.060905452647058 2.2146922035912193
233.20727933438155 8300.012416446507 10.0 2.3825843525783776 1.9284760298939845
445.24706032707263 7846.196716213611 10.0 2.377776573940129 2.8540257173637382
699.5332919768903 3375.617867143803 10.0 0.14385133316635038 0.20564769557437698
745.1557165634347 8370.936757827998 10.0 0.01347367824900429 1.0181909475888384
104.85140495653144 5012.890553760977 10.0 1.5963030550946924 4.080240813795239
968.6484792033978 6658.49855907897 10.0 1.7546945355279635 4.119891953818682
768.0221069020224 5975.479482702936 10.0 0.9178353605751528 4.016841151200426
97.34160898648692 8381.624866088327 10.0 2.3929270364918724 4.536251385659581
540.9886184136907 1619.5148564471763 10.0 2.465343305376221 2.3961153000292117
137.37812264510708 8791.094385260301 10.0 2.658533175916458 1.0278856597469945
665.2155170526406 3983.2793434124246 10.0 1.6019059369264832 5.851335344359322
672.6744729210143 6734.896874504263 10.0 0.14162296138193517 0.0908283430778181
186.78219944833108 4026.9018514143395 10.0 0.023390087825959506 3.244160824853798
338.14980900346114 6221.962941776974 10.0 1.0231037245207966 5.905221515768939
715.2873348893773 6436.138407750998 10.0 0.1280013278412442 1.5608490687906897
123.0946218169876 1194.512949096217 10.0 0.6937227762305754 2.8323149175017357
561.7205429934859 3904.304339179068 10.0 2.2975215021827706 5.085308640841615
664.8347329459275 1673.0854341169932 10.0 1.5048404056386906 5.097136175878376
540.45775529514 306.41631985314444 10.0 1.4700390577642413 0.7053904718235527
942.8468430277361 1938.31011797437 10.0 1.5915855104940195 4.820776020324342
970.5361878731418 4679.610194122663 10.0 2.1605243603595574 1.2132411716947462
33.48220189923812 3913.484793897096 10.0 2.5917777912045286 2.995396668381076
661.3655860223026 423.8942598459705 10.0 2.755961159057102 5.252590928376176
835.4542363482892 1412.0221338715355 10.0 0.04639893507857329 1.6897942362539708
918.03142222223 6637.30369559853 10.0 1.2281098487867692 4.313616229840391
926.2466605020488 3413.8265274238865 10.0 2.734200887734778 0.7069556810139224
851.3469393754993 999.5160409522886 10.0 2.935744153896217 5.383993576146108
959.5983740909345 7034.663339015772 10.0 2.3147326977424534 5.786740625699869
527.8098025245463 6117.989911430276 10.0 2.5488236786581475 1.7364469150097543
264.22096581429855 3352.5849449520974 10.0 0.7934303317313284 0.4689395140144907
744.6199008422808 3750.693786353427 10.0 0.8770574802723348 1.8330736769323681
553.9057156427652 1755.4742226627163 10.0 3.0458843559788256 4.948767424510281
464.914249370271 3819.4801221437538 10.0 1.9317818928560067 1.7028631354535708
909.175786623398 973.769033692945 10.0 1.8043172853940066 1.2524510564948153
198.375673860533 7628.175578108551 10.0 2.3089236637264863 1.347914429102071
440.64016474650936 7462.429788874771 10.0 2.1442586508722705 2.0030046388221328
862.3711313372231 7199.441787705922 10.0 1.4741759909249599 3.9418420985599214
294.2054770245364 4296.212519426717 10.0 1.3479098919617996 1.2631505391211164
908.7759697546605 5144.475897694368 10.0 2.6266565528952777 0.9865040738862811
908.301985571476 6242.310660041298 10.0 1.0273174987657054 6.185663282682239
751.6407467777794 1979.6092569744317 10.0 2.8770476955596664 4.712654251147273
683.2800144931714 9174.42595605124 10.0 0.3705704260147045 4.197020332802003
780.8563522678901 303.8678895897351 10.0 0.5359491737203885 2.085356311063332
473.13295091475084 4492.335351517934 10.0 1.8410445493601768 4.754378719427817
496.97400234578635 7751.557976572738 10.0 0.9696850705863962 1.6555015944345906
559.7032483188655 1711.010768560397 10.0 1.7548573591947498 0.9769821113057985
552.3362891993355 3133.938565492268 10.0 0.12461054270688439 0.49438036421788145
19.52762567509092 4883.357964215933 10.0 1.778943261440277 5.899981294997162
733.6753851210071 2684.041528638507 10.0 1.0045845412615222 1.6119436020141251
643.4774509498839 1020.6368140746491 10.0 2.779338603706278 5.510180236442754
171.33505432905594 5818.706874661121 10.0 2.9327482107523433 0.20189063986271616
819.3511208756476 1174.6242170899834 10.0 2.924920533898643 5.302838186862254
310.2721016712389 2331.8890387537026 10.0 1.603515404269758 3.140776249944837
37.57400088520446 7345.58189630161 10.0 0.7460957858129182 3.0942635927397166
427.99415763393944 5433.303224775657 10.0 1.016969818623428 3.2258640699743837
930.1628488489382 880.0939406573616 10.0 1.491740165116706 5.1390679341273735
734.589540514289 7546.468094956981 10.0 1.4741506613597302 0.8532530733591405
3.110428081934846 522.8336059557226 10.0 0.7803455660539502 3.1098182555317786
340.00580460551475 8280.213061013188 10.0 0.8537345051635516 4.045782624880942
472.34680857529077 786.3236985548905 10.0 2.008140483801197 0.7136230526264702
623.7329611222644 6487.708036937756 10.0 0.052133850480405544 2.142871459148068
863.4336654159465 3802.7537106544405 10.0 2.240232659529503 4.361796267877461
