1000 10000 10.0 40
100
883.9995035756647 1492.3343412491863 10.0 2.15594217704371 0.575582645951926
806.9773895659335 8528.340789429769 10.0 1.5831099635041586 1.6408738328669812
319.21204379932146 7345.603365801598 10.0 1.3568205409552863 1.5277955077568472
863.0241443912365 210.32658996555932 10.0 1.7296903275098703 1.0959822386916305
831.1824702005381 3577.777713109366 10.0 0.5015681124821507 0.5508873344819116
824.4564077212306 8739.150687832778 10.0 1.1140515413873864 0.9021491585812801
402.2417077394168 2876.2292217717113 10.0 0.8866186316733333 0.4865240581527716
479.3666522418557 817.1262671100532 10.0 0.729883111723125 3.7760463822643136
476.2863933939103 4593.0105756604635 10.0 2.178152919931225 5.162125753378433
565.2256107531965 14.879859037345566 10.0 0.7834374167619113 0.5859561802002048
871.4308647220673 6921.072449028329 10.0 2.2930504176176316 0.6156187510658819
286.54528075894694 2490.35570197537 10.0 1.0531797043839297 2.328470853255521
630.2203890362913 5072.068871177453 10.0 1.7500527281757763 5.825241458899747
256.4311010983117 9353.9368924998 10.0 1.8478815892583755 0.8398943248792448
842.5612995413949 2369.8121727284924 10.0 1.8023607646668058 2.9025905574404294
22.17949782599682 3843.748359081416 10.0 1.5502656080505337 1.9947568156544018
726.5249900133894 3673.438018713674 10.0 2.15624872492267 4.384049647688459
585.07714928284 3975.202554731134 10.0 0.0850750276035923 0.2544903886636171
502.18150142601536 3044.3471804462783 10.0 1.724083783468349 1.6053429320510744
574.5581005075095 3828.8504413695136 10.0 2.727879131689386 3.76115613935016
843.6192721223447 70.98253973326973 10.0 0.36235353716789415 4.670465685764752
986.8751141847283 9140.60141901447 10.0 0.6067665591110714 0.8304197211342776
944.3070755111037 1765.5062637499575 10.0 0.33070024631507666 2.8227340155390883
648.4412616205772 5358.373207924891 10.0 2.4238484383638923 5.312999441454136
480.9545455216918 9446.438847893067 10.0 0.7101753256521309 2.3221328453048136
813.9984911176248 8829.23511327645 10.0 1.0717406809581944 5.705338596306173
11.027455358579076 2521.322357227923 10.0 0.795472838814701 5.194222457731092
559.7687078538609 4281.107096117625 10.0 1.5082271565835943 2.6026157541074433
589.0741125361528 3583.4708304448036 10.0 0.9869667277753638 1.1317812121641284
881.7443932108212 4263.077558641597 10.0 1.4182536928919334 0.2155490131819196
637.018849470182 1736.8698044111252 10.0 3.0601426299555103 2.418855641978155
659.2743051054638 8708.39995784202 10.0 2.331768422216047 1.455623418011823
353.57932278425795 3563.28784872874 10.0 3.050638907823534 2.5212432616930402
894.1010712043474 5284.234359338024 10.0 0.8460230477670097 1.1154979942057308
197.9633696393811 3645.6622919004135 10.0 2.1944325753524794 4.452007890992343
885.0066710600856 3692.1945669770507 10.0 1.4925347310573187 4.658071092847437
233.0019479805373 9061.823444125059 10.0 2.457846277780986 2.6976450582654325
248.2218814411523 9583.762395146756 10.0 2.468119616921 1.1675155746191057
362.87452740662394 4762.614953471669 10.0 1.1013392897345813 5.123237668428873
943.756373799004 6254.632774142613 10.0 0.48258702936313447 2.798764686234279
750.5827050489281 9248.479741352092 10.0 2.648035763694423 0.6333663406842371
717.8053369779204 4782.053714214012 10.0 2.070819536711135 0.7389427431217321
950.3289272545779 2458.567589420696 10.0 1.439897689424122 6.131006979550261
621.3890235388861 5769.219081688478 10.0 1.2280318415227678 3.424297565003166
539.9560393061075 286.4313651294648 10.0 1.8471815290698141 1.1618053360606122
515.3815174860064 8360.781565558058 10.0 0.2513228932243236 3.884535890649067
288.60417889510336 2636.3719068742776 10.0 2.61054822237066 0.024890381995239904
722.0848460952996 4693.546842665526 10.0 0.6595918545949562 1.117413332334198
144.74123476997647 4434.494160118377 10.0 1.3858917306711587 3.7641708563445717
233.50474108494024 446.408347753231 10.0 1.8050243140449993 0.9052975127295919
579.723065900861 1508.5397263293744 10.0 0.9491263859463138 3.281460045809282
136.48438789363183 4653.58984049414 10.0 1.5924607481908473 4.737627902370312
72.03973983458512 5750.554169284869 10.0 2.4451644674349584 5.32163598113562
164.85232674515004 4445.255995331754 10.0 0.7915390232524655 3.35717687783213
767.4040675391038 6476.454911135279 10.0 0.12504687731152914 4.385364115963597
538.740628198903 2879.5526183130014 10.0 0.6455331869706876 5.58518479608562
599.8387008609191 7396.561117517003 10.0 2.2253661567636582 1.1248884203561684
501.22987194299395 530.1405165369044 10.0 3.1157626991522127 2.7043447201378026
408.91794323500653 1111.1473062851874 10.0 2.8985540163767163 5.986378648899863
212.477044079054 3993.285741990191 10.0 1.8946968788167853 2.727268891988012
838.3207409364503 5545.083941804364 10.0 0.534008194010512 6.132228987532378
911.4825016757209 6978.56643559657 10.0 0.23016788662927756 0.27189232181268436
50.850759644146315 9235.62846299977 10.0 1.5157967019223386 0.911206900567055
505.6523359068669 2147.262495023705 10.0 1.2823145820673865 0.6634801212279923
545.0801402656446 4887.427101381184 10.0 2.655153853887417 5.370027718575041
998.3125433217739 4362.486131406218 10.0 2.3432827873641298 4.825402893483289
608.7730250580064 3108.7914587827327 10.0 2.8700444236477067 4.552142686075418
414.3309565837485 8515.119315011383 10.0 3.043953157912761 1.3217126393726824
194.2450382118146 743.3122126872527 10.0 1.2216960497120415 6.263136626368728
134.0034112795999 7589.619825790302 10.0 0.7582579827286655 0.9189829910999138
250.81516211050047 710.8719072219227 10.0 2.035245256314774 2.260924045782687
795.3602714998261 9133.756618928983 10.0 0.6081179668732978 6.092406066543837
799.5060369699311 2772.1198682459867 10.0 1.4931559810656336 1.2581054900968063
175.0497237367086 796.3395741034241 10.0 2.2839862425306623 4.25068547576009
285.14914742216627 7130.471722157921 10.0 3.1320957582467015 3.3849325041665743
707.9537904368057 8097.004115035698 10.0 2.0796043630384333 5.910016428907656
991.0510057047126 5285.695141232573 10.0 0.5036106615577244 0.9604266209557151
555.6937037230418 92.11465046800038 10.0 2.201087993140826 6.104984452852834
551.3765640511857 5053.14585973753 10.0 1.132823325840468 4.025399387738574
384.18056827114475 1100.8476956807456 10.0 1.346298283155183 0.222415370947646
846.4062118138681 9162.715062098612 10.0 0.19036379555253685 2.69732417220372
260.36775268994796 9155.519743258754 10.0 1.0261162232270515 4.802641847789761
815.8226271669779 9351.551218788281 10.0 1.5737028193585134 6.172473873905982
328.36107995134336 4340.2188795864295 10.0 0.05278041099156421 4.007509256342792
975.1835036450065 364.61903582875823 10.0 2.6670796981907006 4.461831571387614
175.04338287927345 2681.8063333630903 10.0 0.6713315455385911 1.635849553585292
670.7367417399086 777.1576250081824 10.0 1.206284989347128 2.110965863491528
45.369174868578725 3757.3470271251585 10.0 0.33011963537362427 1.9963764227730596
357.73399915163174 53.10108224225951 10.0 1.7785477382142016 4.547895486206803
317.48630731689695 2682.0353925721643 10.0 0.4203992651600568 2.129353753555289
437.3991824651856 3753.5226126042153 10.0 0.27317419484794275 2.6365802507222926
897.8402819840418 9641.674105072963 10.0 1.268580279650473 4.040961727097912
437.7078707062909 1309.1657619845653 10.0 0.7822081914915918 2.584470855924988
446.4178289917371 2633.773413759435 10.0 0.5739909542572549 0.6364112055373534
573.1340076796448 3271.1266506183333 10.0 0.855259665901672 5.410085911678993
592.2859625705191 1581.3307342408268 10.0 0.7040385633347025 3.7059906898037007
968.5203080272598 7453.745180505761 10.0 1.1785666864274 5.110198752465016
549.5824919673302 4483.3511022944385 10.0 2.7697147711291437 1.6766537689936951
82.22819982085173 5883.7735078067235 10.0 2.2859759789030396 0.8387883487392963
794.1146839083544 8766.176872745102 10.0 0.7473123670370179 0.3063293676268188
