1000 10000 10.0 30
100
699.2777690172373 7941.814383098669 10.0 0.3810425649540365 3.2580973851568267
443.3767589154154 5321.916566563027 10.0 1.203976206123737 1.293159110597894
604.3629955970456 9031.03702578831 10.0 2.8746678080692933 0.028502178427172682
385.7411633467558 1029.6907337142047 10.0 2.53644059471171 3.0802111914865447
424.3759938013111 9570.773395997241 10.0 0.48520750758855685 2.422206549950594
284.94885362812227 3341.870565309608 10.0 0.523604455175984 4.129803067636658
724.7094856159468 3973.129668090544 10.0 2.218919447370389 4.008267690711052
783.9732825192186 4664.909248105056 10.0 2.335237166918761 3.737217680652122
586.9161080969491 8246.055746845503 10.0 0.2312615629149447 2.315394573257147
847.5703395666947 8842.799506940662 10.0 0.8402532195767085 5.834165544144516
467.52719213046436 7519.906017128362 10.0 0.703076004570949 5.986344560343393
284.701946357476 3749.855136177087 10.0 2.807729561386402 5.2030020577548575
986.6204628306955 1372.460569222227 10.0 2.2210742247075337 4.966833599457787
437.0366054231921 9826.48869366191 10.0 3.096651066185458 1.7294272148022927
181.29229067452567 8866.470869549552 10.0 0.5092358504124699 5.855267809584049
693.6826008124569 7722.042863590873 10.0 2.9232522876137828 1.0921128838396328
9.191079871349817 7713.794181808798 10.0 1.753760204349047 3.6325373227237714
742.3105653520037 708.7395883925973 10.0 1.4342161160356095 5.84078838657997
137.26790735473304 4480.174524286784 10.0 2.416864316624409 1.3229581004828312
716.8212392732951 30.811703064732576 10.0 0.5551353112774029 2.385116968838855
300.9007530252235 5244.7384171740105 10.0 1.0342729446123995 2.2126817720377367
651.715217182 3852.876329212741 10.0 1.0371830721768653 1.2529741006410253
768.5483526745525 8628.262535092279 10.0 1.4624910746655873 1.3536522769500723
903.3201578696686 2971.6142406786184 10.0 2.9678596327168387 1.0519704333562472
697.0903494966791 5604.2799540399055 10.0 2.384868195454373 4.65199006410423
448.0325892211242 8954.817661760435 10.0 2.805930491409158 5.749464612701625
413.009470142105 3007.08590775998 10.0 0.08678829685644832 4.87951013488614
217.72989447561287 2871.8688472648355 10.0 1.7772176009285512 0.2624284799098409
904.5724086714972 150.70355875508756 10.0 0.8797909534558259 2.597514210630048
882.5088893889101 5279.710489783072 10.0 0.41260030233853967 4.547629043515188
60.165390234206306 472.8764359009763 10.0 2.6407143879065114 4.473156387361242
740.9075823828077 628.3742522404312 10.0 1.918869175544107 1.2277499212837162
437.94086685971735 2618.14692629552 10.0 3.1067238119621647 2.1545203023634723
627.7657896217 1750.1248203251084 10.0 0.7345849106203516 4.5987691532308475
601.9314438474923 7874.082630418052 10.0 2.246297410554473 5.556379255502208
999.8813833672085 2596.2864433986874 10.0 2.5235321227037977 0.08077162382832986
309.7872879775644 3374.7183873915133 10.0 1.3691606819724322 4.917473784499725
609.6181063208836 9885.812264220693 10.0 0.12163920722850512 6.249549866835061
87.29339169882554 2985.26810532447 10.0 2.4235589117497125 1.4547274671089887
426.6212460181844 6829.658563211953 10.0 0.3846416698301185 4.219132371320321
974.8229519679483 282.17755628669903 10.0 2.2898752910896336 2.9663850075918177
717.797660777321 4595.027421338958 10.0 2.890415664130396 2.2205601285198022
480.88278341046606 542.5735374941154 10.0 2.797744216025616 1.687374881414844
445.7159371760968 9673.541939000672 10.0 1.881311999353055 2.1381973811265276
27.90758327049925 1157.1772054954665 10.0 1.4305382159713838 3.5364813647853865
395.5834760341422 7817.410883983244 10.0 1.9358104359949524 0.7604107291868765
425.45873685265076 2380.7404867094374 10.0 0.7231364956748564 3.536512813590301
690.9562794230948 7707.652344787953 10.0 0.9450988749584143 2.9926153537514586
155.98419034991662 2834.0692732852835 10.0 2.8876501703118693 4.821384947481421
608.3380345164416 18.434379984888505 10.0 1.5697318471056383 0.7187375595759355
508.2958024674531 6671.697597547839 10.0 0.9694746924404919 4.285640213672457
850.8246020777066 41.59560888097658 10.0 0.039584138916497626 4.5148357886114505
843.9199641285662 1829.2716511226404 10.0 0.6125868133928299 1.4496166000694635
690.9500062097978 4535.41021615998 10.0 2.47667988430659 3.3611143234229313
531.4782180477303 1264.7100026703838 10.0 0.4842510002219875 0.7196781337346106
642.8905770565814 5961.657559068265 10.0 0.3253532933229362 5.529516012819067
334.25374941338913 1607.199401867102 10.0 1.5663678627767337 3.926459220271871
574.1830525068518 9775.06092430974 10.0 0.6224145205392164 1.2356106878127737
286.100293200833 6128.090660914116 10.0 0.0671676527020188 4.161240352629098
417.1131937342221 2929.15614476444 10.0 0.28027613743917285 3.3735569898245052
340.84951562241463 1447.7564599057634 10.0 1.1737588773454048 6.067738465223918
889.9310111957423 4262.653803630283 10.0 1.686510108625046 3.7812606425764805
330.37313956392046 9892.473555682183 10.0 0.5452517008913699 5.069617382160526
888.0489696582563 9930.356555666316 10.0 1.2042922383958634 4.496102773303113
16.45623659280937 1915.3914640125859 10.0 0.6120982339350378 4.098074358988979
455.37924652356554 9542.695665666031 10.0 2.3241088017921308 2.289063704790965
271.63759030868187 5495.651212323367 10.0 0.72738739874248 3.441399181895646
495.9665088789544 1177.9470272403646 10.0 2.3299435364571672 1.1146124448541184
674.1739037989836 1929.71526424103 10.0 1.5321976753413558 1.4401614934997542
636.0722611924057 5931.191432591214 10.0 2.6595229378896383 3.0208226809677163
52.28340579301738 9928.972436681683 10.0 1.8506554815032896 1.3401798099741453
896.8671918261582 5164.079430860869 10.0 2.817411783647959 5.033192098188515
762.8258592452657 2437.680475379006 10.0 1.7732630871200608 2.3366685571668278
87.88760754083758 6119.46532222081 10.0 1.317000045988618 5.963701547685622
739.574638699806 3085.305117693452 10.0 1.2397194845939368 4.67923601399603
81.41227240510163 4064.9709978142723 10.0 2.780080750017658 3.534703093138633
596.2373809779227 1687.325386646138 10.0 3.0674086438190735 3.729536228631643
377.9160010533559 1629.5435021637904 10.0 2.833781222825844 1.477134530046515
319.38144923540335 708.5589531312143 10.0 1.8827965414861048 5.9828419941670505
622.7560321338344 8497.068443768429 10.0 1.7698262387651695 3.8510571729350627
336.42046906246105 7103.077980802384 10.0 0.8886350752137954 1.104634971517841
984.2476734506331 7121.100820821916 10.0 1.327136169066948 0.5400519397579909
993.817975507099 6444.772196313832 10.0 1.7958977294696308 1.5332984925982662
553.2853116972175 2624.7763563519034 10.0 2.576015099472324 5.990472034963769
730.6648990814326 8762.624458510587 10.0 1.9993645699231202 5.160192370446731
174.6650473169925 7549.96781543795 10.0 1.6764331050112418 1.2090470941832565
482.7865049486925 7994.761306195674 10.0 2.445245079877768 2.0629711971452465
370.26527835645504 4619.744704942713 10.0 3.0594545107494553 1.3110614420087507
102.53559530681167 9475.33891519166 10.0 2.150291270713297 3.325542925343257
264.24154600058125 3178.2026910590844 10.0 1.2512222654203828 1.243230796630924
829.4279244424454 2368.3311911549067 10.0 0.09955107066977527 2.433817631830972
670.39148136823 7471.722699729676 10.0 2.7248285962658847 6.2655359154011
96.77612238126588 6462.276182029196 10.0 0.9025658998181386 1.218684736087207
751.8467995565654 7435.724172596243 10.0 2.8711684048485973 3.4886948494816337
209.4784416868307 5240.049995288617 10.0 2.52366032471864 1.4105915945584386
913.247934643121 5150.972667052874 10.0 0.46967740202179764 2.5117168513611987
678.1185562786412 9637.726564524786 10.0 1.7360380004928588 2.670973057395064
835.5579561607021 2633.5070926244043 10.0 0.878368432723492 4.597809963132002
244.53252565601335 9406.585670499919 10.0 0.32771934638744593 5.554278059139356
813.6718301403291 9122.246548726436 10.0 0.7886779466388139 0.15875580064179
