1000 10000 10.0 50
1000
126.75170345440634 1811.596570362586 10.0 1.9576962128156101 1.0745328983292741
959.0770380482666 4553.937182741977 10.0 2.1165946248912246 4.513482770537009
307.91730666752915 4743.079668340481 10.0 1.739785760546352 2.7169939048490295
425.828318494161 8584.152589617366 10.0 1.168109228022231 1.769775013644074
89.57467227222016 4692.102792315216 10.0 0.11543847629320146 4.399687068505409
703.465376249553 4861.735146267733 10.0 2.076718236925682 3.7381379120433995
971.5686308013733 5466.49958123308 10.0 1.6499027748994308 1.7976604484413221
311.4436646022768 287.113710458311 10.0 0.2920054926583769 6.1964507102857995
761.1291614886201 8627.746505201349 10.0 0.5084837891867021 2.3044642856164304
991.4793370970059 946.6304083594646 10.0 1.9129811634028797 4.6586953624508896
177.54012197686643 7909.612378398942 10.0 1.0972406492532145 2.523961213639261
905.510105027813 7769.289397229315 10.0 0.1993157176374601 4.284573736856804
995.9313397069674 1279.020925073472 10.0 3.0449578279888034 2.525903865957682
109.10785370258225 2970.2474390217258 10.0 1.3020729148796906 2.7515632107683565
265.3505732539345 2553.1854509849004 10.0 1.098669947007547 1.9119506994356175
960.4989241122797 445.1109438418066 10.0 2.524065272747417 5.018817379693643
386.27148307432714 6987.082607524413 10.0 1.0249333291407863 5.99099938118983
375.34878992724816 5779.099858087249 10.0 3.1345413557558377 4.819405629159251
82.69390386537967 7745.324375374539 10.0 3.1289553610862124 2.818472622491068
87.46701410179136 4035.144620819543 10.0 2.8846069181657965 1.2350777055381907
553.9926101535847 2672.4927962475144 10.0 0.03686845281461158 5.3718795190137705
325.5888946342474 5984.9736574769595 10.0 0.7038478729154574 0.8980112848506236
341.670889665024 3275.9978461666196 10.0 1.6143164725509644 3.378359987870484
566.3900786445881 5947.258007002374 10.0 0.5608344753740055 1.9170962859582816
696.1752129527143 335.52350036815005 10.0 0.14895236207831522 3.8895369608262103
273.8902339417786 6896.873606235873 10.0 0.8396606522883542 1.1794018642576072
478.927053062941 3053.1232028526 10.0 0.196554739226131 1.9777921599932413
785.4022137051265 1009.3449219187811 10.0 0.9187350222610149 5.416415581262591
884.7283746838433 1158.0252458085395 10.0 2.6564159561868346 0.9590276842203663
754.1828407047581 6304.530975699687 10.0 2.874772858437375 2.8626998350853547
519.6968689099667 1880.2156049313135 10.0 3.073061309299374 2.0558472106900623
808.9415902232578 2553.6169309484667 10.0 2.728298984929686 4.701853235813068
619.8871177899192 6206.855979145193 10.0 2.1148983007579383 4.366402372499089
340.3635439727679 2113.474894472088 10.0 0.9898883545196784 3.171680305480918
445.75420437510337 1335.6001849085408 10.0 1.8330563867974519 1.0262836080548634
574.8025290911372 3852.4538981885603 10.0 0.21991718838097019 2.6473457265254368
137.61582577678766 8738.875519801579 10.0 2.9297776971264176 3.003923129107029
345.30114978754057 831.6645764979224 10.0 2.0822924625999195 5.131935192958443
567.2690300687209 9753.1850185131 10.0 0.20156221295372642 4.160258598375002
220.09361827057694 4905.818727924083 10.0 1.4500615439712266 2.800644188045301
970.91823803958 3107.499376594091 10.0 2.3820033228720607 3.836125265673832
898.7477423519834 3907.686669063192 10.0 1.0389449134587065 0.39968339227912847
398.57030555400496 1304.7975198326767 10.0 2.8636821402604484 3.7397207563318116
36.10238614090133 9580.23592217361 10.0 1.715193026555401 3.90719465843974
265.05335458173863 5270.817367555149 10.0 1.3514837906086545 4.291421480976398
904.1564408468687 6920.512430809641 10.0 2.9493840917706313 1.3988602687067206
537.8152106100089 9184.08418686357 10.0 1.3559079831046654 2.02129449443101
552.0659275802797 8099.328813409548 10.0 1.5492870302713226 1.330796101194897
346.657913728353 9901.272945214123 10.0 0.3265317313517385 3.7518109146881624
374.4051127062902 6620.81853956005 10.0 2.723053564404327 0.2443722844359537
50.56458068527514 7891.971536806011 10.0 2.577549941273869 5.754024328763244
247.84799687059444 9885.923295562634 10.0 1.76073449551166 4.795813649341729
46.774764830971094 9096.90613306251 10.0 1.119717563659652 0.7336136112446697
646.4266170465909 823.871306436792 10.0 2.2216621305762376 2.1063701193262148
857.2645986960928 9623.690093750147 10.0 0.9621199230856737 1.67575709593108
395.52212784159303 1755.7123163635945 10.0 2.2121561987499523 0.19431702222566605
277.7878884725276 7694.159551662696 10.0 0.1529641732125127 4.0335667572426726
974.7451386645084 6153.971241535641 10.0 0.5039290953817288 4.210243782614479
624.6347059164863 9757.360460177295 10.0 2.6936152149031054 4.094350339207619
529.8612953443799 6462.481354539414 10.0 2.7723333868853475 3.112997850559487
364.26328186142564 182.2446286739099 10.0 0.015421252083522295 4.433206785518823
3.918813770212526 8640.462217985749 10.0 2.735807330894665 5.295340379450975
660.9618437186463 6444.143036898313 10.0 3.0075336046700505 1.7661090907663954
47.73357416187019 6594.9004697996115 10.0 1.727866782208994 6.159528967669342
627.6963874176074 4219.073133695953 10.0 0.024210074529168443 4.350909747631684
619.8886549058171 2165.302328669372 10.0 2.213091467017571 4.691698490748772
315.30081009696266 9299.94878372592 10.0 2.970418050219634 1.9917896773542232
436.4041306323284 8824.873910410048 10.0 2.6501374263222375 5.442332369171847
725.1655802628719 5748.7488970301 10.0 1.916355559762234 1.7690327139775297
680.2336036860102 9762.196510107131 10.0 3.040652538655574 0.43958016998628535
380.5810662517894 2198.7133305609486 10.0 1.335281657611578 5.425758177052973
630.7435395354129 3507.456293556754 10.0 3.0140320181535856 2.5311990684465315
241.89207969389392 720.6233631416648 10.0 0.8267737039162567 0.6927858765172091
123.33194232880429 2767.2929451656037 10.0 0.21609463513209104 2.1597612501758365
0.6195685498457948 5167.233470317039 10.0 0.7428207414572533 2.7044935241038757
999.3422250750496 4632.328876494692 10.0 0.6967483325771286 3.8899071291766085
37.70591955948965 8409.9132651907 10.0 0.8222241193220413 1.0169479377494766
956.4289373165333 2821.441083918834 10.0 0.37003763142127283 5.267506301186523
581.0400058408635 381.56595917797966 10.0 1.5648790905131562 2.319209243426553
459.5312420259732 5126.839420254283 10.0 1.0779214759888935 2.072877556251986
847.4182830159382 1339.880942171454 10.0 0.013355283600580435 2.3579411198024234
622.610692835356 1724.012251239274 10.0 3.0524146220253696 5.0700431259514875
204.0982111624836 7264.9891457283275 10.0 0.668921979985664 4.909595491658246
221.3092852852252 2510.604081283835 10.0 1.1791250704300436 4.659311289311087
635.1001197039681 6805.576777119973 10.0 0.22271438112085826 6.143305568563648
246.68429594965335 4138.283809693597 10.0 0.6842475637409733 3.623649566448522
47.41393409791661 1687.5266093934515 10.0 2.957502664635949 2.5184961996165716
660.1758905757075 9901.672150591687 10.0 2.679027250602906 0.9690659681202239
202.26690378638168 4999.144128918839 10.0 1.9388134967300612 0.25060656115032354
259.96412685144753 8148.383673993772 10.0 1.887289569344958 6.2087566421143165
306.6086683125606 4267.034074787694 10.0 0.1296273840925682 5.949114297469252
818.8710423686273 7374.252820824229 10.0 1.9679221511943894 1.6487558719509472
549.9697191108288 8736.68802429778 10.0 1.8350113117729558 4.735594461094146
903.9646396586479 8667.799721857515 10.0 1.222515126618117 4.281478409972182
121.84988444686707 2771.8475903138883 10.0 3.057816596617467 2.835372246380063
38.02079414406367 8668.004949855278 10.0 2.7947303381521 3.4732205483019882
494.79258954134497 9786.703810234041 10.0 0.707192661982287 5.8620180564258915
112.99908477090337 8699.450003458824 10.0 0.5808108974100136 4.591826483570252
8.30152680442231 3624.9957277290614 10.0 0.5463601815989696 0.3634687919850657
215.6893554750703 8248.889299346138 10.0 2.811782170304809 1.8844752932740716
38.755972502267255 6800.071205676322 10.0 1.4098933109928227 1.4861720730172194
275.6846570707965 3447.316208160178 10.0 2.1152552494394627 0.7960535616154891
290.4806173730522 7509.972896949881 10.0 3.121196436290443 4.989777080538693
195.83732556034883 3721.582875747358 10.0 2.7120702921891366 4.144254569204905
993.12669140601 9841.608909714942 10.0 1.5032589900838025 3.858138228705919
375.35400291515697 2279.6395689625506 10.0 2.560116097953055 3.8020533532984517
40.52024285043099 4078.076085777831 10.0 0.6346133033956913 5.128529067287931
785.6862147665266 8593.45515022474 10.0 1.8306555311396215 2.259442411682286
356.13391208392784 6523.192224889785 10.0 1.0311905545697289 2.9813110305796715
9.372646332238222 3543.678832144168 10.0 3.0737347240031676 2.0425175881800834
20.338693706198562 757.304055968645 10.0 1.7599811138172532 3.9331766294953994
901.989142421326 390.1095102708707 10.0 0.6305787512628005 3.0697638193139327
944.5914686940723 4738.433025083809 10.0 1.8687315954705839 0.48595423393068654
787.363042229913 7232.031707698391 10.0 1.6185718406051315 5.613890838741111
127.71501605090363 662.818027070523 10.0 3.009270968640538 4.782056795134092
346.207867319821 9122.483460997066 10.0 2.2192965855937086 5.541992331262745
779.4264422482922 6998.923036577555 10.0 0.20949256280750547 4.061041482608307
608.3346084143773 500.5170438558304 10.0 0.8651396355138755 1.4935275358490516
846.2705516286812 4608.966306722702 10.0 1.9414926995765884 2.875437462241498
708.5960540862327 1105.5143561340562 10.0 1.9000673908511445 3.810492238894372
725.1140141104213 1372.0387186311634 10.0 2.038244722716637 4.435533029648007
316.72014620129454 1037.6219725216872 10.0 1.7746890431631746 5.189016662232937
199.35700982604786 2222.870110699604 10.0 2.7257719149435697 4.9350898902060925
901.1888126441647 3128.365964875661 10.0 0.8866019814000546 0.25613015061283273
883.0184082010364 4020.3084141461163 10.0 0.32762413710388155 0.8825317824533805
237.3184335525439 3285.5094807741257 10.0 0.1394118639180413 4.616152249203104
707.8505725079123 7159.572882380504 10.0 3.063492288349805 4.749758849769472
819.6983096296048 1976.2177372105782 10.0 1.7694796999534992 0.34922366604430893
238.64036149304403 8342.343931075098 10.0 0.35274553550171517 2.9896887166735855
89.14310249727953 2512.588867115294 10.0 0.21732483564116015 0.4090723940195118
851.8523520557707 1418.752143069264 10.0 1.739412453691923 5.672716590020716
634.3159360344306 4303.6174382945455 10.0 3.0130879919500173 4.96448869542306
62.77057890570903 5715.331413679356 10.0 0.4467423066886696 5.554265426506853
778.1778231890455 1737.6496040156087 10.0 3.050334904331226 1.2908972459277492
536.2951057505359 3762.9924575538175 10.0 0.0982181018264267 5.24839920952544
209.42044248455215 1859.3955872409674 10.0 0.33706803044175226 3.309580933385354
566.5496121813818 2839.087687615451 10.0 2.024659852398196 2.57629836648126
569.0375934332673 6505.557638175862 10.0 2.4522084863059415 2.7791987664631743
60.45618414826026 7237.622122608605 10.0 2.158899218973628 1.6583856157287216
152.1924966381072 7063.142072859014 10.0 2.8362476743674847 1.0247463230149318
310.4338423699589 681.6779810320872 10.0 0.18101610225503104 5.792346297425707
135.53642425776502 2514.512116850356 10.0 2.80361103110314 2.633379856158721
91.37663149236508 792.1129078877153 10.0 2.371378670830152 6.2787558514963075
990.135431735712 3933.24665997274 10.0 2.5780051790564276 4.91376927305343
867.0678862960414 26.59539420603041 10.0 0.4141231117181766 1.7763757261926276
990.1612054594509 1094.8678301433113 10.0 0.5347543619370356 5.920070000939877
141.18674363618123 3.040241505508634 10.0 0.2852992021480263 2.658569072788724
977.5022533579927 9366.499437513514 10.0 2.9204172967472797 5.146918303165094
238.0631215349883 8621.5042783855 10.0 0.21611227242214803 1.5458232883245684
792.4518479847584 7539.51733430825 10.0 3.1230771635011507 3.9885766513669303
48.3376587927068 1898.6080871356958 10.0 2.861061267075175 5.8574995648998796
30.628852236330715 9769.257094344413 10.0 0.30783822296479435 2.0597829002398518
524.6824863600548 4928.544469102987 10.0 3.0729059127044165 3.602054146740094
36.28762118741547 7285.837747939366 10.0 2.3537549120499714 5.896207504134852
962.7394206958373 8884.73515986756 10.0 0.28594505339020604 5.372739899793261
292.1735050732134 8040.168689823087 10.0 2.796114404596433 5.291367791180161
352.4315770123607 3476.200620788438 10.0 0.47148577269483977 5.493701025747276
616.0798116234342 4949.1978252123245 10.0 0.8032072974839504 6.044535268941557
334.8049702806845 6772.703598406441 10.0 1.689113714676545 2.141876263062492
824.2627453285719 5904.466358026932 10.0 2.055230240639914 2.1198529616628035
549.5559007326544 6812.7303096892965 10.0 2.0250702948994386 4.212623134485055
771.8705767234457 1208.0301490518787 10.0 2.0102118781481475 4.265533805747602
408.40081839162434 1908.370317135898 10.0 0.37940392701403264 4.533255731665592
930.5431643878538 6599.815655728329 10.0 0.9511452384959573 4.951763092345817
579.444545325196 9061.158579195424 10.0 2.18966244070174 1.130448107301299
913.3381051010873 2540.4636013489126 10.0 0.4629403038612564 6.100954927555697
717.7035427013054 2402.9415595821756 10.0 2.1235903540130385 5.31498953666376
607.1398509169859 2913.7324831599344 10.0 0.8882476509917773 5.176949107493945
226.9399001753075 6075.831402482482 10.0 1.3816919572317066 2.0509186726045336
822.7079419364151 8812.518717930128 10.0 1.2470475269382495 0.13335157665199684
87.9628464480966 8465.308343601006 10.0 1.7969931238379044 5.576041547353743
622.5207456979102 5572.557860390689 10.0 0.7487024655060491 6.17697829840842
38.553704392075176 7200.535140525361 10.0 1.3861401536698845 2.9532675406346964
736.5706955011741 3717.8674929022927 10.0 1.8105707084715612 3.474935873254682
640.1706649019134 6835.946449071226 10.0 1.0834109671380012 0.776398597774333
726.2675601452046 6981.998829457041 10.0 2.716305443604628 0.39844971312739763
16.589518933749602 3628.1753644649093 10.0 1.7586833615053525 2.267323181098465
806.6058193521259 3069.1526404820534 10.0 0.24828845901610166 2.6266758550642844
299.63671443919395 4322.37744632235 10.0 2.8217309683959844 1.1829543903529651
486.75256559979164 5319.229894313904 10.0 1.4228978645364931 0.44697576869126854
67.17106392229965 8362.019885205364 10.0 1.9342456273803406 5.122828003382109
439.2118203697178 5940.871604223535 10.0 0.26040947896769207 0.19433780877773427
308.4700446427703 5436.191882883149 10.0 2.419566734299801 1.8681050957010572
257.72203571070105 3976.557904331812 10.0 1.9704358007422451 1.6797190770800046
702.1772332604053 2778.5042766089227 10.0 1.1879782321262842 3.8650069353541285
14.042572267133014 3663.8227059405203 10.0 1.790016989864643 0.9570648172682901
241.96707771437232 9131.636789219656 10.0 3.0374634475125775 5.943613608447388
773.7856639020478 1356.6494127647732 10.0 2.4260640352439267 5.101781362655514
495.0830489434096 4791.59907272364 10.0 1.161054524835542 0.80982917690048
481.44999534003574 1671.1121677245078 10.0 0.9012128052349007 3.261936077482563
28.9057701213169 9645.764299712906 10.0 2.707389687427505 3.640372398054677
874.8122763001942 6019.319094578514 10.0 2.05125213833788 3.177072537519084
790.7069946504864 3618.7406507013343 10.0 3.097299772175565 0.9823357938840488
338.8328863901816 9195.72655191281 10.0 0.46875856152481293 5.169285464771161
475.7460231372507 6440.14250646352 10.0 2.08020376361109 4.623433143139062
859.2319518798051 2179.8828744236166 10.0 2.2782687407834152 0.8102921376836036
168.864587053991 6148.322744667537 10.0 1.3614511091858987 3.112363711086644
485.89211488972427 1819.665031071247 10.0 1.8340829871456 3.3576316579786067
794.7364540356571 8244.130110545035 10.0 2.956962456889883 1.0201945746952494
966.2441549480216 559.0721139690402 10.0 2.0047917580902315 5.526575943460193
161.928207198736 9908.75283737437 10.0 3.084178198574763 4.595631572311258
458.7918799124175 1874.6355858107554 10.0 0.9896004626613129 0.4961811738929733
635.9272075611602 6199.7124120144235 10.0 2.316463044407229 2.5334138670041257
486.93228974868885 9584.5108702528 10.0 1.3438200324372391 2.5567711924483194
726.2931397971292 7639.06903379383 10.0 0.1064379179490548 4.712223029361169
543.2274674159672 1694.3125227347234 10.0 0.2869155575962808 5.37694193256045
123.08927706520511 1107.9006503365151 10.0 2.2593696164291472 2.267374926671453
4.284446218640325 1943.7546604278778 10.0 2.8333131579595183 5.934529633088968
967.7498874953972 8461.120471389513 10.0 1.6081079151373336 2.9608752276265053
266.3990831924379 4718.158665278296 10.0 2.6821897214949506 3.815300604058069
393.5398361172117 9776.692832577217 10.0 2.8822008924265843 2.072510176750389
262.12044865474303 1488.8934896181672 10.0 2.2515772234483284 0.2512472224585842
620.7627526603145 653.3104475029006 10.0 0.1863990657349081 1.9338511512483059
767.8919030477467 9446.807374562282 10.0 2.6558379832490746 3.991617513304099
141.87402017546125 5470.597912010629 10.0 1.6431254448451351 0.019105494012753795
162.92499122487126 5492.716236158059 10.0 2.025120107577734 2.4051198447774977
781.6546792358598 1025.9005502207042 10.0 1.7601392182647968 5.307615760488701
549.4625860794046 1249.0092431390365 10.0 0.5100926290382568 2.2958025880096167
667.602793239263 7461.722944611101 10.0 0.7903592763624513 5.973532854420248
394.5872850059 7256.436915756258 10.0 1.675881609051323 1.4416757151872501
395.6982131087643 5897.879741530954 10.0 1.4902060345995638 1.5245407225271308
103.73175186360307 7020.139810845836 10.0 0.7745262741786721 4.763354441157108
926.6971900550453 4682.420764738537 10.0 2.4328145556007015 0.454009273938084
186.04668755749654 4068.9852832754805 10.0 1.436155308946302 5.822051410974843
998.1129460614042 8675.392804832383 10.0 1.53468329188453 5.422266474392318
921.7830250486761 7692.270463434119 10.0 2.5735153308738323 0.43030637713088593
87.03867310605118 8479.501830801533 10.0 2.2485732136911345 3.2702931998972478
691.8447397148044 5517.857823320268 10.0 1.7524415640234619 0.19867280924544867
208.96895902429736 9031.734787813879 10.0 3.094499459829319 3.87268266883783
379.6679991544264 3595.8021414455534 10.0 2.375996143607745 2.846005210466135
87.77596946408606 9470.008974299582 10.0 2.2515379543113485 3.7614971744702275
505.5834978413104 7151.5336744871165 10.0 0.2490284025250201 3.3354937831019154
481.9967638171053 8688.905107710432 10.0 2.5946783645570486 3.350864600638606
3.8177230743403623 7672.660592736237 10.0 1.2735331178802405 5.805686288693334
702.5878585120963 3498.552593552784 10.0 0.20475968988625182 0.8178396339769984
802.2899156727345 4493.450346376298 10.0 0.28846719339432714 4.119712800241015
607.3032739915602 8800.72526774335 10.0 2.9967764372356505 0.36318318835576935
615.3603004987647 1541.055031294184 10.0 2.6495306137624888 0.9576965823822664
606.8524544299629 1696.2108369731986 10.0 1.2335350448515177 5.031476397149739
609.6866706327163 2407.543476196301 10.0 1.2838129032211003 5.001233336250128
467.9941102501252 3937.5193651808527 10.0 0.9725981201453202 3.5398874491913994
853.3447140177483 9411.79893575138 10.0 1.810385516234834 3.878291527186555
948.7225587604131 9640.989485965652 10.0 2.9435875378641807 6.118009411350836
708.3691291464902 4815.349805397053 10.0 0.6077589861683901 0.072269580429926
550.7022776932873 7672.356869478405 10.0 1.7754686591407853 3.7196040050720995
576.871045266906 4856.192913084619 10.0 0.56530393016701 3.791004954045253
924.1074928369874 619.8474234166274 10.0 2.7390188778891136 2.9980413197708438
660.8886521182293 9764.67106665191 10.0 2.386278137156797 4.026027536313909
710.0228200147142 4768.857297969751 10.0 0.54800699915356 1.981492797347229
646.1267707413388 5425.471192127036 10.0 1.2016870014539265 3.435001015705542
855.5609108851572 7992.28209983583 10.0 0.6364925143611861 5.432590721224176
469.7420096040561 4849.800792845193 10.0 0.19004611583317219 3.1891623920096355
686.8540094378179 4970.558353730594 10.0 0.7522336523513746 4.518875286120923
582.3294238502509 121.80928819873759 10.0 0.2764399149557618 1.4275552165679937
275.07498867736956 1655.4787969465035 10.0 2.288038679281382 4.07077514125907
364.26722505568733 7983.314271582684 10.0 1.167889921083619 1.415607405599589
880.6446328094709 3391.845662969757 10.0 2.1777722123815786 0.0622972318323845
606.5754965523978 4720.895446559745 10.0 2.6435550302081046 1.9436647415641002
510.7809951925948 3611.0219750909732 10.0 1.792128649506522 0.015948528245707
216.4455138585868 8519.420527637993 10.0 2.086871350656616 0.6205490193356098
875.5475154119049 2510.4461236045904 10.0 0.9396437230991729 4.675027378315234
557.5955135171362 9946.063256982048 10.0 0.7400980213677272 4.58889926330011
277.5557927949639 7633.169375003672 10.0 2.4124818759166775 2.8041060862715788
85.60956203378389 3728.877003887042 10.0 0.5312091360170671 0.7775513007660406
220.47936444918147 761.4822573174196 10.0 3.036452171329578 1.133395949457142
188.41545017443096 7493.987600109108 10.0 2.3828027862505996 2.739825220321127
771.5349290331684 8038.6880543877705 10.0 1.3771795329610104 6.219335201440924
392.0580184434893 5625.465972155211 10.0 1.9901333316873115 3.6708641489910696
963.0868502518445 2733.0904708194603 10.0 2.774273311149401 2.2282382163561434
341.924308389305 8911.943851097063 10.0 1.8319205504100948 6.0599677238986125
768.5317612670763 2558.25362589413 10.0 0.01914027390875181 1.6365720839568703
219.57626755573222 3144.035281680315 10.0 2.414318376560151 4.694954104699346
437.61888794685433 5963.60091664222 10.0 3.0252680263762928 2.3679920091371143
505.34805092640687 2326.626987776307 10.0 2.5072705343373625 2.3683076505894696
226.3629046942085 4309.411727927085 10.0 3.1296430266230333 0.6173302904915093
246.86338591047252 4670.098900337299 10.0 1.218767458746426 0.975590288706021
806.7052164503494 9340.28081610154 10.0 0.351999352270455 2.8374169991874267
243.62975314366565 2024.5367873153696 10.0 1.821100503173756 0.23198450244182833
891.0799516220131 7871.10180278287 10.0 2.812508434640112 0.78495610365895
807.8654536505402 5921.002687548433 10.0 2.3206462135671613 0.10452252873690217
857.0412077280116 8099.638487719437 10.0 2.541695840608959 0.7561932974894193
11.715845255161783 5883.922033335536 10.0 2.530407557200331 4.628348209525255
407.10733532606326 4459.743554649725 10.0 1.816809234447601 4.935152661153137
581.0150050505655 8178.651152048116 10.0 1.6412700130626152 1.2134185879780213
548.9789435759373 429.29173188827605 10.0 1.5814407636424805 1.427657961534009
845.7489145497932 5658.289768446462 10.0 1.9140325409221468 4.216178882892761
431.28659926450365 1206.88556592902 10.0 2.5206830756490626 2.2755869571541525
407.37680430841516 1873.7964611009572 10.0 0.342153227550848 1.7941339679488417
820.0245226691103 671.3984111088466 10.0 1.0344563769935258 0.6706063127642161
433.1664193652236 5111.47549438349 10.0 1.1860291516831596 4.7735916944870835
250.82676617493937 9538.417487487726 10.0 0.8361560241074503 2.900765499772536
737.6998497415859 521.8912657950648 10.0 1.383619331486645 1.990982509993011
142.24163513038312 4127.6482572269215 10.0 1.9989063005198413 3.1076026195998154
61.705918314141186 1004.2773744846711 10.0 2.1585843467650254 5.130069643221698
405.16112742873275 7655.34334415065 10.0 2.3137354299503787 2.9800664921176696
208.37561383913672 10.50228767251804 10.0 0.40154564964459577 3.2234128479413084
333.5613226635753 8465.818513371458 10.0 2.627088835959035 4.153169253917987
947.3164794867015 1932.6509367346612 10.0 2.150065249394974 0.41562702449543576
811.7100726630973 2116.1179670891474 10.0 2.327309262767204 3.181040575777419
846.302571323223 8238.28861550471 10.0 0.7473742400972682 4.280685284885107
122.99815521869006 6727.891547949337 10.0 0.2094453655419653 1.6753007485763227
440.97612806812293 17.468077171541864 10.0 1.2753586287693148 3.2023244720368984
895.5503545717621 3520.5461805773384 10.0 1.025185238773586 1.7881644991648926
402.65691836268655 105.54046538164829 10.0 0.8551087955756108 4.3133262590022925
969.7724144073177 6939.734962237239 10.0 0.5357742397676235 2.772782302529218
614.4159656707858 445.83760694179796 10.0 1.6981510568592637 3.9983191855204057
222.99045357807802 1295.2442215751514 10.0 1.2109929920939255 3.3577530968538105
315.5695648950865 2856.2811608300076 10.0 2.629984419460738 3.2965817354655784
636.3387530547989 3322.3444150881064 10.0 1.5469260510921592 3.677165328743586
724.7500747617431 3863.988609602108 10.0 0.4159462326408068 6.182935244142079
139.0523925678545 2580.6634666440063 10.0 0.1500207923299099 2.068322976633137
801.7094671123962 6771.931811419317 10.0 1.588902223568132 3.1074644718785667
15.320965810704191 4104.648792223151 10.0 3.113260692825187 2.469660322679809
58.012094804734794 6621.71638515056 10.0 2.2813568186016444 0.29426938684773124
908.8595322953497 219.67698773578627 10.0 2.0045271493244536 5.73985583989544
576.772994636564 6216.538913373676 10.0 1.164128798765727 6.073798524512571
710.3530868844617 937.8773475803714 10.0 0.528362968882179 3.772241009829131
651.5976580034207 3868.3903102350237 10.0 1.4233918414467999 0.1914461705349639
862.9308615524745 4847.728415314447 10.0 2.203339465790906 3.132587629233877
704.879831573835 6033.562711520664 10.0 2.475575340644953 1.5704885117401324
870.8266435427837 4911.490977387965 10.0 0.9879275224078594 5.988184854407725
395.61342225331066 500.52532817222885 10.0 1.7545748543137152 6.003036950653567
46.38135741811655 6084.543183316086 10.0 1.8652039462521546 3.330622909003267
76.87485265429007 8294.230569408328 10.0 2.5583786141435945 0.35326773306517534
780.5442665345654 4170.673976178135 10.0 1.7927547232080834 5.649565701318508
13.132097805362841 4960.914312062705 10.0 2.7364651032229794 3.817388509089893
872.028810468356 7827.40327353453 10.0 0.439608844105538 5.838705301371429
17.536488546665787 4397.450653724516 10.0 2.616580481829057 0.3910030934800564
700.2795754868703 8135.389180467716 10.0 0.9616924304207428 3.1637378581675786
419.3538774231851 889.3252498093351 10.0 2.2398605522163355 5.256450378294794
277.40657105518994 2645.9825537060465 10.0 2.693395931115578 5.064701405883848
521.6910960607112 7521.289434791438 10.0 2.740961210952065 0.43548019419385914
464.24303379819764 3320.996276588233 10.0 0.9846158584670036 0.5340324862314144
959.6740539670002 1624.7576631040383 10.0 2.362515755807843 4.41099041452284
885.68290955776 278.7462110660322 10.0 0.7732517619885385 0.9134628690187762
619.2338175248256 426.0105444438178 10.0 0.36978505390023364 1.6384112143954754
330.45449573535035 5760.431559031811 10.0 1.0030565893048786 0.47944365257030835
26.65687755844004 2559.26548744579 10.0 0.9256154755447955 6.075236913987647
670.4863424055718 5230.912120709313 10.0 2.0299143526600316 6.067292247593547
369.0555940628467 3608.6781950403324 10.0 0.3464416787812195 0.35725650554625016
585.0216336206169 5027.950554923285 10.0 0.9804250009279674 3.8117142453143193
555.9156895790707 6343.338441068719 10.0 1.6357262245772388 2.758833922371529
624.6374081614453 8473.97526634115 10.0 0.5023329773263839 2.8291181340239735
981.8762806159282 8809.320018707716 10.0 0.44566603791099785 0.42419485721804534
400.32478900165245 4864.433589124297 10.0 0.5830674770397646 1.9282243703807347
900.8993111509087 5942.849258855087 10.0 0.5007249869939501 4.148668008353329
932.7865285857458 8246.793052750567 10.0 0.446728545928506 3.466424110234409
571.9843022937575 2868.6553617877953 10.0 1.0630241858437244 4.037537329235486
447.1080466383821 5404.253321393916 10.0 0.6261386040699762 5.261391735321832
586.5847084506681 547.5615013209278 10.0 0.3359849026441013 2.7816388332792368
147.95827505686287 4958.23530980213 10.0 2.3751630687316507 3.5692194796848797
37.88232306389683 6937.384489633316 10.0 2.9393480560391345 3.266732991184047
760.4765238563456 2003.7041810999544 10.0 2.371901458343495 4.012022659956138
442.0757336920633 9331.200099342695 10.0 1.5245373777113267 4.733669084034999
872.0017199729692 5191.394890126805 10.0 0.29830539194388234 1.2096526403586685
571.8392471542086 6037.040415386081 10.0 0.774103147404206 0.44530190280685267
359.7999721240319 5670.996456195832 10.0 3.109657479785037 2.5382854191793913
612.108426063906 8063.08456011915 10.0 2.017935426488229 2.8028452881490997
439.9471935100284 9809.362660308041 10.0 1.1679663450097515 3.3634447200396833
298.3485606189481 3972.4037252664457 10.0 2.5728163103491983 4.0446183049151925
122.522534392011 97.8098955623452 10.0 2.1544741606814215 4.878191257618839
947.462269126969 3571.325951955552 10.0 1.8654272743980507 2.142427939498691
108.26921476804907 1162.5627877437428 10.0 2.1167547202225405 3.8851865257367453
541.4926479900739 8595.479580810279 10.0 0.9011391520207178 3.1701372829764587
411.87888916186046 292.4128596846409 10.0 3.127543725380868 4.812658421224225
274.27785915503114 1057.5832720276 10.0 1.2758680647079546 0.9543613416972876
247.05569416313688 4397.652122980206 10.0 2.4638737933180526 5.294124549908268
221.21377691777133 2421.0371215708383 10.0 1.2888990132146572 5.503068188772174
958.5164907122447 7814.34158074056 10.0 1.5225973664372605 2.4603082022444416
42.280783254429856 9263.386275176716 10.0 0.06634921971305327 4.783098057694292
36.0832804054716 7867.981516849686 10.0 1.7923723246282213 5.830623298372649
878.4909237857416 3593.7116408145707 10.0 2.5407843473183207 3.599008047402426
496.02415135130605 7610.642735850005 10.0 3.111469801619293 0.28010314692955623
851.9117445150223 8488.016940627002 10.0 0.06834349187439999 2.153107916102088
164.79914263585428 7645.620637033492 10.0 1.3766094248781933 5.190377225209084
829.4230736006107 2206.668714646973 10.0 2.7810920713020675 4.632020224332281
650.3669284424648 1453.6794079911297 10.0 2.5029785331532635 0.4729743626185354
360.3629267419749 6457.95680368711 10.0 2.6373826431284124 5.222628721393436
36.208941851663454 1134.9426332661317 10.0 1.1059522836330178 0.6620384391540551
948.218763187454 6971.832594248507 10.0 1.3874060008634514 1.0620468754535135
583.2270405321459 2980.497975891764 10.0 1.9657310609064784 0.6408484071192108
66.52062112012425 7047.894266478276 10.0 2.8370655537840506 1.5156183143756892
974.6708798635126 4787.774686150784 10.0 2.9002797137769236 1.942595421389606
579.0918155373796 7241.674018343175 10.0 1.5255962161560532 4.747764035639114
889.2513415706551 9333.758987634123 10.0 2.9706178802972634 3.4110346408471686
474.81413716264956 6853.2958364963115 10.0 0.7177477687868724 2.0858751533135194
937.5962802680242 920.1088516506551 10.0 0.19694125326012735 4.940240698049077
77.06327275774372 5382.562884823584 10.0 2.2905641576778435 3.1332151305349054
247.2047944326593 4404.229261257957 10.0 0.29812070161387605 5.4684538054224445
137.97090108651 4614.539132339123 10.0 2.986375042870175 0.7593608070889962
231.05620224782152 8630.375212912968 10.0 2.2038558715596053 3.1045442285055516
477.6697585930015 4499.684067898986 10.0 0.8730865667002397 4.0126296663368795
325.0302790133985 8674.83707500732 10.0 2.272382360913944 0.5532282821729811
78.67780866987172 8492.609072210102 10.0 0.9302954180605666 4.675948616770757
729.2944075737023 3819.27994712882 10.0 0.24176880227002284 1.7264149584235222
795.5778905365818 6513.512133935318 10.0 0.040368470619033925 2.369018095763462
438.8147125488869 666.2903727151325 10.0 0.15301674767956036 5.848411663620565
90.14892944907294 6196.355829587064 10.0 1.5640673419721627 1.0421165278331965
98.14652434680427 3311.2025704818093 10.0 0.26857451630656126 0.6503283052164549
452.10510661223304 5587.852630085293 10.0 0.50995359687416 4.375027479530991
465.66131079675034 4984.256568715222 10.0 1.3527918926233993 1.8021140601058185
415.59925678132123 2961.3159716670534 10.0 0.472727082154114 1.4662509298305497
522.3655043383066 8077.158992202212 10.0 0.6343908025213411 5.0890826624789005
331.6466013510392 1909.4439107382277 10.0 1.7789371407684254 4.883498736400968
510.4681912433745 1968.1049208573454 10.0 2.3882752987346207 2.153916847821884
306.62501786318666 2380.095215965068 10.0 1.5948676698745996 3.6553386515554775
436.85332177260705 559.323746709921 10.0 1.4611797994440217 4.850823896613155
967.0085870309399 819.1210664115612 10.0 0.4129056867600548 3.230728673565
826.6131618751746 3941.212440200632 10.0 0.523611250570828 5.979756803342738
960.489850800892 5084.314816723509 10.0 0.693324638379004 5.5615290158144735
761.7988912022302 1097.11773683971 10.0 0.09382378846249359 0.5181520687932668
353.64785782701534 2294.5433706943454 10.0 3.073365118527443 3.945360703259994
490.5448221738515 3062.830878693884 10.0 1.6959283654729846 4.5428763679122
336.31755653756056 278.1198674987695 10.0 0.057711286596809755 6.005122522289979
141.72228643085427 8454.856347248166 10.0 2.46778593414 4.322683328838326
892.8174408056965 5784.483829632429 10.0 2.447376961153777 5.5044976014040845
330.27979007112606 5781.517402545925 10.0 1.1604328826935673 2.110134468118605
350.19098605316225 5123.248849372744 10.0 2.6025227413104197 1.1987612636425014
688.4251487257486 9450.961578786813 10.0 1.6986693026730515 0.007099640282135294
963.6187435448355 5394.6810570727175 10.0 2.4732012929976683 5.4113695819874925
607.8063901390716 8890.127237652461 10.0 1.257836878368497 3.6097890721892063
949.1570553865809 6975.669267666625 10.0 2.6395710106722765 5.447158187283981
727.8473662760055 2688.7351491033673 10.0 0.8626941948467457 3.0463590719298335
623.9596246849301 425.2541465188031 10.0 0.18496292294421138 5.886594840589777
955.3943634317948 2182.367765538825 10.0 1.9014724992825816 3.6882694074308033
564.1382535582499 3473.771405035757 10.0 0.02828636094803261 4.9161751122220645
50.83007705063469 1388.6959122323906 10.0 2.999074459331555 4.458170234455857
940.4190356120106 6259.679421910827 10.0 1.1453611970867261 4.4650686905005825
65.81100876039459 2710.918614672747 10.0 3.053999659693499 5.4402742022338
441.7501740067794 5478.127418008735 10.0 1.575570600317561 4.69247797055107
167.78480879200163 322.47779737925254 10.0 1.3210147829669023 2.40625695000996
447.0177191821344 605.3301849167092 10.0 0.9221807038646628 4.056002025773103
636.443435026235 5647.108731944646 10.0 1.9149481916377056 2.838746341743614
355.0254495191856 7862.811828163008 10.0 1.831220752792755 2.6293553095807596
67.26888280448206 1848.2914706470422 10.0 2.6220525931451046 5.357482490899864
232.89519645548052 85.57849015924157 10.0 0.15284537456530092 1.6254019461803628
67.32715558052982 6742.161982715364 10.0 2.0978537391751577 5.404544443334963
193.04382988439994 3158.285568605389 10.0 1.3983863476157978 6.217631186668085
978.4672081982027 6047.949347177404 10.0 0.625538760625686 3.6512411550811694
158.89307869295067 2183.4599169545254 10.0 1.3607375460580016 2.62488767167111
413.0808979503684 1390.000178066252 10.0 1.8102648849803724 1.4432504596759703
929.4686183368982 3045.8409780542383 10.0 1.4980043515576726 1.375483770552926
637.5801313117396 9965.450451932425 10.0 1.3790179465346224 0.5873044602521679
703.0445034495999 7536.900816021117 10.0 1.6604479204274465 1.4765780979961118
88.7476810852481 5291.611650384452 10.0 0.30652881310472335 1.2207852020318457
469.9892507236091 2703.610350226544 10.0 1.4907493230368536 1.9624686804462115
558.1176606887431 947.1299719949556 10.0 1.7333417141583503 5.642750397470643
934.9698959305722 7585.507360607629 10.0 1.772309582700393 0.370684319925656
829.5421228712098 1720.9818755105043 10.0 2.1930047341977517 6.139789932186523
878.6701589551354 3004.1367719311884 10.0 0.9272944360590798 0.9469666977064234
805.0998813439702 9083.370743672533 10.0 1.0171247548100273 5.525937373773397
119.17903325780077 2568.9179666607056 10.0 1.5010856569027122 0.4023604135916423
404.5039704619949 392.5848748495764 10.0 2.306943582501795 1.306147080093259
483.2060006976753 5563.507771409059 10.0 1.4144950255741302 2.297836028014971
773.1636998797597 3751.8779410036273 10.0 0.3534523189642234 4.1737108746101805
447.27922538295616 4876.717666423058 10.0 2.0991624508666513 5.888517021434971
584.0579800870958 2930.4396442772495 10.0 3.005314898860243 6.043159417182077
359.0828753260297 5642.050361309663 10.0 0.44351271598816433 4.794970457309065
468.5757043861107 9262.513612904939 10.0 0.6144128359373613 2.8865443766041805
399.0898287134811 2749.915553048663 10.0 1.3770814997345775 1.0238936644113017
861.4799153686994 9938.727213997316 10.0 2.6025223524233794 3.2826062902656847
692.6460998324061 7896.589934995868 10.0 0.7418252454152736 3.732210297192202
795.1514445981679 4603.697401953225 10.0 0.5842517914352158 5.424614893602258
232.66305519880848 9333.983433589958 10.0 1.9817630607798342 2.5489465540909366
428.2689100166854 4673.970947054788 10.0 0.5101019164576738 2.301681435496731
523.0740007986323 9984.271153531608 10.0 2.162398818688458 1.0878265205846385
344.08078213382885 2290.367111808208 10.0 0.043535960385614886 0.9409249906362659
103.21090551340906 2083.4590431183096 10.0 2.9972897503272713 3.075586513189495
903.4260384394848 8318.779256940265 10.0 1.7996441100022817 5.469549362522156
363.2580577079074 9017.940301811914 10.0 2.813561036183742 2.1714301210592155
187.65964608759734 1313.5030720842078 10.0 3.0619388976381994 3.29128568619179
310.9384275023437 7518.109275123599 10.0 1.5717894465348692 2.991102823098362
316.6390570178973 1857.1503717566175 10.0 0.7685863951641764 1.52563290938239
199.58930073854376 5873.092317584923 10.0 1.5755919452488303 1.8889005197867976
176.9279332103626 9191.213841978963 10.0 1.0792960701782024 5.349492750592107
177.7832775375805 6330.659016128351 10.0 2.999619656620145 2.134975558821376
845.373532108703 9551.341007593144 10.0 1.6283409215774725 1.0975967809458538
370.6509257867947 2346.3785445581643 10.0 0.4332379875557857 1.4660355974101114
243.213724038459 8121.386009374431 10.0 0.17757774207709245 2.2657345070487316
53.061398520560466 3846.0789534997007 10.0 3.1305386982962156 4.6556500711295055
805.8701536123957 9020.295151311091 10.0 2.4873300480065987 4.503282182260725
824.817163971673 6165.6770722342435 10.0 1.9117587150652875 2.2238495037807273
203.5836883121349 235.89488165991824 10.0 3.008390365865646 5.128417651249795
948.0190753013325 832.4379443946217 10.0 1.2253277634220048 2.489755877660512
398.0483011602579 2919.638093641157 10.0 0.7483938963513243 5.50915137924836
256.758368368856 8851.727227097877 10.0 0.04571118836208555 4.679851238413119
570.199836145624 6956.3788249923555 10.0 0.35387733298360036 4.188702332801508
299.29118124974343 9663.319126274571 10.0 0.8463624552371513 3.437215079775362
704.3158107667198 7223.23072070397 10.0 2.6418093368221287 2.770908444870373
622.8525489416756 1431.3238193117184 10.0 1.0087859585827226 3.550527398474415
863.582398881981 7451.576134406638 10.0 2.1661488008684366 4.169864623049117
361.26562342926405 831.7944790773191 10.0 0.3539307111437543 0.15968175362722842
442.2850686068654 1106.2874167148107 10.0 0.7656065498782411 3.2483320333662187
535.5027521721662 3002.077030879632 10.0 2.7188616826668706 0.6461766863574329
929.7789811937148 1196.2225721308794 10.0 2.841887754726254 2.8561838738389165
727.3541726379643 4815.966705236855 10.0 2.8534272031045345 2.624428192927349
971.3953648638674 3430.05660929711 10.0 2.885387104063194 1.8863578040664897
36.3611869124214 7148.732059318763 10.0 0.962519417625197 1.1005762851485934
761.4401855948923 9631.514118960733 10.0 1.683448413890744 4.067544027927374
480.16943244748035 4296.069710372112 10.0 0.04033038750507951 5.188375882476334
53.44139588763541 828.0626908060085 10.0 0.46710465158719966 3.535855424340168
248.4591502325242 1211.0526146597244 10.0 1.6186639475763833 2.3602595139748375
322.80103136188177 1927.130542850235 10.0 1.5774276486143215 5.3294880415108725
470.6080440975191 1723.1337196147579 10.0 0.6287975890445026 4.561203177166933
867.0081307315206 2393.9120723768146 10.0 1.0357190649408132 2.291099206952084
407.24355047717455 3403.2673011994198 10.0 2.8529381487054857 4.207738879604569
878.56912898763 9844.821498352729 10.0 0.027876418665558723 1.0794294942229838
225.84031351041645 7239.212421872855 10.0 1.2621157768718467 2.6740806373227226
775.811796197912 5970.659868925455 10.0 0.2668124422413606 3.066933701061344
770.5194538363088 2785.0776174077982 10.0 2.2608001680900696 5.261152385572053
326.7187533527074 6703.555529440848 10.0 2.3892805767884417 4.550613712495414
986.2057761380102 1949.1726635710372 10.0 2.0067707960713084 3.8788139941173925
350.9473007676941 1041.7413129202769 10.0 2.19611495796804 0.5926324494961893
907.2989748046753 7084.228244540812 10.0 2.255726773741766 1.6583010012987136
35.19129990085601 5446.232050211418 10.0 2.3214408397566104 3.5108286787067255
371.0154074459837 1544.045723291717 10.0 2.0274842280974816 3.3358013892841254
147.04173233511398 3223.463203059398 10.0 1.153142047012531 0.6454516996698199
865.5564285739808 3370.6408905582575 10.0 2.7069685180789014 3.633036111889335
682.5019673568528 807.9545898417107 10.0 0.1520853454250133 3.7939028964026136
173.25971162588016 5275.942626008931 10.0 2.1467563017213602 1.1483240317894463
732.3141458148966 5359.059932707794 10.0 2.387962958401734 4.984062775205754
718.889663401222 6582.110273736196 10.0 1.247208799317034 4.010553891580076
602.2527340419088 585.8674624654248 10.0 1.0277521321758496 0.4027672659905821
783.2233069329748 5284.531187234817 10.0 0.15174728135243012 1.402466008871112
472.5416927756717 214.310447309608 10.0 1.280487988746223 0.8225684007674441
992.0877592177134 901.5618734449282 10.0 2.820922936912087 2.2941535607275676
131.5515011267373 1010.5545953697082 10.0 0.7069214192315867 4.989378972263114
741.0056574727198 1275.0748615845598 10.0 2.410443241147922 5.537440884515765
568.9319515386816 9774.719334525345 10.0 1.24288717898759 1.9689900219497392
465.60478700501204 8985.873161726047 10.0 2.3451227044477214 5.803642671647094
463.33757418564346 1219.0016331002896 10.0 1.4069005008658524 0.9062076971136177
917.9480631944684 5548.035556428152 10.0 3.1024189005262963 3.1879184411668318
849.9013608842215 6144.258843344313 10.0 2.770898211603913 0.2565608750821654
858.9400983243129 4046.2563040118325 10.0 1.7435410753993235 4.723797846417766
502.6133265894428 1829.1187097715278 10.0 2.7265879675623594 4.900067144158369
826.9669155430602 3380.2381009489945 10.0 1.7500327183957678 1.3390551718757806
816.7601969500679 9045.673843829052 10.0 2.91393212287287 0.055416868872257365
892.9245564034488 9780.204936690152 10.0 0.09320336260979838 5.885880600603824
226.58215649591727 2615.8275403658604 10.0 0.6318414041826115 6.112026243861022
561.7932411200082 3757.5962961035416 10.0 0.9305907398539314 0.688041896486385
443.3034898248666 4922.350249032383 10.0 0.4515869837603031 0.7762038418903832
230.91320797039694 3155.0018177652673 10.0 2.436475068626127 2.7600977121329957
48.692640580263124 4288.710670354286 10.0 2.3574298012031507 5.436480457010292
865.1183917932599 5459.404047254848 10.0 1.4482377836147184 4.035170663723579
229.30849823467025 2641.7447384187367 10.0 2.0641819500442002 5.905416084426181
798.8842393710954 5042.789213259654 10.0 1.7054954743604254 4.181116956971264
686.588996264236 9371.222213085619 10.0 2.2476985624069754 1.3013416994361973
825.6460526188785 3494.186438579423 10.0 2.8195582829311476 3.297345125959733
7.93812392443527 800.3771984000563 10.0 2.793772511099312 5.165391154130244
984.4439413000913 3707.2031369439374 10.0 1.3032376840747804 5.567710730972355
33.96781519109382 7181.46178857807 10.0 1.7881539974068315 0.4091625255090161
704.0505601240734 887.1142510202734 10.0 1.2189048417524324 4.834295038931319
7.050824528023192 1630.3868485617413 10.0 2.05670496971126 2.055593094714008
214.73824093756355 6141.568984703348 10.0 1.3721753244001273 0.025902019414355472
536.3409114841428 7914.511887230537 10.0 5.38230951922706E-4 0.03212334490490492
387.84131488473463 818.9809552106453 10.0 2.162214358332883 1.9813076982350706
664.4166002436124 6507.648551805773 10.0 0.22983808311815887 1.952181334075722
413.27027250149797 2258.6589360697317 10.0 0.5868351263478604 1.0612741973908288
570.704605163852 826.3357527272153 10.0 2.8960817129608456 1.551136864664878
975.1336385747634 4116.743594978791 10.0 2.376217700886761 4.744220452207621
696.8393895906477 8061.454300300011 10.0 2.5139693505729235 1.6065694308261587
835.6242320841751 6932.013879633922 10.0 2.474660517582654 4.6438191056564735
329.1150607439292 1519.2391368967717 10.0 0.15065414713544825 1.8320012462070658
987.3256508041044 7095.6225695447465 10.0 2.114100827217812 4.134558788211396
923.1855836756824 3885.7550343562675 10.0 0.22933651074397096 2.034123976437628
784.0955093223897 4888.825913530772 10.0 2.703241814573538 0.5810617366723795
706.1700609859626 3328.894659927372 10.0 1.6787974701548516 3.2793009031674947
710.6815755274101 4752.767988507154 10.0 2.364522068956414 6.2333052670223505
341.31884523163234 6851.965699963613 10.0 0.22902762054337047 3.9522970497469427
701.2270884508204 3454.3847737581045 10.0 2.887006187388253 4.925130129651795
690.3969550423146 7812.927062304053 10.0 0.5889526123429435 1.727354422539266
166.82135036347134 4312.486266626603 10.0 1.0911545111269902 0.8948153413985671
958.9411802763701 7023.334215529131 10.0 0.32854004196235714 1.4761569429760366
142.25218148564878 8148.085433614768 10.0 2.218681102642276 3.4580270840164826
759.54675863552 9341.063595299356 10.0 2.3207534288421074 5.575282707161337
212.11617374696013 4123.028970062264 10.0 2.6399188867649626 0.17936392912392185
878.340269841249 170.86995198361544 10.0 0.28687748960187637 2.3456511820185226
126.44307118668362 6130.999630972607 10.0 3.0538476269326362 4.175440726980503
779.7946521433503 8786.844856151452 10.0 2.154663174642494 1.3431958330726257
265.990667915323 2904.946074730179 10.0 1.0439994955048078 5.142653188546014
135.04297981316338 7890.837463199227 10.0 2.7860928087739434 2.42796870182489
367.36624575437924 2505.0088646907666 10.0 0.6034521879123348 0.8487560569037704
908.8467052261936 1320.898377609755 10.0 0.6293445018762778 0.737983521919974
168.1310542337935 4350.999538963889 10.0 1.629292614950055 4.654838737377856
790.3752500558243 4323.811517911423 10.0 2.8384794317715447 5.601191267486728
882.0438178111648 4463.4996797361855 10.0 2.287371042478113 1.603309782170798
2.952701336872754 3305.7750463538036 10.0 1.8888907691347765 2.7242980732137783
664.5997059369759 2077.6403942270463 10.0 0.8096742467450182 3.1074822697474778
777.9281020399295 4475.294252709005 10.0 1.7497273796900519 4.196229919359724
479.0210712048941 8293.623103655424 10.0 2.9215998820512312 6.273956387261873
27.82548679600383 3292.3487228144722 10.0 2.8139013500839285 5.689213064964949
22.855847318998258 9928.049130360605 10.0 1.0411079827189433 4.7518000538773375
3.9299810490639464 9137.896457749066 10.0 0.0849503561548264 4.820049353111088
625.3404113058972 4230.114136578503 10.0 2.1328668997709044 4.794581093106366
973.4662409358604 2117.7773487639474 10.0 2.7815300503667726 3.7271146720533674
275.6825707355928 2626.7366186497543 10.0 2.815127799577002 1.792095569398974
201.52530630146316 1415.0788973774909 10.0 2.624306397734132 2.1708071775803535
192.42147292847412 4160.676435655387 10.0 2.739611427671655 6.04633369335039
772.8963155132585 7105.0262132267435 10.0 1.0677844020807061 1.6023411871854187
594.0201341651958 1785.7102665763834 10.0 0.3952346718326605 0.7918959887377706
38.95928114169966 9846.458359520791 10.0 2.321489709885002 4.517467631892046
580.8474827343779 7182.926605989607 10.0 1.0949043273506909 6.058399168050894
724.7950696967569 5363.955090345279 10.0 2.3124283884501473 1.2656839834632985
288.7053977680399 2262.1990712635643 10.0 1.7165579639471713 2.5697924941116694
981.6689856540381 3134.6749320764034 10.0 1.3845575691830236 0.8881430942937593
724.0578686677078 8012.903835016153 10.0 2.3780309136227924 5.517045562956644
920.0440955089414 1193.9675355664892 10.0 0.20135761717080794 0.7654528703919238
941.1176155100736 3867.9440536171737 10.0 1.7629479023934775 1.5584275807936758
408.28066974107094 1473.8228159814225 10.0 1.9348500758086726 5.055651653471454
470.9472132787593 3245.140027446197 10.0 2.7152739816264697 4.326319927532622
172.17769216276423 2588.2210735507592 10.0 0.6275039449001366 2.4115137046808197
162.73044029067762 3430.051465461446 10.0 2.0984817765628208 1.485038893277141
480.5132839205365 9479.442216268184 10.0 2.372318810926665 3.53269203291402
847.3702901665097 464.29319749348497 10.0 2.532545235857758 1.494725772715555
951.7394775332301 1839.4022266109146 10.0 1.0780647243048795 1.9179637649589074
483.5700904201132 2203.405267895565 10.0 2.7259566261873585 0.2496674966413931
266.9883894013532 5720.074620786662 10.0 1.0180596724522049 5.496973746684748
696.5534890135448 5208.343000795315 10.0 2.4451800437908733 3.489474187043222
824.5454273370688 5247.062434873531 10.0 0.07548321379178372 5.648335770956816
869.5800425251531 3634.6455118880594 10.0 2.400684563542018 3.6912943250736485
620.9461270639023 3850.380945053078 10.0 2.321662383440872 3.0091517879567866
198.41242804775015 783.3498216383972 10.0 2.105246287797955 0.21760397405009035
893.8529322384654 6926.517028830948 10.0 0.5438655933130682 3.706698906017541
368.8915579788976 6477.707927243176 10.0 2.687200415859623 2.2684548221441045
311.86759552184816 345.8217236608052 10.0 2.071430390184018 1.7447885150294649
767.7758358871539 5929.77480778641 10.0 0.4355726036345708 6.023344523427586
746.4363720697465 1719.306732743351 10.0 2.388444412120832 2.547213521944436
387.0008549680626 8260.9250924683 10.0 1.621716315053381 1.7605234550894542
911.0033476928525 3838.899124736196 10.0 0.3021580998856052 6.001418156633282
831.5156953173386 5340.363460612439 10.0 1.962883792134504 5.4804939762675415
402.5687526816046 2205.2219224083124 10.0 1.566849397395548 0.863213449966233
90.8522630960652 4105.691495222399 10.0 0.5422666620487834 4.317105431983378
930.8082517473418 1056.962352061227 10.0 2.6305572178279966 5.104600229367063
984.5835968473605 8029.5915139376075 10.0 2.5465066210213436 1.9001517798942753
769.9095916873779 4815.888221687524 10.0 0.36457355083230536 6.145186072500625
441.82778520500165 5896.691365758388 10.0 0.5246001788630061 5.8289868243449625
718.2826046766208 4361.576211345562 10.0 2.164350011698361 2.0536686577901495
24.953369099400934 8554.6730270701 10.0 0.05573862784136198 2.0493938216918437
101.29922446473839 49.9160454938763 10.0 2.1710973287719124 0.8014644655736541
357.642790745036 6803.686377632996 10.0 2.5609840468306855 0.19585946999686543
602.2193420181369 5889.449636898364 10.0 0.10449408602735004 5.8673593679706
367.46994877924476 6088.131213585199 10.0 0.15075095546918532 3.0543357268719435
956.4590908305324 1789.6117795589505 10.0 1.7522454509147067 5.496485722041242
503.14808656035694 6154.8695486776305 10.0 0.4863474584733456 6.198789026780449
794.3576343105398 3294.9302136701476 10.0 0.637889385182717 3.3372798565052544
336.6045274804922 6341.932080352169 10.0 3.0298569448508954 3.478734533779298
167.59860588580267 719.2523106144166 10.0 0.8639063828732891 4.087167232205821
210.03810432138513 9661.778860225135 10.0 2.7800796545680053 0.7384950450626901
544.4427734209909 2094.057616613103 10.0 0.5409192753378362 1.2954075486755348
838.1159231684372 1343.1799082324846 10.0 0.9882779346421289 4.020607357017994
308.9279221269963 6844.920299284163 10.0 0.5124276831283937 3.4759602392985864
25.465435571226823 9995.774394388536 10.0 3.1328693819615214 0.34207687050177915
49.19216248020308 9610.182747388233 10.0 0.19736337796179454 4.307132981818014
909.6182135965166 2061.3752450016755 10.0 0.92557168746044 0.9684609559497905
170.07724592503126 6115.904293506458 10.0 2.848411738955664 5.327504558807581
389.5616026276664 2716.077722793071 10.0 1.8803471308323876 5.053257224150096
615.1676403932133 5521.146682460632 10.0 3.043959315544923 0.046478612408088295
650.0545646001041 8887.236826105081 10.0 1.1158907733635528 0.691466512192938
733.4221793810002 6147.659286643621 10.0 2.273557512980955 5.8878096952311365
941.8639982854716 2549.3749623718177 10.0 1.3345106768039214 2.626476750541125
575.5540440683384 4008.0247224951304 10.0 1.8728173002384554 5.760568685576911
28.077439532164796 4963.083474439831 10.0 2.3516814938978743 1.7565026793732688
155.31555694508725 6046.331222052051 10.0 1.8888658062153707 1.914817104877978
956.6491805835268 5020.979400405607 10.0 1.716470804628077 4.750508507068255
460.8440754195394 2505.429955116859 10.0 0.6853731576962483 3.0357538919292857
69.33491416928727 7364.780673028786 10.0 1.6245461775472505 4.362329898069447
251.2251882028329 5334.84268739782 10.0 0.3063350783138541 5.861933309060946
407.17241087808577 8437.560915870376 10.0 2.402906544924925 5.345847599664187
923.4293017788415 2053.3819189721826 10.0 1.4120456187020785 2.7680257466505345
922.6633131549311 1135.2490538716543 10.0 1.329990328280116 6.250188717295722
984.7781997327409 6980.543151479077 10.0 0.6604274285230383 4.341090145273951
158.8133085622726 1221.4334799126825 10.0 0.6322483602233764 2.307547108416643
916.0974908844852 4250.737165340333 10.0 1.0506909577207921 4.718270501333389
305.1861009246641 1169.5345794558475 10.0 1.0093336136306743 0.7987877779534794
460.7114172416823 9524.418900677902 10.0 2.5493966376660184 1.2370002103048878
791.1279726091194 9596.40826053977 10.0 1.8077559171702668 4.1536820440270334
624.436183587261 9810.180748720291 10.0 0.7946516562685481 5.590403784759213
826.3190047616482 6951.442279572228 10.0 1.4739123969013799 5.578013889344967
921.7280487484198 3311.867964953794 10.0 0.46842249429349836 4.100939441331767
548.8071154527254 625.208233704867 10.0 2.1275824856955805 5.871479986511631
653.1425117256078 3714.782595200595 10.0 0.44686113767519126 2.2253106275402126
690.6813774329526 5141.731829802206 10.0 0.8912241164822036 5.122436343620515
249.2606613646684 5825.035935559513 10.0 2.871718931322616 0.9479451876342639
921.5406338906301 5598.444524305126 10.0 1.6612901267650635 6.21774789386901
966.2392388177353 1976.11390573473 10.0 1.6819498262625467 5.61855324911737
279.9138664619233 5017.876238274908 10.0 0.11177121108871112 5.844943159263389
468.14029521150167 1116.7152821824366 10.0 1.177781056732897 5.997247189373191
352.78838603940187 8775.156637760589 10.0 2.319721887381261 0.5001508065428109
81.19709062599134 4993.928586211064 10.0 2.8775926787211903 6.071587546496046
113.40223357441171 1765.3820760724582 10.0 3.099438609439146 5.170171188001087
755.1720199449098 8345.80675390116 10.0 0.24431053823057694 1.5683348137986013
577.4570774858955 6474.914421505789 10.0 1.7138055478708363 2.2464151712240406
16.963353241737366 2517.405308474797 10.0 2.7938582739700273 5.71541567171413
687.9075403857041 2620.673262940163 10.0 1.469830286146036 3.693029678152073
451.61652410857243 4414.343534509565 10.0 1.927872067426057 5.468925150395622
88.48366641611094 1521.4822779346525 10.0 0.1810488204889995 2.6552738090260486
495.89661203085956 5207.952810005132 10.0 2.104983933379883 2.1677458130197405
696.1024544589889 865.5362476332195 10.0 1.2560289986401891 0.6720566421349452
579.5780576888155 5706.076289563213 10.0 2.9893388890799986 3.122640733934225
232.32475873043 8038.046150339323 10.0 0.5593725104528487 2.9176313424815348
899.6078922102354 7803.577314660559 10.0 1.2127826277615414 1.863477438851802
124.01392160452318 2673.129339614748 10.0 2.366388413971144 1.1319413955010529
362.29872042117074 3926.6242460486965 10.0 2.632736893598554 5.18858756469619
433.3523582236818 1594.0038033835535 10.0 2.279080002580498 3.1690277502115407
478.7078806801923 8884.812745044537 10.0 2.1956609878304825 3.368250416082978
727.3720926607895 1805.5525413206874 10.0 1.420192261034357 0.017694592949964907
248.3587456712477 1045.185226624341 10.0 2.39872896540179 1.336569573384196
47.1559494782936 9703.316088430693 10.0 0.768535090651404 1.4804697767543942
316.4606239937285 2242.2140990205785 10.0 0.7560832324959494 4.082132130470493
386.86530359196604 7162.980935729576 10.0 0.6824215922752535 3.0907269753613176
939.7833684857891 8337.809332298077 10.0 3.1251278419426245 1.815092289144651
342.7506974036912 7674.421801429465 10.0 0.027531492150686815 6.029226736654803
546.343218174758 4845.411829708365 10.0 1.1532029648062807 2.0591103654749507
842.3016229917715 8184.361554731418 10.0 2.677276993675601 6.027018006989148
924.0556296133941 4532.23679508309 10.0 0.5452343485250208 0.30774352560370594
113.69190498297921 4811.71471774723 10.0 2.2400380873877377 0.7593278134979758
323.511915068473 6413.729687652519 10.0 2.28438440241927 2.3671702279101794
305.67637839781867 3099.6702265227614 10.0 1.4760304285002017 3.9740089463873325
10.035569980327175 8054.295306765498 10.0 3.0859451384241474 5.732806505837413
418.09587078793277 5968.583325491362 10.0 1.1298566660815985 5.90343274653852
50.17451856395449 5588.364907576893 10.0 0.4687062621759661 5.997804064186491
453.14602649492406 5033.733244905362 10.0 0.5043375090741744 3.29188230236732
367.78579326967275 8375.862411719478 10.0 1.1797959113321481 1.614437091443055
947.5667960850125 3452.0125867665106 10.0 2.6211381834509657 4.02980886911934
354.86875031406464 7706.131559288294 10.0 1.0784672499706653 3.3161057042652384
295.90835975679465 961.6103587155656 10.0 1.8911370968944963 0.9217130263981395
572.3029868218993 1464.3891639737628 10.0 2.759071895936895 5.8129991438017345
525.0301066108532 4278.748844454813 10.0 2.1179223284979933 4.932978497688908
325.6473076589391 9174.764306014788 10.0 2.8903765395200756 0.32578052815049746
429.98875895344725 8515.540795017941 10.0 0.34586373872453224 3.6371189630105447
151.1560192550242 4333.98676216303 10.0 1.4142974679671894 1.2782954758117961
231.47186864225833 7783.026011873913 10.0 1.6549053267016982 1.1822155866085007
497.16872713398885 3449.7875620675877 10.0 0.7095241917050804 5.492443271595498
164.93297581210086 5643.451496499298 10.0 1.9843218398486375 2.35640980073506
136.0299815050301 3698.074746753873 10.0 1.3100147907212984 4.861069621531839
661.5846644391518 8575.856398074073 10.0 2.516787491391088 5.965043096406393
91.69483587337245 3612.9446109027076 10.0 1.5537408722254762 5.399533942328527
31.405872136833658 8119.027498557279 10.0 0.5589830099029774 5.18779326237158
118.1767747835577 3723.5933672485644 10.0 3.0392761755707496 0.864218450875524
808.3194725750685 9855.8819219434 10.0 0.029737072823617552 0.4381367665086269
13.994217214235217 6552.190781401694 10.0 2.5620698856511623 1.493485547726145
167.696614575907 9903.346010705463 10.0 0.6290941423153816 0.40233903520831554
307.77170156049436 7886.777362651789 10.0 2.253127940183331 0.08590386433571705
76.34396293711954 2071.788471836069 10.0 0.9453236597902623 1.0723406018534278
100.15213008596812 3743.2489687379043 10.0 1.3131844293250647 4.245585082389575
85.13004936527335 1358.0717436033706 10.0 1.2768006645239112 3.272739203128731
97.17637994642337 9930.49137871777 10.0 2.6358826296140476 1.3014871758379325
924.4070648343961 1936.2840812757177 10.0 2.1558636163255054 5.089162789844813
120.28641279791097 3632.725935206401 10.0 2.425436119083348 0.4384907158795954
312.38429430117 310.2151953449173 10.0 1.6303400889135478 1.423900444530446
628.1080485301577 8923.13007671582 10.0 0.8146792683423046 2.839139825735655
636.6095921479803 6791.636822914753 10.0 1.4270124231393992 5.625900780126404
35.169974722526696 622.7943829064698 10.0 0.018181204277972034 3.533149132960388
418.71468950283275 968.4532264530543 10.0 1.4907690345651314 2.8988908070862967
862.7149114940729 3419.0794319414554 10.0 1.32279444729857 4.558870146181604
722.5813651068127 9326.778753743045 10.0 0.8776959177461189 4.372767537479807
6.759272377018455 5657.434018248415 10.0 0.4370352048736439 1.7621450133398273
916.0838312938442 5691.012892156084 10.0 1.7746124427276495 1.586270986546379
658.5578443822029 9720.739445490468 10.0 0.3556488350608519 3.376559721918917
446.56440400632715 7645.968535471217 10.0 1.6365842235275554 5.9740527506557495
662.62913498184 3410.237941278137 10.0 1.990849082241464 1.8698210910243847
540.1980095770849 4605.117563370156 10.0 0.06004645035628988 1.3804847174067787
347.4983636635508 9242.112516126928 10.0 2.722157833017753 4.324156283152569
985.4023960355258 5689.01995715172 10.0 0.6706823510092629 3.6180994390164174
114.31378303390616 1073.7789208956583 10.0 2.386243545361441 1.9947577317092102
410.44980283412605 8077.993771766039 10.0 1.6569665380692982 1.685931379636926
318.4928079365521 9973.950543205116 10.0 1.3055914580675547 0.022134216108317083
715.4365767735272 9003.091070125458 10.0 0.7816117823197262 2.939984028740872
229.55424106017765 3750.5412929146573 10.0 0.8729766869858426 3.6503541080187243
568.7669872112568 7039.443174762708 10.0 0.6478476861318471 3.9549838144074667
104.29275312643071 7050.46754067378 10.0 2.286149404963459 3.3872253212845242
128.30752716668746 866.0356489275234 10.0 0.7828604804270816 5.697085103690225
658.4518539789814 1445.4122969811156 10.0 2.954127871105771 3.113252660993667
397.3676479334386 6155.975989663249 10.0 1.5852318294044896 4.702432393397812
472.05169892835096 7417.612919285287 10.0 0.30667514315609956 4.770118915613329
875.6636384949334 3761.3186917855355 10.0 1.9863163478954362 0.3414284345506723
113.52801882777041 2659.7375462168548 10.0 0.9575601991742759 3.060308020742058
415.42154520024667 4856.5061204505155 10.0 1.7352287977886998 3.2706864620021805
17.83806374926966 3602.908342736125 10.0 2.541677097857939 1.1779878229731875
442.7754928186698 1204.4926079493757 10.0 1.152954604851742 0.32951563853778026
403.69042242996966 9586.93936298926 10.0 1.1544953948088512 3.6133999623506723
954.617742014385 1209.609541864457 10.0 1.4112739412778301 2.3545880923089597
765.0543018839712 1586.8462950935968 10.0 2.709489099671834 0.19246691506149416
951.0566282928362 4921.23744461352 10.0 2.894401223248681 1.3643351913714545
722.1051815038785 9909.695969150423 10.0 1.606626553479284 1.0664203002280102
213.63853119567332 3652.345717243681 10.0 3.128233731387211 4.4274285992144
266.7624185967702 7775.851775119023 10.0 0.8461455457319634 1.7246773711642478
589.4905477870824 2376.962694740433 10.0 2.830686684695491 5.2244115869495715
687.9755781176251 198.68473449538237 10.0 0.8523797618456509 3.719214911771245
191.53949021715323 5570.640038474521 10.0 1.1476551274044442 0.9265754937744888
711.9155627339143 76.80599990036453 10.0 1.2967297117170602 4.731186694736543
174.96402296612823 9657.971505348847 10.0 2.7652469707045184 0.22414990951764374
642.2266677838556 5912.88762079428 10.0 1.3040106855253961 5.128217897415273
0.03587993015274904 7731.230491797246 10.0 0.6840684455804813 1.3226003798425867
535.4960470439758 8073.13308636974 10.0 3.0613610089622276 4.3333835652111645
341.506492664629 4704.188254842422 10.0 2.8992997155515106 1.9780330591040451
697.0965574062811 3001.458299857823 10.0 2.643146278857297 5.879967499530432
54.69530522192056 3565.1751967081436 10.0 2.369692343102136 4.682534736881798
32.55953543591106 7302.448891141978 10.0 2.916175284131457 1.3314197984207279
858.4359057338369 5893.447785745244 10.0 0.930726737340319 0.5306318383878347
39.63357076711993 6107.152361246343 10.0 2.4935309539326025 5.3476840230474325
645.036525847122 2302.923574672305 10.0 0.6722288966162854 4.8334409643764875
476.1854493288524 2635.771785156764 10.0 0.31372207157149146 2.121566112353601
577.4106879850922 977.3475594428683 10.0 2.749850359408525 5.489579067775866
989.0998454478195 8371.32008808182 10.0 2.800181701332567 4.271618233613987
383.53469310467835 4960.949881048407 10.0 0.9781362342556397 0.8519648523481806
239.33363034653453 5758.298268850869 10.0 2.4919834780397814 5.87539255565719
508.38797479117426 1368.662211388264 10.0 2.320604969060636 3.8075424308526147
308.2812345231868 7840.462322503516 10.0 1.4945993758848757 2.4552032670772728
33.53260257801749 8179.948727696457 10.0 0.3635083366457201 3.4550913767663323
420.60737111506506 1751.7373928900936 10.0 3.088476933633085 0.971921471816467
524.4881764007392 6780.320730290073 10.0 1.4329359680700706 3.0007907336801374
268.70320755512324 5474.346515040772 10.0 2.4327590335384723 1.0017906794241664
216.05841742415154 914.592968797544 10.0 2.738396314749674 2.7345844899261085
473.92247888791263 9778.21091350097 10.0 1.8036839781307108 5.240270643653969
195.76563009668436 5215.945590730925 10.0 1.782186052337967 5.866314254248953
969.7533692841539 9755.688843861657 10.0 1.1943786597414152 5.950377094135293
495.54945242964834 8974.855216484271 10.0 0.8203289485235504 0.9076682401894579
342.0828860881724 2865.7141905131557 10.0 0.7111549117409024 2.357934193286552
251.8857191780486 3311.955254826151 10.0 2.362190723727381 1.5205010630711713
411.7097988066264 2901.3956238691176 10.0 1.721337844176582 5.035985738922954
344.4823988131085 2418.8908256135387 10.0 1.9060527568055436 0.12820789028820165
594.262144666438 1795.1408828505978 10.0 0.7762357804219886 3.740962562111472
173.70803408235702 2031.2284783009281 10.0 0.6012870115649406 1.0337023077698182
822.6760362520265 3675.3685504987798 10.0 2.5341888844335116 2.3977090596751087
486.90965449802 797.4840613151601 10.0 1.6229158277973499 5.048649252166428
67.39152698059547 8088.868237721804 10.0 0.154212126631368 0.30659493906963853
413.77588112221156 2708.331538572978 10.0 1.9536240799076843 1.421758512908884
739.4221134633813 1802.87295865457 10.0 1.221448017506358 1.2786639651705543
120.90191631818348 1250.055288647992 10.0 1.4784707126457064 5.575198312835685
511.4540998981901 1100.9066242937083 10.0 2.121852894978508 2.0286790194874356
745.7121313855491 8446.307416265321 10.0 1.8174606022061786 0.5166016490272654
342.1318000441047 8986.46753216019 10.0 3.06449766114179 0.6913098752219704
519.8971459144165 4452.233431194482 10.0 2.664054961924179 5.789687110695511
738.6852266067818 4208.611449203984 10.0 2.797222762244115 5.06465552340701
242.52108942460126 5865.0286437826435 10.0 1.0415054845180607 3.025671195082551
543.0562063323162 1523.4971773600214 10.0 0.8113790259794792 2.9065346248014468
512.9556038487335 3414.987663623362 10.0 2.8158864626147184 1.6487523370745132
776.6792800654523 5105.956038301495 10.0 1.059265096222358 2.69303158346344
383.79680641664726 2201.110468189983 10.0 0.04143042923055169 2.0721799432747297
329.0736762474058 9525.148092293945 10.0 2.5684934495601826 3.49217485678755
343.9212872121273 135.32452220239023 10.0 0.44606300070076876 4.84970056274381
525.4025308445603 5198.368688364533 10.0 0.8220242341687058 5.503828634599033
791.8376068285658 2759.3894692943677 10.0 1.3716844781749138 2.1896790635191414
858.1556794362058 7737.065552986749 10.0 2.566859610244353 4.741675540441351
409.4895099556308 5098.544994337291 10.0 2.3310764838200146 2.9073153880383313
418.11227640897084 3099.131579116874 10.0 0.9511184047556583 4.868555288345458
96.66682113460135 3715.9623430171782 10.0 0.3322588251530445 5.231101734179641
809.7393062157932 2961.533895311471 10.0 0.04627969706523614 5.368999233084941
376.1808420114984 4632.066579025907 10.0 0.871119406011028 3.0964639972955768
586.1824726150795 7227.342216093875 10.0 2.667594275060144 2.211820694650905
429.95976184025034 5272.787606772044 10.0 2.880308920820852 0.03299212958483517
489.0056724089309 3081.219511990522 10.0 1.8547657220929195 1.0273028232554204
176.22117623650558 1110.805475350164 10.0 1.5307961040600921 0.03927361814169753
27.83521922111887 2507.43703182962 10.0 1.4524389257084753 0.4120294652011254
47.87702476865208 163.85089740053593 10.0 0.16080063877948728 2.95881008312144
185.06491207497945 2684.475896159154 10.0 0.9092443647415362 5.07616107369171
382.32812434304554 1014.1232948484069 10.0 1.4010699598961476 2.025366343630209
280.7788221170664 6170.278262952178 10.0 2.721658664605799 4.455050162310044
582.8038995426484 2512.8914029740668 10.0 1.75794073805507 1.6664540388219322
283.0470652322856 292.2108059970452 10.0 1.2033744686227497 4.774335738550188
461.40368966395704 5834.334348960397 10.0 2.134652501143974 6.109406679601243
98.75193308525209 7655.802240541828 10.0 0.01086669369455026 3.066520053695172
423.9962394398004 2042.6917381419607 10.0 0.4328891749869796 0.020343633994115127
630.0995087725586 2186.3175620847665 10.0 2.9686798023934258 0.552942960594147
407.1330453877303 836.7779073875015 10.0 2.2769620491533593 0.5257786719533224
631.9740278619893 7617.231850467085 10.0 2.063179217522782 3.579420770333202
727.1323957395874 8635.930145438628 10.0 1.865441627258151 3.9268315707816845
655.2904611806567 7839.666379665824 10.0 2.966868171318543 5.846906722316363
251.48978334253957 6671.4495414094245 10.0 1.9793757836847135 3.8451718385582785
611.5020511368713 1026.8490658791761 10.0 0.43547178289955907 3.797994577971413
552.7714922342763 2247.5949480440195 10.0 1.5899570884695158 1.5000248967137486
743.4188069289444 1947.6608767148573 10.0 2.0593557839287078 4.343107148619709
955.1471639425264 8836.198630209043 10.0 2.81601499752666 5.784589694856146
37.49335514960794 9383.332841777223 10.0 1.7159066261085218 4.530558690317926
633.7178834412612 3168.960881468351 10.0 1.8025143993247263 3.5314570659847746
362.73020329331587 8061.354318888191 10.0 2.77523631935415 6.016889280712854
176.79585158406996 9991.486442269892 10.0 1.1332669099637462 1.30793494233623
871.3749393349793 7020.65663469703 10.0 0.2598210938493245 3.10095837603919
271.29198278139546 7643.129613841055 10.0 0.4950551717041333 2.8919443191671093
446.5393280298551 8822.131636326989 10.0 1.5900845417673966 4.036599498708279
421.3677108089532 126.70561141016279 10.0 1.63558160109515 1.7782407495996808
231.91884945487828 6518.551433482189 10.0 2.9705160828710415 2.3961778149855473
860.5071701506677 3832.131698089165 10.0 1.611199446930008 0.5204804915024357
528.7585435836136 7797.949985249865 10.0 2.61913175997428 5.323741748477569
67.16601341170991 9578.06480724934 10.0 2.5128572575686077 1.1704027809981479
595.2238926796307 8214.527968143966 10.0 0.8815909541397985 0.8925885310761912
544.1531439636738 3135.5904775457657 10.0 0.6706404941375715 0.6107962563935608
133.33255314641156 7921.145677444548 10.0 0.8885341840748678 5.96345772482531
771.9017212150287 9898.034055253287 10.0 0.8040997433378996 1.0169654685477565
498.6035270575666 8817.464280791874 10.0 2.2089562860276044 4.501540226204482
495.7853674915951 1860.9496586220298 10.0 0.8399906781136798 3.2699195420207863
917.5796371595305 1527.8006976302815 10.0 2.728976395221696 2.5715163266173535
757.6361946904998 7576.353314060995 10.0 0.7185971581736262 2.980779271271304
248.3801116373525 4122.754262792389 10.0 2.779615234892795 0.5440355163060787
331.62078085803824 8245.262687897732 10.0 1.3306134859578678 4.073512132609364
69.43886676426835 6998.67350255672 10.0 0.039404444498958864 5.060293053935573
474.63005175322326 5612.602745471096 10.0 1.3526648331041518 3.6120462857346425
131.58531607741276 829.0191698125626 10.0 2.222159607172847 3.8102280278559912
151.3398904514447 9828.544902205665 10.0 0.5349429807550562 3.659578057180707
458.62365927880666 7001.69164314773 10.0 0.5226501736912719 3.6798510882537103
144.09822888434377 7940.33639072163 10.0 3.07186797298488 0.7145318408529773
631.5668313034681 2456.3814441962572 10.0 1.5163314082456254 1.9161507629720511
707.7950047860708 6178.687930169362 10.0 2.905716792609365 5.3693922414159285
41.68165334964735 3336.0067312307306 10.0 2.366407298030771 0.2898648246750561
679.8714457471863 1702.7776884411883 10.0 2.713592837207217 1.8961651929054033
147.5012247520019 4366.301217202082 10.0 2.3220020461726687 4.161195952500111
205.62465406444252 1967.9368667347453 10.0 2.874584225478286 4.077244182823561
20.960762216589046 3377.6124214038405 10.0 2.9049494335045565 0.18983067525106614
488.9638125266732 2380.0782498817152 10.0 1.1719104476097932 0.7465099908298267
717.8132903769384 2882.9754165971744 10.0 0.23358795426372575 2.249194949424003
228.7744393104445 5400.9298481666665 10.0 0.7879616900493391 0.7665157918857851
257.48141254182246 3126.523843418899 10.0 1.9916832330313528 5.348266690805403
651.0466470472477 6768.138177799441 10.0 2.9443813476790264 5.464105269268487
247.50131972483135 3516.298809054603 10.0 1.8050317882645739 3.09432251259877
296.92397579691544 6994.300102016167 10.0 2.165448606410058 2.0113868895405846
437.7152444746265 1855.521241795175 10.0 1.6533309219203174 5.889311952303736
976.8286730326571 8808.989791629101 10.0 2.928411613420224 3.6947493951156574
739.3688975755879 3286.3879459298573 10.0 0.9427014146389173 4.906528883854424
550.8201617357491 3707.840099529399 10.0 1.8516011097938332 1.2225781885191005
494.2697737627673 3360.4546189141183 10.0 0.4549485039596111 4.394240942119872
445.34236853959766 3272.7428963062735 10.0 2.8786617585955416 4.952396894055387
29.162812366795965 2149.6682359338483 10.0 1.0600031890422519 1.379498356151808
66.51672007643738 3427.2290770969325 10.0 1.7557484026754968 1.3473907255295114
780.4795747041418 8812.111542263523 10.0 2.9961291946991158 0.7612658417701228
520.1366061262523 2291.0936063946306 10.0 2.5476365113402037 0.4014417473021076
524.6172378638489 8526.52198403404 10.0 2.8830973031750644 4.556359227637276
298.5198718520228 4798.322958167966 10.0 0.918796482837114 0.484225919489789
498.90354435441395 6209.6472962672315 10.0 2.1268931075935478 3.597068876871442
844.3754580958515 9742.39486287291 10.0 1.6377713295399279 0.22161291294398205
448.40416372412403 3930.500451321769 10.0 0.3192166554581907 1.550140826309188
151.84038694162106 7413.005111007499 10.0 0.3185181281109706 0.10184578456118673
883.7284640574784 1435.5773041945852 10.0 1.427504894086181 2.166621933180507
814.8434573878991 8488.289909180348 10.0 1.5694409226781951 0.9006281489961468
84.99012710927923 1699.0974771541335 10.0 1.6663481614801998 5.340206168498807
182.95184088615912 7346.602338139044 10.0 1.9929795812353712 1.3058564023503085
637.0788359470101 5912.333086748308 10.0 0.9831982245688485 2.573848624694627
534.856859631649 5461.9079069566815 10.0 2.352501525376036 4.976718270577796
531.3991037846381 4826.086228192401 10.0 2.3368490278232232 1.7243191894981884
429.65511501023303 3046.8608075606353 10.0 0.9113045885654368 4.86037431659855
119.232882660393 5860.378851604404 10.0 1.4316805844215725 5.651017617668079
646.0813161437635 9607.622213017372 10.0 2.4153478778048325 2.1248354956830324
451.8817151678536 7895.417211691771 10.0 1.7719818085199748 2.913057473347586
369.84908769601964 6574.486172565076 10.0 2.578501253474236 5.540102055980252
792.7450157388296 8157.892513700162 10.0 2.7214711191327545 5.096680975552894
539.255756704478 7672.371541081477 10.0 2.9622815440539827 2.692733910357198
336.490684271627 8116.68105481538 10.0 0.1447188221445231 3.5630470153648592
509.20774777724284 5195.245868507683 10.0 1.9717002226581466 2.8039574746276648
420.47421392008823 7802.007793509013 10.0 2.293462779333479 2.720567726890379
443.82248956285287 2848.5424436302233 10.0 2.7220231357588984 1.1648063630479488
763.562503287578 462.131505118375 10.0 1.5543525721891607 5.753428674594972
97.7633500735815 8323.632766957626 10.0 0.7768261610515896 5.799110909990034
517.5189297220771 1971.6201500170394 10.0 0.5396885037785789 6.2379104237960625
896.4636155286596 1268.4164666575703 10.0 0.3661297444215029 4.642163156453408
166.10539476765328 1905.2723029865626 10.0 0.15096897749225519 2.9498151726318276
475.3959483416478 4818.093241970951 10.0 1.66464410847523 4.421095854398215
557.0581741399571 5691.75349366312 10.0 2.543718580518233 0.18843005401853538
88.54358478754875 1350.1769854237455 10.0 3.026518376605556 3.8168400299464103
602.0934695455243 9761.005467338024 10.0 1.0260600669399327 1.4955533400890202
546.229193883826 5627.816146712361 10.0 0.026533785585425282 3.8193641376572214
430.0988316108579 4099.491479038783 10.0 1.965520864111362 6.218903791137652
592.4582019133018 995.4813091472248 10.0 1.642189820276904 2.6790614151683996
28.66716335436248 9127.343304267684 10.0 2.04185072183667 1.0904765349358976
881.9322582539413 6791.08471208256 10.0 3.0151221284480236 6.109358701805564
659.1290785863257 6311.468534470406 10.0 2.048657229457406 3.393055569104088
966.8895798882703 7638.59246669968 10.0 2.6705427035502542 3.2850032220515555
580.2400042950566 4428.682574012921 10.0 1.0019877176077814 0.2305921622571529
953.9280961265945 7785.19173988015 10.0 2.062346294462654 5.2645495529869
865.678449604889 5892.927259500484 10.0 3.0639790051470177 0.6968835029816731
740.9676764313492 6147.07685728581 10.0 1.495144836514002 5.275314309514011
350.5114652857089 60.63999667632602 10.0 1.4600538136075147 4.617556422508069
994.5080259784222 227.91607884135368 10.0 0.9767086387793747 4.61321033625622
991.7836791468098 2928.3339201234994 10.0 1.742917601966306 0.9872348910206395
277.3378538399435 9574.060837068098 10.0 2.773317627333021 4.436434355960135
178.38616226273606 5136.452300455296 10.0 3.028739973285382 3.980415928443236
986.852397613284 1930.5620971910719 10.0 0.6595550497224902 3.5328603754806873
775.3611760877903 2693.5601629092407 10.0 1.1295713648038517 4.038484499862993
14.134723116245196 7762.0527237416045 10.0 1.3297342647288106 6.012671257094729
937.7993608806677 7334.936267524279 10.0 2.893213340444026 2.1326191016043654
283.95766690634025 1302.5625242343285 10.0 1.701433364815837 0.4662634333967974
979.4854080453167 5929.625062054921 10.0 1.0064610369999685 1.5634237542972973
585.862324531889 8798.325376181412 10.0 0.5650517968203774 5.645146889616224
831.448560742646 850.0143655051273 10.0 0.674699126953953 2.8749248530167355
356.4695573920579 7107.642351308102 10.0 1.2965864739455926 2.834202281811591
875.5739481262808 5717.999958057666 10.0 1.8806740080617694 5.049068651980061
323.1804881687894 8321.862552912391 10.0 0.8353356393125367 3.911059447283645
188.43155204239804 3441.799333508817 10.0 1.9318875953872399 5.151282395159512
169.4226290711074 8571.545654738698 10.0 1.7543413194660449 3.004328283537542
480.4783570614328 5957.477205594475 10.0 2.110047647739518 2.7348259790444627
631.5974563925504 1681.8665907096643 10.0 0.21377726627376847 1.0561847572217602
265.7905199345859 7589.2449498117285 10.0 3.021406892926723 4.316091731848965
687.886008566993 841.3260113569232 10.0 0.7622610328161491 5.139084402862405
47.48150422369446 6442.59888180194 10.0 2.306557005743388 5.954244704517347
749.0687161043802 3947.8295639981707 10.0 2.922314768937648 0.19495219086757376
553.9624872061789 744.3557541033019 10.0 2.8704540666748724 2.654435185768804
11.515422193445367 796.1974518330028 10.0 2.670971022475177 5.533331489872472
311.20127537626587 9543.65104289116 10.0 2.8797403338602905 5.76957050309886
382.5022568383505 2771.166807464218 10.0 2.446435924350782 3.2701308249014924
86.13607289710545 9687.962057298562 10.0 2.391677377857857 0.8809477198077584
638.0113754703871 8209.950198662194 10.0 2.105970565353426 4.981492820786083
