1000 10000 10.0 20
200
606.9679552701498 4922.459965819129 10.0 1.1197290582744066 4.398998398580811
42.955196546189846 4555.100191362403 10.0 0.6406296418099398 1.235869886061603
889.3856478262876 7178.986732977965 10.0 1.0618589516926196 4.6243307853634645
799.242719811229 2659.7782636125767 10.0 0.5885348372424972 2.6022422082133927
430.3025498921259 3337.227498454356 10.0 1.1331884150627995 5.522851167633997
142.76531598659514 2770.3419925624617 10.0 1.3186418919277902 2.4356937213525773
237.3229906808322 7121.790537729736 10.0 0.03367034579309352 4.696698672655105
277.39571967982056 9631.079188173835 10.0 0.48246496199570527 0.9183770003787086
493.3697961638741 432.6615983196491 10.0 3.003010433564001 4.3896748837378565
2.0222815244258507 1094.2906347609571 10.0 0.8506984072510911 2.460605652311939
590.9183238208062 5682.553336787251 10.0 2.669518848068344 6.214094098311596
115.41932373223962 7906.678319118696 10.0 1.1146317564214592 2.3729644162215204
135.0415354384098 6948.343818164031 10.0 0.5956647773462663 4.893202891481163
276.25603299181864 2954.3493554813917 10.0 1.5213512831727294 1.429640853611997
950.4224597643832 6850.664396736696 10.0 2.282886337222962 4.6056551617631785
478.4012949126788 8130.500638763638 10.0 1.4802773491219425 3.5798282067143443
377.48990880775455 8575.69733441207 10.0 0.8650186772886126 1.4079201248839175
551.67983648125 9489.84914577546 10.0 1.6215061412664094 3.9003254690986537
392.83435838475947 4953.250553670522 10.0 0.06261719651203121 2.445000687392174
348.2364474289149 3853.8639006605226 10.0 1.5806723927527575 0.5859999772265364
339.059551228548 9005.167124604948 10.0 2.0921483240919687 3.434190388640406
524.6642951785552 2530.870112185274 10.0 1.278412195666808 3.51372073546009
299.2265767992758 2878.1359144803387 10.0 0.10675084217364038 4.557024069590043
80.05363488338868 315.0808285754614 10.0 1.6815322007598001 0.9197956738726493
401.04630648790516 4574.963010967733 10.0 2.9643000667080446 1.9521139590101164
60.117309204132056 428.6238608130577 10.0 1.818389065553357 4.3813750678977765
585.9768861962078 4398.367441761142 10.0 1.5233840732865012 0.3865088781323549
87.54897425982166 8570.623566920973 10.0 2.1727533465670414 4.836558190342758
628.3819638206212 5521.364899550578 10.0 0.08150028893674054 0.006227730397235588
628.7706028605207 1737.40040527124 10.0 0.23308687119276456 0.6743670658542884
439.906331270705 5598.299791310127 10.0 1.7357281010114043 5.885200954693789
157.22537282059855 9977.851500228506 10.0 2.458674562267142 2.8859560395017794
944.225262046881 8830.589842414818 10.0 0.594352338939476 3.8484921648773094
623.3722157893293 1748.0750536587263 10.0 2.311224819750673 5.520627469609639
57.32326288330336 401.24499015555926 10.0 3.1373803787437233 4.696107969166839
891.5382908596864 6029.299535934911 10.0 0.44965777206931956 5.508799812865278
558.4593176926684 7692.222785509129 10.0 1.2783331404721028 2.9138975693912257
53.78553173221201 6873.1810115104545 10.0 2.5995288178468856 0.40524075561744927
886.9739325368771 5198.683900377635 10.0 2.677457697475397 5.404922763603045
780.9477179593512 8538.531246325425 10.0 0.5089716668997007 0.9908208724638313
150.0951567179071 2554.208990578969 10.0 1.5888329658260025 4.6021366899534115
120.99421159654977 1883.540473657026 10.0 1.8787037294853877 2.9940633126710208
876.8990749773234 7581.0401392736085 10.0 0.5039069755099016 4.371860212151567
404.87644470705743 5177.552920825406 10.0 0.009846604563486712 1.9946362505874637
303.58147651220514 8779.409397708027 10.0 2.002250671587399 1.343228588030798
170.01378333447227 4996.462773162121 10.0 0.8933825278705549 5.194839173879591
225.19685889759222 4170.016381361351 10.0 0.9614555550363499 1.7987638605568537
261.57457771848715 5365.790540297636 10.0 0.05579578714234709 1.5991190177390677
699.0207648180724 5903.718257939388 10.0 1.7803129066171304 5.035579073788138
521.7090914230989 5815.501019169985 10.0 0.18118350988684342 4.508890726249114
134.69215359099496 2552.4932657387976 10.0 1.2318122826516216 5.058036011255844
726.8902160102903 1510.6293008161265 10.0 1.09429232211916 5.350584712242502
556.2916042182572 3495.742812459055 10.0 0.8700048916409037 1.2016228370392554
683.5182988499929 1121.7731096216864 10.0 1.2884858672499109 6.151272171826877
71.51189548695602 2315.99083429343 10.0 0.6028426344370581 3.5754280329391044
641.9465643940507 599.5163574686812 10.0 0.7025646409967311 4.237309118570318
833.0771994401059 8618.046880986893 10.0 1.226724983806498 1.9318280155752787
439.0829275137682 3516.8458522414235 10.0 1.518942331455015 5.364162718098357
27.56681533952776 185.6925752676486 10.0 0.5215862954920315 0.0896925883136967
29.725074109533512 1143.624478508256 10.0 1.3994887962953046 4.826307122054961
676.8002392356528 9889.955304637046 10.0 2.8482731329623445 5.9799114723326
316.7842872171375 7917.180331147745 10.0 2.635081023822908 3.330575029983234
286.9393100018315 4263.031550639349 10.0 0.14350844475792723 0.8997257528510881
440.55506518263 473.07951557951645 10.0 1.780042819998274 0.32344263143934343
630.4639661775719 3151.9218509509637 10.0 2.373655308359058 1.0977496815891146
937.1860920867235 900.1394876651492 10.0 0.5262738117972192 3.281303691963927
196.17774935906783 2365.839873916441 10.0 1.5151493222109995 5.939902350852945
426.5093462202625 7383.749827375466 10.0 0.8174517374875556 5.078984416856685
92.39941711808741 3731.459463515976 10.0 2.100685225461451 5.468391587517986
739.3832718702174 7901.560076004442 10.0 1.3961644846984962 2.5030770887357483
438.4967639346804 9470.059675700133 10.0 0.8282287447488283 1.8251999244139336
644.7063308311482 5135.598923322846 10.0 1.195856319221261 4.883751506051106
529.9190503776779 310.63293067522426 10.0 2.7188467302186585 0.582318575938536
586.2572537823622 3264.885492038975 10.0 0.06690709287057804 2.239061419947387
311.88411666669947 9253.017121638926 10.0 1.8735204082590142 4.989997159991262
89.51822598932857 9802.598570581467 10.0 0.6779325231439088 2.126632998087326
946.8766032013851 5395.113898823136 10.0 0.1777672868109667 3.7427726440726334
748.6371859085423 8141.861188810303 10.0 0.5108280764332684 0.9241963955827478
511.11348085143493 4738.258663209434 10.0 2.999810289955408 0.9825105385647473
953.6855531107846 8974.207654269716 10.0 1.3525901750572829 1.8754364169772895
105.13303792169427 7384.798900838695 10.0 0.8284717336628864 0.5984045858397409
768.3676311572002 1244.793498327108 10.0 1.640490789696724 5.312884657087982
913.6637277515423 3041.950489899535 10.0 3.1310320428666496 2.9679451331536653
618.3378751832678 5808.410457922729 10.0 0.6344368452907342 4.854516275908439
999.9289419064339 9245.98883503459 10.0 3.0011356743624393 4.738620041678561
700.2824113861143 7450.370444047102 10.0 0.19344235239690888 6.091956114960317
869.5442693830486 9220.839618171889 10.0 0.1380421312507297 0.10409719922346289
271.9208566092184 3436.319207060605 10.0 0.14332138465253308 4.177587061987493
89.1630758178934 8785.132353313835 10.0 3.138803507758704 2.4489866053721583
233.0848177693754 9255.044320524477 10.0 2.8576607490505417 2.8019119862194515
495.026910966754 4221.777734794958 10.0 1.985387306369574 6.276114897283731
658.0294247937699 4718.338268163459 10.0 2.6188274489130894 1.5436833008747677
776.577137238382 5524.130997865477 10.0 2.925125844213843 5.679782312100397
189.1338819312588 6081.978945949333 10.0 2.0846084419039523 5.8098159543547965
470.28360954698 1932.8074220124493 10.0 1.9583776600012421 4.986897239076712
452.1473985562915 2351.8918656984765 10.0 1.5821059219846603 2.055564592124037
648.8469557290662 9177.206309916839 10.0 0.12735762612661986 2.7409771086296133
903.1370282219543 6439.555999643646 10.0 1.9836911031757671 5.9090540696587714
840.930772077015 335.81203114993355 10.0 1.222670973732978 0.8898355368690914
767.2931139788894 4330.712858507344 10.0 3.0149541033830043 3.3685279000959447
966.5796499355095 4729.330624175786 10.0 2.42452327347138 4.643983779595834
979.7490549810943 7931.447373553713 10.0 1.6211375537139203 2.6521522633986674
323.4796533870029 1760.7260009089343 10.0 1.7473481872383543 5.176304638531557
288.57150217728366 9755.695481280518 10.0 2.0871222790016555 1.1607732880912218
909.2172757311356 9116.219239283095 10.0 2.95969395847997 1.736213406551981
930.0770946117884 118.24824782688536 10.0 0.12595084501159462 0.310462508747813
614.6930999034337 7241.309569156246 10.0 2.5782029184514124 1.9417916456510078
536.6322837179343 9997.309443415106 10.0 1.3256448296840082 1.500550331219344
73.8466450236498 4505.885826920011 10.0 0.8685814635486181 3.4160292942424078
187.09209635754954 5230.6721570712425 10.0 0.04098490386466385 6.018237707417949
204.84840815223782 9972.484227423947 10.0 1.032041666719641 5.4864063479061365
760.0345553528986 209.5765028434471 10.0 2.6819546914601564 5.552560541349614
727.9153822796438 3181.760260007168 10.0 2.381798919492053 0.7068752013597942
999.9464667036624 1734.3097609317904 10.0 1.065166018557032 1.8267615601248222
194.906543914644 2869.2330159394864 10.0 0.38278992561631436 4.34624981366213
956.5174635986132 6195.611675500781 10.0 0.20031785691423687 1.1811385046357827
315.85418151448107 9027.368487465837 10.0 0.9299933379044967 5.62861897839195
707.1978599524133 5745.949903372839 10.0 1.465617942083604 0.624275781582569
617.5876400794135 5227.060816308396 10.0 0.477461012177038 2.542349067740765
523.1772408300873 1624.7236415081545 10.0 3.132718758765912 2.290914777066796
719.6054649131396 612.5757221401807 10.0 0.6544976275299738 0.8616974612961144
888.9394095448254 5301.462439125936 10.0 2.4473019831265415 0.5677388004298084
762.3525720257757 3484.0190376922433 10.0 1.127116253415371 4.109119562561035
35.550462329471124 601.0796379827988 10.0 3.1063985853533733 0.8164773231367358
773.0581525093667 881.3909302237854 10.0 0.07129829594722047 3.9075898324885383
897.8359754458036 2475.2443919252687 10.0 1.3430052606641796 4.530826069399279
4.291050121318807 1084.2910456972731 10.0 0.9940578482345342 0.5926123498529959
655.6035317395825 583.9335718772687 10.0 0.012177517997814077 4.148625993857861
530.3886844841801 8441.334782858823 10.0 0.2909671818589383 3.8429804882107925
269.066936583914 8351.227879908622 10.0 0.3272144670656408 0.8956135278136835
636.9156556401318 2443.3427298163415 10.0 2.970828575266042 2.3592549905098545
668.628417274134 659.413702062851 10.0 0.21976439115148164 4.059181937565398
788.3084376447437 5454.3699523207515 10.0 1.6662425209368907 0.003879103464883686
509.1748950464442 5845.451372805804 10.0 0.8087447667212918 3.077319614187675
208.8623639935785 6014.631876430595 10.0 2.489072625477675 3.759338411530793
649.0447057398839 163.87652167399457 10.0 1.2572191482351966 5.929648914973829
362.21715610401 7129.393827294373 10.0 3.0044255607695525 1.2280252528533684
763.8209402302595 5380.192418269399 10.0 0.7808841505602647 0.1272464756912335
864.4971901952566 1457.8838724573272 10.0 1.169759904447815 4.667367553700667
755.1078030073586 2658.820209696986 10.0 2.2244773163387737 2.044799880503838
616.2628953500276 7816.293423723832 10.0 1.7737968896578806 1.363543430009247
864.445958858391 8409.664445051063 10.0 2.9830339207552727 3.767891664423465
188.42923223162356 5908.9271086272565 10.0 0.26167908669960116 3.57627149471959
652.5234671946623 257.3620476454785 10.0 0.6710281660651018 5.190115655114269
747.3080103183372 8701.56360882362 10.0 0.016441202170323455 3.300477297952092
253.83826653384045 3797.2733961923986 10.0 0.8871230280891219 0.22307428512874697
53.92970255635476 4351.092180210578 10.0 0.5717370946415978 3.0861784339038962
566.9685628056624 3302.278087689289 10.0 2.641283760930789 1.1814071685526117
322.80149294125926 2105.486030547411 10.0 1.8303138177765703 0.4190183228684376
290.60749377537286 2044.4403762123243 10.0 0.6282604236141566 4.7634163751423415
975.257476699659 9088.173618593064 10.0 1.0330842810013774 5.796606729263051
965.5180283719718 395.60469970746027 10.0 0.3345453022379196 5.6805881605154465
572.5575325142049 7380.87344638047 10.0 0.8497522746648193 0.2774283316388204
432.5647190847207 2370.9838302858234 10.0 1.910605013740993 2.1972831887466238
463.8907790129388 3318.9531851267575 10.0 0.6234527268885192 3.7436651554894573
366.9781544562769 3779.803710899121 10.0 0.6317730492207119 2.244518110121776
934.440321230751 3413.374012531837 10.0 0.13593407967834142 5.716656078282052
799.008826693454 7647.065800268213 10.0 2.2911027811941267 2.643449047235673
888.6650726040211 3813.286887923615 10.0 2.0629135055142367 2.2229664582080586
781.1261049617827 5070.489275306989 10.0 2.387397613124527 3.5095521075956304
353.95515704054225 2723.338737275901 10.0 0.07463123918727473 0.5055372954699837
611.9191560447437 2176.6992028269174 10.0 1.2791465678246745 2.098778857570063
339.8172503205079 7689.75356092373 10.0 0.012290718681256677 5.7416224697198315
276.8556146925527 6340.7169947941575 10.0 2.596785315163655 6.175532598515058
837.745702268992 2169.2518749259802 10.0 2.9759473972504833 5.500022130776639
16.054390855954615 7332.820823546486 10.0 2.681361279624483 1.7389658404688595
996.9361491329856 8294.866420848464 10.0 2.4669209412015 0.6568416141951284
179.22903452809624 1556.8367070844956 10.0 1.5942282184889573 0.010447444252758693
760.9975693621324 5252.723887910863 10.0 1.389315163101749 1.1129108080750523
777.9575909045179 43.92235290888502 10.0 1.0543486260885457 1.1293247104686204
500.8191420489367 5183.84722950943 10.0 2.0935506699166977 0.4745737318750965
395.4355528488484 3365.9063331634266 10.0 2.5690689877331843 2.6014238336768676
428.74815180022995 1025.0469024485021 10.0 1.9700320610915394 1.9790255733763509
363.8677167143731 9132.246989235426 10.0 0.9600768925869134 6.186343072521698
829.2351577346393 3202.961794874649 10.0 2.753727240828195 6.1533463332264295
369.6557645758982 234.66968976554205 10.0 0.6875719468496029 3.613124854258025
391.10270763074453 4595.311093194944 10.0 1.645129946801664 4.214075517608816
896.5371777564026 4503.548702863925 10.0 1.4796734360919643 4.766103899649517
176.59383727241195 5673.420312664751 10.0 2.2535138070233356 3.935407505146401
166.83234195580476 8940.095063199378 10.0 1.09044857533643 3.9075199189050136
12.356598763085923 4240.085945676206 10.0 2.4723755119517894 3.1875493458918718
490.9556500320146 4188.411255834644 10.0 0.9634925826369428 0.9857625347514447
337.5209249107528 6676.837556590216 10.0 2.005362966135325 3.8467683568748408
185.34703805849816 7411.478046282247 10.0 1.3633879740362385 1.8701720359531295
794.0239169931663 114.6628947302275 10.0 0.7897535796214458 3.2698212047748947
468.98030460091223 4235.133161066917 10.0 1.5971047354169052 4.605523597348927
94.3400492695633 7442.257462083833 10.0 1.1906489862951055 2.627213967174651
998.6040453400096 2924.106179693512 10.0 2.8832416756944026 5.482857653476198
951.7722955920715 9565.860307534347 10.0 2.4917100780772903 3.8455056909179657
952.872171381559 6454.172248032949 10.0 2.787634582789896 3.7454510689991096
108.46061932897622 1834.7393468135442 10.0 2.126395226414243 6.178770729025596
825.5193739939025 644.4851742289048 10.0 2.3451763653478372 4.1690753655118575
746.2639437117547 4046.3904386893237 10.0 0.029507330996820444 2.433766491068492
337.7386903784119 9014.154677806195 10.0 0.6492061517937682 5.760111191327074
815.6719767628191 5945.50703457437 10.0 0.13266020177319227 1.5768843605725418
129.91663007101383 7527.129023635858 10.0 2.7407036400906946 4.084999971955575
67.9029706629778 2630.7909650630545 10.0 0.6710810040297452 5.4908004584974295
142.8826813039158 4889.445501757841 10.0 1.4414774412675175 4.8993819016323705
825.3438865730983 6783.659764972354 10.0 0.3120820650761649 1.166423055411003
848.8290816088002 6562.912294396318 10.0 1.3750847442002898 4.3337676062940265
