1000 10000 10.0 10
100
505.68664182655596 7147.708070233722 10.0 1.8197816719185216 4.173519114684391
347.7021806798428 6914.698333023603 10.0 2.2206652220727507 3.9721852426283255
781.3943332982209 351.489169834146 10.0 0.9920985333559058 2.0617637091129812
463.8086452463781 4563.608269953872 10.0 1.8721047884116737 4.161832182578063
427.0504264659403 4247.123195397106 10.0 0.6273950154151123 5.229672004682102
325.35829753148437 3070.8627262224263 10.0 2.4885446295105473 1.2460884567644772
553.7910649430725 3558.48145549176 10.0 2.5389146188178935 6.1202751240162
598.6661953701491 3146.451893949035 10.0 0.29931456089884834 0.1472617309769569
558.989030176635 7150.712220540524 10.0 2.2382747746994065 0.007797160092140183
638.4641783612498 7743.836163543021 10.0 1.6764778804681577 0.33641395745891234
549.2815362291498 1726.2346001116002 10.0 1.4460660848038687 1.894364296192714
191.72101301952037 8869.037229797746 10.0 3.1005898352191137 2.343677999046703
677.7219357209481 6912.943368508862 10.0 1.8297859010237403 1.9957086387919747
751.9143246390438 8926.4732254582 10.0 2.6744967509814015 2.1535768935143556
930.2109213283304 3658.6891554373647 10.0 2.267052177495257 5.924473498886215
223.91041621637874 9765.599411939991 10.0 3.0439665335196304 0.998826134069675
146.36391364419987 346.0953265318356 10.0 0.7262906005129416 5.657618632056425
809.6081530125168 5092.415994130924 10.0 0.9268587076531883 3.0882269912651004
309.9706593808217 3541.7730647999456 10.0 2.6424885172954515 5.405382801820079
274.5034228837097 4409.908239737965 10.0 0.07864459871939973 0.5077944207179161
394.2034550498401 2794.000671633505 10.0 0.7518939718168786 1.875380611334422
5.3300752888817415 9151.477862407557 10.0 0.484484976139192 2.65373320796475
296.7300573521122 1392.9250966665074 10.0 2.0906798620485048 2.2085825858313988
518.9339608623765 4171.431966669195 10.0 2.1764723476830685 5.763844909005176
649.8877028630703 7507.351342604121 10.0 2.7188020580143033 1.0719071624713032
332.53595210800955 256.5888864592392 10.0 0.028190149526737464 0.7466855602484247
541.0743504002338 2612.1815540976777 10.0 0.011239770340535483 3.325764678743581
355.5404404433079 5823.064607571658 10.0 0.07121375473908802 5.981243717335392
428.51345689987676 6620.565487982025 10.0 1.1973097191192523 4.326503634012086
213.04562973416162 8462.304097681708 10.0 0.698983361393039 0.23337856595287637
787.5487354655963 1634.8251425257743 10.0 0.180517672488598 4.857322993032109
161.21145844709582 9500.415497342166 10.0 2.2893964754147085 3.1139809549346715
272.6245135117943 8730.217701702402 10.0 2.2709576362049386 1.0219331435030874
504.64193994596764 7234.874997370989 10.0 2.748716686228525 5.437497729951192
430.10892197577846 4685.596219371481 10.0 1.3184792517549084 4.103381590809988
675.9377903131955 7012.661026582276 10.0 0.09664583751174226 0.04737819542192793
247.11518334420913 8075.032869930254 10.0 3.0157999934558513 2.4479916983887215
387.5757234403965 8813.881924494952 10.0 2.006656716664463 0.8210465082538195
71.47787929030858 6634.466947039611 10.0 0.4305800553752805 5.199832344233108
516.2706776493087 5504.959671778716 10.0 2.160377579981917 1.9696591274918405
688.0402032750377 317.4398292815317 10.0 0.2480256159359837 1.4058500409135486
629.9772120268435 7425.430500310415 10.0 0.2991445967840275 0.9646997213989387
586.4085648185984 6953.977976764924 10.0 1.0706484309784314 2.5914167231477765
317.68631438340265 1472.4284573732848 10.0 2.269568931852517 2.649149359961851
705.3306625541713 9926.689977333022 10.0 1.8363955927271849 5.4680159526689
732.1737472595961 5346.90954212256 10.0 3.1188081029313284 5.343174321714672
188.8533108138646 9778.136396709322 10.0 2.962834688787785 2.03211554556313
5.856568771267501 125.68330841373543 10.0 1.0629255923230623 2.740994670082932
939.4164423325858 4163.537035624873 10.0 1.3095876473170271 2.522250743739745
449.91354493603063 6823.312159820221 10.0 2.972529375003447 5.550470220198098
3.0391918402024043 3062.8781480600355 10.0 2.827755364527515 0.5730267465734319
696.8260828206426 5107.940388059264 10.0 1.6548310326324172 0.43313797910873636
71.75472899686275 8666.480274835767 10.0 2.152247265337481 6.254290572408166
196.49587053899387 4835.118619576717 10.0 0.24444626322293553 4.134278127558508
638.4497081889401 1848.0918543907999 10.0 1.700444749575916 4.077549986584167
726.0953542511425 3563.681027643779 10.0 2.721024262174312 1.5554444376496261
589.264817375957 9639.568892450727 10.0 2.2543528691499386 2.498594383664801
823.8074393588494 5717.742986372997 10.0 0.3129313178105606 4.1988499595709845
268.71270328788535 621.2042878034118 10.0 1.461352899881082 3.7240606823893807
306.61046409165203 1558.8785356634537 10.0 0.0395792931245341 2.028084770151286
302.66921127079405 7641.769852601584 10.0 2.9165460997422894 0.6606394986501168
282.2650189434521 6632.540490605045 10.0 1.058715058425406 4.333849170506235
714.3946417633367 9782.330824610943 10.0 1.5759655581309533 2.602260462017655
315.6585781972653 4852.787705252367 10.0 1.1995757755049523 2.3394386542919903
118.74087974566282 7977.899113574247 10.0 3.141518404085015 4.856799089055115
659.6642860301114 889.3788225252208 10.0 0.6092840367623177 2.010777460110168
29.700927779891085 1210.9854516387775 10.0 0.7554341971416618 1.297017791443391
710.6701689094991 21.29754168694209 10.0 1.6411819482327237 0.6464396068953905
566.456870347083 2691.1127412099313 10.0 2.7733981042623976 2.1611726274306147
98.9350050147696 6120.77134286074 10.0 1.75760829884278 2.3053794424978253
93.08270324230583 7934.355166020858 10.0 1.9674201151428714 2.1499580210350073
73.92712984533989 931.844900239146 10.0 2.1377627833546047 5.338070133043591
577.058137689113 9156.963198112566 10.0 0.3479726690996981 2.5168903286145987
94.80234169388102 307.5728801615951 10.0 2.05962421690852 3.671698182593455
701.7497309786403 2897.137501892442 10.0 0.37680017077962624 3.9244701397663797
786.1773277075035 5569.8920891165235 10.0 0.17577035842493982 1.0885585573887637
18.015535251035942 279.0165618314233 10.0 2.9325040275284766 1.506590959374333
669.354558148151 656.238189383671 10.0 2.5971956706441235 1.6084802451116842
670.0895789715178 1832.9373841832542 10.0 2.910920967266494 2.582093083820075
329.1553601479121 8216.966276820678 10.0 0.7855115491408842 3.488762531478591
480.9022311577449 1286.0328326873582 10.0 2.4020447808193457 1.0705580100785617
926.5168578001366 327.642103131629 10.0 2.4198305043756174 0.793155338180045
431.99308328576336 5237.229940527784 10.0 2.4803802790029135 1.3118729892109646
217.00955693728818 1980.261374476463 10.0 1.2696979969346767 4.335401525991422
823.1721530620531 8130.708362667174 10.0 1.4044598145775429 3.3495123474084716
485.4314477009338 8017.463834253104 10.0 2.22709737282869 1.1258714089284902
647.0860375383543 4441.884577426937 10.0 2.673912895692981 1.5383606426184282
56.63515738564495 6673.802765660899 10.0 1.6660578145485454 5.498477590640125
963.844916614349 2489.981671984817 10.0 2.6203555474422258 5.926396400750028
292.7440639151118 5388.132226034617 10.0 0.012982982788946214 4.807473356424558
310.8670865589415 6791.250544178459 10.0 0.2503965029563619 3.1825791272248733
236.91396948747246 7051.174660214428 10.0 1.6741011640067822 6.2783960173660995
433.0968128365006 8366.900343629412 10.0 0.5878253374622264 1.608739680241378
313.7964310126712 7352.333812644283 10.0 2.23413526456828 3.610722129248084
868.7520403077799 4919.806145244518 10.0 2.3969987124946748 4.751187026541069
746.8599519980784 6389.809103458985 10.0 1.3247985761214935 3.9430512404342597
175.7581598738116 5294.05160360336 10.0 2.7955482037478085 4.742757431726996
602.7252889673772 208.08376432719376 10.0 1.8073058042816965 6.035014672724919
834.0241088621655 5131.370781492568 10.0 1.7844439883088772 0.1122422387729436
622.6713229381099 426.8382054448538 10.0 0.6807837099413138 4.303281996089305
