1000 10000 10.0 20
1000
664.8729034755873 8998.795948601983 10.0 1.7337331305856407 2.654656141521489
534.0631474799544 1605.1667252342318 10.0 0.4426551035972345 5.631611043423431
957.7789945694224 2703.774101864046 10.0 1.7713430573215487 4.029066232324172
722.7071355933303 7306.415439033217 10.0 0.6384216132819935 0.9760747204307856
17.192288410007972 1857.860292000072 10.0 1.2959154210235018 1.5029815630376662
386.3261431652176 4229.598473841035 10.0 0.11834309100545977 4.673546375741337
775.6906676171305 6356.497109020181 10.0 0.8601961106812314 0.7149253990268012
406.7065830516241 9145.57836476505 10.0 0.13065600159365878 2.122602244164873
55.63854746036267 4842.765861291113 10.0 2.8687125210455764 0.7205976185366242
418.6611216021868 2912.5983667661794 10.0 0.7631091018858298 1.6975621311653668
636.99019024317 1667.539410182841 10.0 1.7789230324650178 4.522029386581624
728.9368309579605 9377.658445937574 10.0 1.6243652758640208 3.524412332725525
629.8416861424722 5398.098739995339 10.0 1.5245810936764082 1.2706314812701114
776.1999057074703 3970.885775559232 10.0 3.099303979129506 4.934592232534997
686.8876170327277 789.2727625606033 10.0 0.7778502388541727 3.4208863784649797
792.2534018769993 5156.959776490705 10.0 2.5945348928272542 0.9950868543526514
840.9387811767747 8631.164022411742 10.0 0.5494387637810191 3.770742552555971
574.6441023285074 4407.656398076943 10.0 2.9669776562399677 2.915914822348641
2.6572709839811637 387.52643293097134 10.0 1.4468277841108597 1.6389071523239709
530.814705770831 2859.571753635277 10.0 0.8482820568209711 4.459118767380546
403.66499114529387 7038.852419456098 10.0 2.6783611154786224 3.9557993041390898
403.95782343716957 5321.090328239196 10.0 1.9030740134640864 3.973350262014685
520.1819913021245 4044.2353762399 10.0 3.109993350460281 2.8635066530872417
340.7277645676717 4792.657798361121 10.0 0.8886705630024762 2.75338018719928
262.3509017243387 6836.070550189071 10.0 2.3252976543904045 2.1059164896845153
210.96654259606308 3164.423010537596 10.0 0.25778770092208864 2.5256220172332724
464.4035108781608 3761.6516901094333 10.0 0.42473255582490416 2.6981781953777633
339.6002545424821 6255.308786090032 10.0 0.45949443984950794 1.2988153124957096
960.8260788330635 5885.734397493715 10.0 2.3687526431324666 4.448705414235389
60.862213357401274 3857.5785577560628 10.0 2.6932145188340972 0.9561829249472875
783.679209321618 5568.118674701213 10.0 2.038815785577205 6.079503516363196
754.9987547508026 7950.9561955846275 10.0 2.8241228146964446 3.83705599621593
266.2289414565993 8230.32346921079 10.0 0.5155585529984141 0.8277737596198544
277.61458253922234 4750.365506409222 10.0 3.0775708770888723 2.259503556469857
88.0449956780307 4225.406678371988 10.0 0.7614706430581584 3.681651783323725
941.8131791640631 8751.349968002083 10.0 2.9421281777486428 4.205409010384714
546.7226933734329 224.99931551639096 10.0 0.22061457614061866 3.4604757232771512
463.28898895159534 9437.235233416015 10.0 0.611263482461952 1.7301549206282731
591.3845070957007 2037.613038801096 10.0 0.49174407796636405 4.697740519421625
528.5276234743646 3812.0978723430976 10.0 2.5215684759086607 3.858176072502108
403.1177682724536 3272.2850497806057 10.0 0.6094951997633502 5.413243386655862
896.2700440757864 423.60221444467163 10.0 1.6317127569682728 5.969022993862608
557.5046010899962 6761.6226178170755 10.0 0.9439839426643887 3.4759456598713068
192.3973210949309 3039.7674948831886 10.0 2.110645165043654 1.7272327864519337
54.40036357656941 8158.308629622036 10.0 1.5322459736719527 0.16617017593972586
808.3918876003805 4643.728582620622 10.0 2.3845442136810173 0.6668359755448713
750.1169700418358 3619.132580707851 10.0 1.4314987109718798 2.532472777297033
563.5318946207403 4910.55122511531 10.0 0.07386689144312218 3.5457556931951446
977.1671598304439 5990.6075884782 10.0 0.1864209840873922 2.5765836094126655
40.97453352661984 6830.168144719987 10.0 1.4558313225159674 2.2534884196931837
386.7261387006761 6410.237471206814 10.0 0.14644954466111765 0.8352037861355355
757.8848803976027 640.4923755586977 10.0 0.023515386735496847 3.5112074869610383
298.96656092847905 737.4961862672735 10.0 2.87130597597536 5.268163150918833
579.7664335028289 5734.776336853742 10.0 2.595482796223348 1.7760129488394203
96.42361372400788 2728.579872067004 10.0 3.0731412977087382 0.7650932540290597
39.14942934212651 3707.2754901719286 10.0 0.0028755292098406686 4.261026450015602
445.54585168601625 8368.99743783278 10.0 0.0370502356001765 5.534087601472463
468.7934436524426 8201.280084672282 10.0 0.07779334140666545 5.208718241503187
381.5883864190335 8278.060318229886 10.0 0.12321240726216495 5.480981608235159
109.56037027709675 9723.57823366704 10.0 2.691138888342857 2.9043894947621736
542.0047868438152 7599.333686177742 10.0 0.4472813186637322 5.364837661131877
603.1139490264742 6089.411367886497 10.0 1.5770275568882266 3.6910858831362567
83.49351301504603 5291.1123485474 10.0 1.1697064606791714 3.546230570488184
529.6024197154233 1661.9858303001488 10.0 1.0768854731641284 2.800308154672777
67.85551464826555 7230.983096563028 10.0 0.362293813720282 0.308619971956241
900.4801382298473 1050.6030734950323 10.0 2.1642407143903446 2.498723613757708
351.8191524461192 48.53785317988968 10.0 1.603930244444094 0.5074446558951445
766.624724357175 5431.468573679215 10.0 0.8612023722157633 3.9581689841644456
265.9885146323635 5100.296781557746 10.0 2.4109440671146016 4.28829940302235
351.9057485965532 2155.2469142003206 10.0 2.1023187427568657 5.074816233482185
618.0717263679813 4500.90711251247 10.0 1.5080090046184007 0.03590174643115312
372.36155003518644 805.4203959322226 10.0 2.6214180784153673 0.33505023675341156
805.5449891817093 3624.678866721601 10.0 0.8990451045868967 0.41909946384801583
451.1398870328652 1371.5152746585425 10.0 0.8949956210080484 5.529152132583816
72.90932806894435 6991.519578782099 10.0 1.4741168694937232 0.6051436607051003
789.3593480772325 2701.2615509737657 10.0 1.8549165200134383 6.020966813992335
198.69540341172097 6951.330018459907 10.0 1.098503544251436 3.181034646030522
503.0471425954445 1895.7428877441773 10.0 0.5765710195149378 5.312685764801916
147.37346223127335 7080.927412072145 10.0 1.7739231498636436 4.563129244627791
286.3099830179369 7811.603698236567 10.0 2.190642683308008 0.35629616227685357
471.3242255101291 4707.551528324787 10.0 1.83136498891971 2.609813743034583
310.89399825492 4334.374226787818 10.0 0.9635686647694308 0.6605629658372815
498.02695908080443 9473.023186284725 10.0 0.16586172123918846 5.041435053512262
522.2902036167984 1586.9759712575583 10.0 2.498390791196603 2.4680981043226096
587.6211730185561 7352.613455535463 10.0 2.6098234022145608 0.992919738417154
742.5414747897173 5737.470727828584 10.0 1.005502205057288 0.49386770952335735
995.9981299800373 2042.6875182599201 10.0 2.4773940103855714 4.10857475749559
239.9074689410473 570.1149368449887 10.0 0.30737668026186415 1.9067614231946597
128.57834665499135 8131.184965072479 10.0 2.3454719568827778 0.6991980212828577
675.5438801502639 6483.781939700448 10.0 1.5223600881898665 2.5234624992301864
219.93130602573208 2965.0010158843675 10.0 0.4091694173589029 2.477180831213292
587.3518538418442 5081.816433169795 10.0 0.538518707831877 6.135174234781967
724.3938849765124 6628.326935851661 10.0 0.6233700407841729 2.8322127386021885
821.154148581312 17.379335353799874 10.0 1.4748268108324614 6.095733912467949
952.8434094737237 1946.0183845209056 10.0 2.954883089517398 1.605748951629696
569.3543840011163 7258.350851403151 10.0 2.846891903950836 0.6668907499756921
740.781759902642 8926.04721150685 10.0 3.1117226303185666 0.9994092804047404
927.2350616972218 435.8507727554473 10.0 1.9044086275110939 2.0899875150085196
182.88693797056354 555.1047662650354 10.0 0.48551217561172666 2.486985815212501
127.05146527289813 9440.439402208602 10.0 0.5610755859969762 0.924076757877187
719.1878546603722 9361.41737619431 10.0 1.2620409561401593 4.7545996998528794
860.076865600265 2930.0608952793227 10.0 0.2647033521331367 5.840935482428379
108.01919022863582 6658.834237522432 10.0 1.2988055406421277 4.264349610664674
346.75575749646913 7913.7938257803835 10.0 2.214970619453884 4.178084442167379
70.91221239214663 8886.254557191698 10.0 0.1272133887676038 1.6075865952009265
65.1212765913699 2075.4692014433926 10.0 1.8473522522621209 4.280977804197722
644.5777256941659 7956.451880517784 10.0 0.833151399034128 5.81837818828579
297.63300849354624 7001.21872586406 10.0 1.8446586611880846 1.7938777909530654
525.1377310982836 5028.362666356151 10.0 1.6205016949427 5.255778814772137
906.5914656913736 2975.016140299831 10.0 2.749580020740864 2.6562452705817963
939.7618868447692 9616.897119055004 10.0 1.3555504420263944 0.8980257012322127
998.2854517465622 8506.27585720723 10.0 0.1520634331600383 4.654422400873351
830.8648206260991 8454.33851936531 10.0 1.3349278562632798 4.683832563595844
386.0285509640049 253.56702518301466 10.0 2.5027876884948403 4.311992244507468
388.0209429100837 1017.3907772203805 10.0 2.0130787264547028 1.354527329484252
12.241194063321913 1508.5110369925426 10.0 2.70798865677698 3.225221416372906
212.75261030160075 1133.9385859103702 10.0 0.4938473789714647 5.768470295629276
739.7341431551805 9903.920694855315 10.0 0.809104416296565 2.0871563539672673
651.3481919138143 6583.58295530227 10.0 1.6593434188430944 3.6547906736627604
172.35009241693723 7510.244648828508 10.0 3.0485122922935113 3.630667437003126
80.86616331136453 1106.0104686604454 10.0 0.04598588110412445 5.167251169030437
415.1192501224199 8984.381208417135 10.0 1.9478429035676097 3.3092333523958253
183.4813861156368 5731.26596975824 10.0 0.3187633067203692 2.3468702168239073
934.0856058709804 5934.922088513621 10.0 2.501017014419299 4.653725867069681
494.33007781420815 8845.98411910929 10.0 0.4668847249764918 0.16385161602615525
925.9594282956691 8167.889668254768 10.0 0.14832167793913348 3.566464797893602
758.0094286988989 6909.646918305841 10.0 0.8594706146170203 3.3536376251210185
857.7531813833989 4977.029590497615 10.0 2.3372078766434607 0.48195318027263984
878.8883183204676 234.92793120495014 10.0 2.5543658017533604 6.195522098253785
86.55612901547016 2142.7216099499046 10.0 0.9069248841581916 0.3635271438701649
500.3853193523745 746.1850110376245 10.0 3.020852841868468 2.5371249995888863
719.6046892014534 2803.5710391973034 10.0 1.2398382714667706 6.05825402837274
498.3702549871344 1130.166210989504 10.0 1.3640341852337237 3.5229016948564706
124.80430680370024 2864.743924180514 10.0 1.2793801445571111 5.820016667731984
923.8453859989773 7292.989569741063 10.0 0.7913082778082505 1.790175248112122
751.8592133214848 4107.107180777324 10.0 2.7955353437484782 1.3638239790648319
180.06296298291747 8537.45943785916 10.0 3.1299494023057384 4.679346184192987
174.16637152326865 661.236749536932 10.0 2.9756812652788485 5.004654518014363
469.2346462092374 2374.782793242719 10.0 0.4149755615157919 2.96513864442435
511.62996604550995 7010.357607924809 10.0 0.027000613480243893 5.119981226303674
793.9898489784578 3384.746795904108 10.0 0.76781500862038 0.7971311263574261
644.5522385576107 8186.275791398986 10.0 0.13819228201438485 1.276882929966421
48.738544168703044 8038.422147876031 10.0 0.9079724691001952 1.630761668157697
878.7576321084512 5322.366039158629 10.0 1.367235417238153 4.590330296280506
986.0953886948538 9897.451347857146 10.0 0.6376700546696382 3.5804267424613414
972.1057377802998 2227.6788666702687 10.0 3.063989051899272 0.9809967205344078
93.52089183591417 2103.9879710081846 10.0 1.486793678211166 2.6484206802083454
682.5498667045181 1146.2265829932228 10.0 2.2572153508575665 2.2354446732533426
665.3362660831459 6575.347628133643 10.0 1.6059145329847657 3.8542602931905403
247.8972397537469 8365.51406666635 10.0 2.052863182688005 3.466255834942365
605.2680217415261 1817.4320407951107 10.0 2.9221448577444393 4.160621343254448
457.42699956680553 2838.373743671838 10.0 1.3271828397631467 0.1492904143626563
744.6786086609516 3770.992027491884 10.0 0.23409515932707636 0.6275078082581558
225.5225215087282 3482.1702087091776 10.0 1.7570825103217584 5.85775751421345
711.6392929896173 6604.788527774938 10.0 1.2474162175929615 3.398842315829557
827.4740568588156 3319.4340078007967 10.0 3.042092739055238 0.8172034885471345
636.0016393812188 2869.715596784783 10.0 1.6740995438245987 3.2805427650302676
207.60793895996665 1123.9903959915387 10.0 1.9399989400732636 0.5869187126759315
225.6237045920183 4927.948594898591 10.0 0.5253336123109211 2.3195718828336607
19.898974218035328 3736.6413215647885 10.0 2.0988223808816446 2.2042755881808405
998.9073948558098 2071.178599250678 10.0 0.14144396137932919 3.735948173280099
311.2217047920928 4714.467866147704 10.0 1.6125237344388272 0.23908921890279244
708.8029067083099 241.9967833523895 10.0 2.2612858368745674 3.6437615746877317
7.397231919567537 7477.812658727079 10.0 1.4114255789337415 2.882109762032206
243.43687501236323 3772.4892700348223 10.0 2.7940811678443476 3.4352944151958584
612.1916368944306 3619.0043520476866 10.0 2.9855245734333002 4.895291352051478
538.5203043176804 1054.1089606552357 10.0 1.308458908810084 0.4412887265209041
779.4224278720761 9536.889416361684 10.0 2.4233726045114397 1.4859824611557735
286.69234851295334 8552.882238087412 10.0 1.1981521168218954 4.015795933351639
668.3289526615189 7061.230582286084 10.0 1.1009784526215627 3.074277354098468
478.956588598773 84.0154818148664 10.0 2.4019437863021142 0.10113102284285323
242.36342174539615 6231.037709277571 10.0 0.7334998628973245 6.2103767168803765
63.365791582804974 759.9635394781012 10.0 1.9072227222752831 2.5275507483614876
921.558399732007 890.8897409293537 10.0 1.5533807976216372 3.1333066280938677
256.1113607413954 7526.023379561297 10.0 2.3439464355618918 4.147440011706421
248.6274616339429 269.31404514 10.0 1.1728359537204534 0.9358100759060607
290.1739296356404 697.5136539592985 10.0 1.4868706042107505 0.6161413755599676
478.9547008141871 2203.283066957673 10.0 1.8987608113214403 4.021460409229733
636.6911238615729 3412.603767639326 10.0 2.242749435385538 3.5917707764434494
254.62985204946332 6172.891984446444 10.0 0.496025494925064 3.0754419118180065
984.1990695823752 8414.856238876306 10.0 1.8032012863280484 5.6794476761264585
772.6850816301607 6810.2790090117 10.0 1.1539536461410838 2.774863555269901
510.90341205194653 4079.540806375643 10.0 1.1107390116674194 5.52943220325724
107.68952994377945 1046.8517970138626 10.0 2.089999476954325 2.654751994807676
235.1365945410898 4097.788462604914 10.0 1.1726412871459295 2.0075245187393813
598.8582321559313 4562.882433671326 10.0 1.2578128317570856 4.19629496905427
479.1572577331936 7732.642305026304 10.0 0.6666275003113957 6.156957274454933
461.8312118631973 5703.532146401837 10.0 1.438836361822437 5.677369426677161
731.4483833408021 61.072713999087426 10.0 0.642918872617475 1.8612857698151333
35.2793807824544 7525.369922236748 10.0 2.0651599638773805 4.444852723956027
442.66993025124424 4116.014717619424 10.0 0.9215201371340799 1.3168782348217811
322.4934640340695 1137.4456649167453 10.0 0.4642773865056356 2.7062692352937963
540.4227732172252 9342.493487644815 10.0 1.8432853914897023 3.7023986180797177
738.1117272668054 6000.983630925411 10.0 0.8690453564641699 1.942749799145726
697.9797892581014 3281.898881508596 10.0 0.6859907986519369 0.012289454624859931
220.14346278931174 5351.7543213776 10.0 2.047209963417004 4.03200842751804
642.1404920058094 5898.472813903391 10.0 1.116367788853706 5.229244965168649
117.44397370314653 7409.190941548036 10.0 1.1637095506501824 1.041719128572469
35.365498745424276 8462.06895732861 10.0 1.4273732459801127 0.05049194773741665
512.7975140133003 5536.310765625492 10.0 2.008878983369148 0.056329701581607
717.3470143174817 1401.2520568537823 10.0 0.3520041014918924 5.245501020373081
891.7643036907775 3014.504761763106 10.0 0.8031140902506485 5.307438165688484
341.17153467565055 8040.79404881285 10.0 0.3400984729865412 4.355537054963152
317.44814371843455 597.259018759887 10.0 2.1137709463548813 0.8291736406431757
689.2312001360528 3637.6343431869864 10.0 1.5363381126552156 3.7861157286641496
521.3404744231455 7506.866933601398 10.0 1.966543768327858 3.563562949144313
204.0397999461403 1629.3624279665598 10.0 2.474209514732147 5.693037089660726
570.3974244772377 9038.199799013992 10.0 1.6826697455833692 0.8010603447027366
519.1099848692926 1509.2893356859472 10.0 2.294934329262461 3.6422796088775917
20.506133456522523 6433.5936326735 10.0 0.5197787957387272 2.102448512576105
25.047562753181207 5242.1673970204965 10.0 0.08577532987926752 5.7806904967759065
716.4963216431586 7192.917428531165 10.0 0.8026073653782795 3.8793230603942073
756.0195455367676 1634.6214688781001 10.0 0.28389400263517683 3.8606054327153454
648.8535762251875 6482.884322682198 10.0 0.3249303453106879 5.673182862254261
131.75171090527394 574.3560537636661 10.0 2.4614079302700462 2.81107313153313
527.2905734501368 2809.668991594607 10.0 0.9965424347504224 5.11563750415435
340.2125333125098 1552.1987411341208 10.0 1.7165827208430937 0.9244859318616298
981.3324600153745 3618.8921045714096 10.0 0.6626609917012722 0.6540096804332856
396.13910601885937 3381.0419288306425 10.0 1.5487515804413274 0.7937733435487753
548.07263560435 8987.036861897439 10.0 1.781970192816536 1.2814771155058138
160.5617375009628 4525.747800159933 10.0 1.039248325028754 0.7592184248139437
857.2550778950159 4068.357322956756 10.0 2.3198833601465663 0.09939937678149854
856.4833281691313 5958.07739712411 10.0 0.6274470290031579 6.159350132036936
673.8399064349866 3461.34318324283 10.0 0.9724455234453948 2.0571606858397935
865.8698009665982 950.7064556910693 10.0 2.441362146793388 0.7201944414975107
708.2076636080553 3158.802567192678 10.0 2.4978067515888123 3.0069153140117946
843.1076694349048 8724.391153284874 10.0 0.7772153083746351 2.2003373007925062
354.1593443627462 8245.62637818001 10.0 0.29281559658633616 0.9937876319641223
430.0853371944874 1362.3438266848066 10.0 3.0900719065919526 1.2544137807882776
764.8679882036568 7008.29271786055 10.0 2.1022767631400514 2.8923582353668738
108.05413046837819 5905.886504378411 10.0 0.1209344834537024 5.021850011080281
926.9380977064626 4620.181547221288 10.0 2.1709947772124165 3.6374335033940186
971.4252478161544 6045.4380647262515 10.0 2.4914153206277403 0.1114323076433832
642.7293154555292 2066.753705684301 10.0 1.8544628381115345 4.832484444104992
458.6590831914633 320.9032365127229 10.0 1.1303188942147666 3.081458007487849
581.1005417086179 8474.662299948508 10.0 2.4186713674301257 2.8598633626898993
325.403233150129 6245.5215629206 10.0 1.8499790638107783 3.6612637560345274
806.7305000045338 7508.856911913504 10.0 1.3590607569830369 3.851408071579485
395.0348769123659 2267.2416397772754 10.0 2.4322566222913062 3.3714031257901507
448.17155141639574 1001.7442415263245 10.0 2.362890358071735 5.068317938942857
871.7646969228753 1981.683740999347 10.0 1.2809844652809055 1.9121614097387087
414.7923399832798 5478.464963342967 10.0 2.7008065131404226 3.190504382230807
251.45767843505917 7510.748318973886 10.0 1.819342713650022 5.17237950051384
322.7660178688526 9742.353765406837 10.0 1.1586046986918552 3.6218199013493693
115.32772479513132 1460.9402728313737 10.0 2.728781921570359 4.617648130386246
40.260176672130555 4184.64003955595 10.0 1.290541955230906 0.2051819125913738
341.66183673429305 9375.46535476157 10.0 2.6106264063485978 5.051434742865309
511.98452563382256 4982.456266266857 10.0 1.2689174103071763 3.126551876039343
520.7304719697854 7094.163317415074 10.0 1.3129940815616585 3.384316011943529
773.25288274765 8849.213723815501 10.0 0.08914726769153053 5.861969871889559
608.0401686991137 9935.342144663053 10.0 2.9422200448233515 4.829657879020578
313.71545246487455 6501.408914078472 10.0 0.40947761734676674 3.50412472921878
101.08462460516321 3113.5728278573283 10.0 1.2306236706237597 1.1520603450199371
200.91787404504058 5505.922197400036 10.0 1.6562475848196176 0.4465493387966766
274.7507247384332 5307.5089553574635 10.0 0.9744928476865639 0.5285057077154007
623.8431259998741 5671.874636551598 10.0 2.943752401831488 3.5229930238297458
260.5353597168194 9791.793334181864 10.0 1.2362539777512387 5.374192335511046
766.5925546165048 2651.100146366422 10.0 1.5856381487681561 4.553506934199349
4.729773478333921 47.113303846330055 10.0 1.8786821899656951 5.701842360468412
172.36240257959824 7911.299768640143 10.0 2.0344893556283785 1.8018692150392208
390.72728947777193 9262.470164996734 10.0 1.536621796425726 0.6053953903685697
7.871934315210827 5745.939713734063 10.0 0.6061875359899259 4.605624045794297
60.610863990071536 5643.719391010263 10.0 3.040977848961388 5.481134261907255
888.3994074160831 484.9532084433927 10.0 0.09561129779332127 4.709917775449335
721.1767847979521 7942.451142991199 10.0 2.254430948221634 4.170078278942763
173.58244125660306 9570.312187410025 10.0 2.361496159657595 6.221259985708505
969.5503902318742 8119.26842688798 10.0 3.037172386489287 1.5550269936115988
894.1384733636069 660.5284951129408 10.0 3.0131548165355967E-4 0.32302021246395823
923.5506260288045 555.5278683033138 10.0 1.3153902467661205 0.707607695592252
719.6621452238949 3428.149667140361 10.0 1.5806998008652293 4.943122367336315
191.95917341679703 9727.603945496976 10.0 1.3911552027265697 0.42844770428452555
627.6554496556607 9214.308436236128 10.0 0.032000780459334896 2.1086721509049675
969.8507349238782 757.7417306588741 10.0 2.754047872355345 3.7802357843909893
183.9470865439391 4204.392149411476 10.0 1.9103245829819333 3.133723264508081
294.1405167920487 9755.557266318472 10.0 0.11282401087361538 4.651494748419567
594.657224145719 4288.892210190192 10.0 0.43230223266274453 2.1182852284502145
744.505278428053 3364.2512975204118 10.0 2.4517012372893876 2.6410908742541053
939.8638966979927 2273.4959324822057 10.0 2.1461386337252355 0.7808900736117642
124.83426344321357 9425.596455207895 10.0 2.3030252905999644 3.876521946686989
249.12739199657784 602.4851669845388 10.0 1.1253848590667592 0.19130477184588662
910.3659580308839 3177.762344844973 10.0 0.0010669511328266204 4.64893785741081
329.0286883156301 5259.502969017586 10.0 2.701277791377775 1.054035809401669
495.6673563122679 5900.038710225097 10.0 3.113134201536038 0.30093501905878517
502.87836139090956 9009.74976296921 10.0 1.6145664575116752 5.498586762137798
528.6116113439354 5418.52135001452 10.0 0.5693964697327473 0.5421134341201822
672.7521623977464 4647.675264143622 10.0 2.465516012091742 2.336854343612267
865.5104906474578 386.8228196230272 10.0 2.9044049383343884 2.522256384635263
364.0094864810991 1414.2220252521 10.0 1.4801763779281945 1.0002542088036923
932.557954538752 2755.869243189323 10.0 2.0476480496957765 0.2264885548678234
662.4510147250314 247.69126418503595 10.0 0.19284660020102742 5.010775451766183
528.740955742588 5346.84683289549 10.0 0.1955896505372613 3.5134215493087835
204.27172676726178 6032.286467773364 10.0 3.049544620827606 5.906518956496212
355.3737413169469 3941.360259961704 10.0 0.47243751991663196 3.988977466685664
628.9655892978545 7508.402373440819 10.0 1.9881715011968544 4.71484508366755
807.4120012418455 5802.865952994971 10.0 0.5271424968341071 2.4085647374814187
155.33821450525244 8008.717431158243 10.0 2.101941392457617 0.5220184539472803
811.7030180374413 9043.441797490834 10.0 2.7251941677611358 0.2427778365898516
190.78363724652723 2684.155633967904 10.0 1.9063751626934555 0.3563642249416724
747.3281245131328 9749.95549259793 10.0 1.972099891415881 4.125852489721808
133.98142304866346 383.77976829673923 10.0 2.7367816264188236 5.641785532845906
733.1936910676949 6283.6969877520905 10.0 0.9554281926316367 5.512305266899072
781.1705909938762 852.6756393329649 10.0 0.06643238538124421 1.1643251882741121
818.026867685776 2667.5328594472735 10.0 2.8467307705784695 6.252138927113164
996.156302825459 411.89461259721674 10.0 1.4272236190876648 5.481176946458387
857.9323691060224 5474.649615371976 10.0 1.4050920013260872 5.286153773973561
554.2058097777434 1784.51127026782 10.0 0.16108656409678176 4.5113081282911365
116.6666400648686 1132.9452017887331 10.0 1.7758266938789016 1.463779701096914
319.98980963234027 6231.865237024907 10.0 1.5202182195598717 0.024693783130333078
873.7853836174484 3059.132646647269 10.0 2.390683579941435 6.224790067704329
169.72534042579767 8664.043005397489 10.0 0.4992645813696186 4.194102177424803
575.8210353088313 536.6184670702223 10.0 1.1082060908153049 4.908380389352576
317.676743290455 8888.667697791116 10.0 0.06354497424371372 1.4397259289114988
315.64615874645506 3751.217464021994 10.0 1.5537018702784098 1.8026434725146627
957.1706792925955 4662.055053871837 10.0 2.1431740277902076 0.898712966810334
675.1792037859285 1898.7677993983532 10.0 2.686857967552619 2.8749234077189367
376.28160608980875 4706.802164873777 10.0 1.93770551699664 2.82955535106576
216.58872954094622 3778.707009771869 10.0 2.534326586600556 5.322632124347718
958.3439302396628 2359.867318011826 10.0 1.1533589268317987 5.424982925090594
157.1525110777444 2787.6726285133877 10.0 0.6861142179255766 1.8230534288135296
727.4469802112762 3015.207398060986 10.0 0.031619215306055895 4.148619053563201
12.927579850781523 727.1906782278393 10.0 0.6479680944051336 2.648270584479772
349.06924689988904 1025.0320288477287 10.0 1.0700303932698179 0.11330174826332944
246.3875645860013 7339.512352463297 10.0 1.360981847936382 4.983926530246237
746.0079398384753 4223.738890058118 10.0 1.5727320303656342 4.173845827158029
203.18368814217203 4985.662819183867 10.0 2.5425603572754456 3.724140733351259
739.760343159397 6738.5918507996885 10.0 0.07757835023301506 6.128263116879404
873.1853325712408 379.7653706917381 10.0 2.1643906038641667 1.355623736270505
377.5128779391144 3251.2064298276146 10.0 1.6513709626429411 5.6559547721774495
260.95686318432286 7793.7016487393075 10.0 2.867575979190406 1.2475725305967396
854.8944965399807 373.90057308767655 10.0 1.5469502716813441 2.1302639837800332
400.82658659136473 646.1709459993248 10.0 0.9181935887793397 1.6506479082929764
194.6504273408459 3304.9784622362176 10.0 2.8995126007967924 5.376384380075933
301.7042876519377 890.2126653952014 10.0 1.206968826267685 2.995947762641876
91.39257509553467 8427.00646237668 10.0 2.4028037307321624 5.35271590763939
356.8036300871351 8113.252330756251 10.0 2.0511957343211558 4.956578001648013
582.5827964765934 5012.145122876815 10.0 1.2133526626775188 3.6673683203730003
3.425381402292982 2763.7341127128943 10.0 1.1565806280697353 2.7211391625029417
455.9054529009252 1698.5983511629154 10.0 1.7269336007036438 4.067199144299725
667.9582162570813 418.403914081098 10.0 2.62545172673578 6.06562033415673
553.1852143255456 5902.245088965486 10.0 1.9223265121681312 5.120826906282471
281.25279816236736 6504.303817982716 10.0 2.541585307683124 5.850017531882151
381.00665767110775 6827.512897279141 10.0 2.894436142701957 2.188747637249764
899.5257669805278 3389.540229317444 10.0 0.5623338595367295 2.6323550381658136
688.1916708143353 5241.556618842798 10.0 2.001930714921773 1.0612937035279932
215.94977169286412 4256.8901636175615 10.0 0.9111381923854409 0.03527916813807781
920.2911834552685 5675.807112338398 10.0 1.388628415997804 3.2336697556352285
998.0857214253857 674.3064492792516 10.0 1.5064248406441645 5.30126889844118
711.2470197336253 9218.948235225189 10.0 2.732995335873181 6.039511264152917
736.3136698680937 3276.384136533297 10.0 2.164211481400684 5.645082241389973
822.3807291763088 7565.3899751342915 10.0 0.7062241389414695 5.886535297419533
38.418334715676124 7470.852976968246 10.0 0.7652911904334412 3.680185006136477
188.86509399281582 1483.2938950837893 10.0 0.9711283113260127 0.6918372874670888
555.485838628105 8584.154914207626 10.0 0.47033800574566154 1.987965565655507
983.8349234314186 9366.219462991305 10.0 1.3748938838010356 1.7515517800062377
474.2675466791717 3360.172269118121 10.0 1.58619273513936 4.398518207486199
860.2932727971275 4032.4495914127056 10.0 1.4378321339110143 4.018543873023302
861.1676538466776 7226.167571807071 10.0 2.737467546995907 2.591614699097854
780.9691390507659 8436.060009176168 10.0 2.3531186414436545 3.56266273029694
393.01024105012584 9239.997073001721 10.0 2.225487992564005 6.161871072527856
96.28328468022207 3453.793696566678 10.0 1.3386075858207442 1.7624464285755914
259.7427736645941 9132.662835876277 10.0 0.6667674311795925 6.216910063799175
780.5781449056636 3411.8038881431244 10.0 0.6751689018449483 0.1798107334150589
274.2315598509599 3360.2617901347307 10.0 0.505419357094493 2.9091583210381415
986.7680899301697 7516.327992430118 10.0 2.2859152793482367 4.206422954891247
474.3058520585143 9579.400002176737 10.0 1.920907466284588 2.6780425996961448
329.5664368818195 7852.354069921562 10.0 0.336784544478439 4.875777050689038
752.2067572406479 1460.1271903932911 10.0 1.7211134601387965 5.647480761832774
557.4452670918562 7114.343336225221 10.0 0.8323089911212621 4.053561540203121
296.59716975306696 8250.462347122657 10.0 2.5961032859533915 5.1943597466195035
523.4845253113521 1733.070406291074 10.0 0.5764241357408244 5.276443831315536
882.2889893327713 6006.565868842332 10.0 0.052664460494641116 4.424933482392886
615.2664043569289 8562.645417104988 10.0 0.025241824154593518 0.8943459087338441
292.843830676672 9902.624660284962 10.0 3.0996804879619693 5.601386573456778
53.97151413970036 5791.777435110493 10.0 2.8219930906534265 0.30844739884891353
411.2035987767877 9534.511798035885 10.0 1.0265440255203486 5.529831784605155
722.8328907220564 1243.3454464085657 10.0 2.713637144881312 1.1546916478675389
763.5070247721916 1631.282972469239 10.0 3.0305096305379027 0.07587541557046182
435.1041282896181 3726.3359634692097 10.0 0.17473408244279126 1.6321078585538922
551.248529024064 7088.571666109407 10.0 1.774130974289785 2.5446855955150984
801.6979653544659 5604.212130794373 10.0 0.743390323456339 2.949611683312329
456.9356030315719 1737.9478949779025 10.0 1.7658496654377647 0.5518821394803483
108.65163042870896 7243.7755239343915 10.0 1.2665592098393972 2.701228475038573
758.4009800373839 2766.298820227964 10.0 2.9147897444066344 3.7770352345215725
864.574883603731 6508.584853745255 10.0 2.453303715855961 0.40003005130123565
536.9258678969253 5199.29940938827 10.0 0.04221122531276345 3.553536603716619
928.2373945503037 8960.990609620492 10.0 2.0970255036480623 0.27276613939861905
14.330417202637724 5363.029293849639 10.0 0.22721723637146432 6.1114067380774015
376.4514753312906 6936.852759311405 10.0 2.652877244596338 4.27115051841423
304.1877205890866 737.8045234567887 10.0 0.9594426193336221 1.2675076051801213
522.4064285625235 8156.999272470766 10.0 1.668530151805841 2.39292677916651
112.31767267237514 8118.281333414477 10.0 1.6621529403616366 0.10538834200717609
744.6108794908602 7039.492660039498 10.0 0.3253097606969829 0.39256637763919516
171.7168300875155 4493.898016666897 10.0 2.5540579095878564 0.297643917349537
36.59924076629872 4376.762818152086 10.0 0.15866801913245068 0.8685381190182839
447.0804893185063 7563.7162637906 10.0 2.152209052688975 3.1882338293841923
437.5585667184462 3541.671953069946 10.0 2.794653388587218 6.081332306480278
394.07335275276665 5299.724114752097 10.0 2.362158684602497 0.9779010079146424
754.0320576729273 3886.570844393976 10.0 0.05010471659452362 5.6130712576939095
808.5050826110606 6472.66285314586 10.0 2.612619421702007 4.723066199612411
232.85555307441618 4499.413042629363 10.0 2.219955293796215 1.5149243295092885
50.56664379798559 6554.442445955535 10.0 2.9763752658346587 3.2169994889149507
95.48308768736446 3980.985140766786 10.0 2.36398215830116 5.778827003583562
679.2842047107383 5911.203910646312 10.0 2.4470725003289857 2.0034635219055925
93.85793159749223 4407.319790458918 10.0 1.3854051776882284 3.0894604912497083
782.3463703913585 9701.095522311267 10.0 1.3180678226061806 4.317296343962906
497.98525534034155 141.34952795052948 10.0 2.7092473421171603 5.33014267078104
536.4612711910041 1390.8238503828495 10.0 1.6869430023101877 4.662310533918803
175.36263971428457 4657.868154846919 10.0 2.3926917660782467 5.444622828296047
783.399780520362 4305.039012545898 10.0 0.8946960568952068 4.475831779180195
672.4249515838939 1045.8596015241274 10.0 1.2850699140533428 4.252318244567241
656.8807962588774 8122.622213414952 10.0 1.7683495428033955 4.351326468438886
458.1593954491363 4352.25736748115 10.0 0.6670690917835749 2.6419878226107554
545.4553138823225 9733.933838025127 10.0 1.4892627403781888 4.259588383084831
740.0473291415224 6431.196925129222 10.0 0.13281121839428872 3.936081673445172
926.5450843203589 373.08592086839786 10.0 0.23464743384941972 0.7974545173963796
512.4890185011205 6462.824404835787 10.0 1.5558911125541948 3.6737640167679424
856.7924281414182 3439.3022524135654 10.0 2.4101484223199994 3.4797412583990552
747.8674947124772 2805.7235751892185 10.0 1.774712313071432 2.1800703063550904
153.87721514339557 9921.426591080444 10.0 2.9263031516826707 5.696296827520971
890.4078605167036 4347.022275633514 10.0 1.4001518603386451 1.4612318731561693
554.9575734968982 839.6447012981878 10.0 2.0225756303729527 4.606490889913678
62.98829093415692 2014.242476107403 10.0 1.3853190120200534 6.085666055634847
386.89016615619056 8618.47897198474 10.0 1.8218706851675506 2.451446312071783
647.0587245376892 3612.9577285403134 10.0 0.6232722612050832 5.298629454983764
533.3866210363209 1805.1208145366559 10.0 1.4156863750813105 5.016515901780277
145.82406460559727 7654.315702834501 10.0 2.340774046589771 3.153920356515935
734.2622879476953 47.16250039276338 10.0 1.7822753429637723 3.1313851115035978
490.84756581928247 4336.494713086413 10.0 0.14244812725635206 1.6539985607643264
501.9333797953649 8743.791029557658 10.0 1.2096564000781491 0.06419441979996554
202.23087565746334 4344.150064031429 10.0 0.16810460390017581 0.5403146544141298
190.31900631041555 5284.505615642725 10.0 0.37982934240549177 4.723612760978943
62.527069253625164 8629.918601924413 10.0 1.5229108900787167 3.548218845590668
1.304329184082298 1289.4229434325866 10.0 2.498422923241226 0.11818636460484665
214.54281159242117 4842.040950624718 10.0 2.438748534876711 3.6620559843649283
963.9207433749488 7765.231412005644 10.0 0.9225917296005324 4.907227291203451
843.1859336576464 8562.163037069722 10.0 3.0211202609839116 3.1582605117833027
171.39985735223573 2590.85784886438 10.0 0.9324490299144451 1.873116772473272
851.5146383638847 17.38227286422367 10.0 1.3541122499623237 0.13135416381688622
811.2570801879949 2246.907386563405 10.0 0.5546079541712986 5.087331928276157
191.1447048408368 9430.599325617508 10.0 2.5124621927478925 0.4322539974611667
773.561416897854 2202.941998947715 10.0 0.6450644037168873 5.042546302055459
757.1707206379147 6673.23645091286 10.0 1.1249227379143325 2.4217549139819097
872.5472575913902 2876.656376832367 10.0 2.1267162825801917 3.8328566287679027
7.75779237449703 3384.388757465192 10.0 2.591064122135868 4.043817643356666
966.725141811389 579.0183538695782 10.0 2.4692878645863834 2.1765982221378675
718.5600102725913 8220.467215683155 10.0 1.1842048153210551 1.6126748932228867
512.6468291376461 5359.4306997892945 10.0 1.1432341001636004 2.7089451317584134
532.1216626118794 8399.397472511448 10.0 0.5629669387954789 1.5440513864859373
337.4817393909594 164.98246033473941 10.0 2.5734471133068086 1.2945032817333793
212.41764690724708 3203.436933554177 10.0 2.7781253547317943 4.999734636730674
665.5605778007048 8227.848076689279 10.0 2.7623959376095772 2.5127572206085156
764.6893793225781 7604.673057767864 10.0 2.602562763251432 2.3837535341903155
684.0424261606818 8094.899408978064 10.0 3.0863927349213616 2.7922442034038983
830.7323287459493 6677.263314068233 10.0 2.806389279404522 3.632848768016641
182.8617486359738 8213.591504344035 10.0 1.3063009122250544 5.620651662645227
19.791365281295214 3960.4835449354746 10.0 0.8112410633932483 6.151006508402682
54.111317574023765 5488.185073513319 10.0 1.7255827322914952 2.8819326581024063
85.22039975897012 9436.641237554362 10.0 1.6157249035911878 4.870557727022026
686.0174856309328 4720.369720099314 10.0 2.390982320752399 2.4555990514023933
107.06239226156522 5287.921416149439 10.0 2.7136339942388124 5.9798736399539925
536.6639958306943 8348.347384787561 10.0 2.83953932612459 1.5717686951911687
90.7059007936034 96.22530683612074 10.0 1.1845134121502496 1.1453035752505512
422.6204950980511 8398.441613272675 10.0 1.2828019483698456 1.7650868889714535
641.7747919838565 4650.065390828617 10.0 1.6649222500765426 5.139059327245624
307.6322632576546 5063.292780641662 10.0 1.1699911652212105 5.761806211708214
627.406890068132 5022.576475784872 10.0 1.5525447454415093 3.744945632236211
626.5269877640841 8820.702869418104 10.0 0.7333730798240398 1.0369569525168603
984.0780593814048 1084.7102009255116 10.0 2.837331997645723 5.959827734926608
429.4952824199242 5507.193137711267 10.0 2.736350462566144 5.464374340912033
82.12812990649432 1117.6698489922055 10.0 0.20828786340031957 0.23884985555543697
881.9008623028416 6260.334325876823 10.0 0.7487718223890741 0.7257359307959519
307.14448310532583 5688.653998269516 10.0 2.684063357375034 5.660698238982492
904.7768570920229 6743.916239906171 10.0 2.7319129758907357 1.6889715211697471
768.3599981526185 6453.965217183364 10.0 2.287657841999752 2.0529610598011523
991.1642271689792 2570.0137522478226 10.0 2.7045365576265885 2.5991950269668003
294.22124285326777 8053.551813159568 10.0 1.9912615777842047 2.210512003920648
483.4489956510788 332.0183679578226 10.0 0.5423925395719829 1.1686321431058058
125.28351250571478 3761.041147935571 10.0 2.314371749261772 3.123076017699856
846.8539552590062 6162.68978917945 10.0 1.1029176153333542 1.6299197185765253
964.5886084431498 8053.329327259125 10.0 0.681753031678083 0.8050908418284483
724.2416898363805 6231.299382564005 10.0 0.05051232331105842 6.202096708076514
295.68181795381486 1763.7897259748147 10.0 1.8845418801740517 3.5643591077398393
807.3846960826045 6093.918268999411 10.0 2.242286814170173 5.989406851242524
128.42442689650323 7983.160462566358 10.0 1.0740834257995426 5.249524757661704
809.8590802387218 8310.920822671289 10.0 3.0806335855182474 2.7533812880565462
582.7577275236245 9372.176338893649 10.0 2.0344499566117853 0.9677267021854502
76.71809957509923 245.7608436774472 10.0 2.2544629676631023 0.3216888703169409
970.5749943889629 50.006178756343274 10.0 2.318098090843502 3.6708665628531345
616.1016583422564 6459.085454273378 10.0 0.6958117678364869 0.21581844872107878
285.8576516228173 7722.558622331327 10.0 0.136633367415062 2.730176857718637
587.938184495856 2612.2471867193344 10.0 1.478975077215235 6.2345229225786785
263.23187348365474 4214.717384621704 10.0 0.14423239310053254 1.9683084342004702
534.8948999996296 294.2802813820855 10.0 1.6171872814418002 0.3184593758447206
415.1016999079318 5070.57134464462 10.0 2.319856167937872 6.011988120973566
890.7330674794401 4686.3984593122495 10.0 0.19639053375313698 4.3886996006021475
707.515274045667 1385.6990578852412 10.0 2.922084846606008 1.3282839262787305
551.2240695700698 9478.081901583852 10.0 1.9471357294259242 5.130576756910144
784.9200525354189 9535.571494122269 10.0 2.718279855354742 5.011047820357018
542.7829111785093 5948.813009296974 10.0 2.4242462814348986 4.0703984528297115
903.9635582533506 6964.136988994895 10.0 2.7672186384961996 4.627495071325788
73.97523197334021 5629.523833652778 10.0 1.4395308285385855 4.474010387202628
986.4956529499053 4696.6469215043135 10.0 0.235668368021753 3.563161971226678
505.0540691466957 8457.817059681745 10.0 1.0720458794470302 5.777588923204731
451.92889205819233 9740.788266488104 10.0 0.6563573702537895 4.599976120342325
20.68265892406751 841.0266367840525 10.0 1.9144713104926632 2.433614561008633
739.1129316370292 3040.1860791147296 10.0 0.988348407626915 4.794013239812843
40.99955412134915 541.1743517275036 10.0 2.57478568725387 4.475328677096155
677.879348567062 1144.3323001759177 10.0 2.2987720119755046 0.8920845250805062
656.1822940703181 7795.891193976765 10.0 1.954638018378929 4.425992640268553
120.413149436714 2259.0129544266792 10.0 1.714535939898376 6.097098835216391
619.6657477497533 4589.361224609602 10.0 1.469620224784399 5.245628005942347
492.60715787303167 9841.286181942976 10.0 2.042616815277298 5.1647117150112
685.171657016036 6487.353296921006 10.0 2.0204489585785677 5.667220160854623
175.55557810591927 9403.081908148173 10.0 2.8447155896795016 2.579243838688918
322.70531450591375 3950.4024377902556 10.0 0.7342422909448019 4.207988212911678
877.3430660818631 6687.480733378826 10.0 0.36930988552454874 5.968383578845285
98.6758658523733 2539.201395034367 10.0 2.705251894195488 3.0307086562326706
405.28522593602503 7881.7359186010035 10.0 2.5383859336815147 2.115279674541962
255.29638685314083 3926.2700457816923 10.0 0.9179579445402957 0.6840608753000389
498.7773027230634 5031.101487071561 10.0 3.1396767033195365 3.346990389755429
274.4199197589468 2127.9572851304297 10.0 0.8429439051202064 2.0208740223440076
632.9067433463994 2317.5277108523164 10.0 1.5323019533177618 4.888000774454536
460.96799930068886 1870.8459958522405 10.0 0.4769572412885014 6.048909121871163
952.986433839191 1367.2891626399298 10.0 1.0210631474740761 3.214405405257628
831.1073534337282 8506.617730062495 10.0 0.746777673315997 3.1546470452127227
750.1644115966026 6251.6029510349645 10.0 1.5214538123212014 0.8204718778428481
840.3318086073513 1389.4437548096216 10.0 2.6013916295062183 2.144979763704912
138.26661484347292 1344.3056724741775 10.0 2.922843436072241 6.0615095055184485
736.6049429766038 5129.9606571270315 10.0 1.3094457382876559 2.308344204058362
842.0286840038052 7700.646027397265 10.0 1.7851725545913664 0.6086516237235046
573.7200628791105 5639.897384017477 10.0 1.8307201914827829 3.1968282238018917
256.8732058928309 6121.260069250203 10.0 2.489006782090398 5.701587057385474
170.03382830505097 381.41273247719874 10.0 1.3759443186158382 1.8883080156727454
190.3887208718743 7565.388343576374 10.0 1.9123421326098096 2.964958159811315
547.7296332963276 4735.208600407801 10.0 2.293604568072609 4.456700405759347
945.6664294013507 4077.398682047962 10.0 1.7407319015773983 1.1956842065160098
637.7668658374189 8901.478833087065 10.0 2.9688634915490484 4.550981212031
656.6512832105792 5890.678900577844 10.0 2.771738777405424 1.7453360694098878
285.6726523628557 2247.758752529223 10.0 0.028108758824671624 2.934942323333568
35.663345365675056 2872.957280405729 10.0 2.3335596599466935 6.249966750975481
843.3320698827799 4517.735278911706 10.0 1.3705304495766493 5.1803790021667435
943.245843683883 977.1184340600859 10.0 1.0151061783558328 4.68548890806511
881.9330955754011 5815.082805904706 10.0 0.06804025892096371 5.392230366799119
440.4961966563876 6861.574446746369 10.0 0.5574786002422609 2.678003093852972
811.2226270250915 9776.384962597986 10.0 1.3319135123148258 3.1141081338800918
234.03604144719193 6344.253903174053 10.0 0.6749136920105206 4.0560191320042325
440.22974609739276 6847.206008250923 10.0 0.7511896146958812 1.6024785463810673
673.7768635050638 4854.270702029783 10.0 0.21709003705882027 4.432381838445231
764.6127011907058 7075.374749275106 10.0 1.2888224043806182 0.06041155281549419
713.6371455974344 545.3380248239448 10.0 2.5868871396144453 2.909030412087928
515.7853561728392 4335.542414995435 10.0 0.2273392972040528 0.27579249293475433
495.36758364918285 3234.9863065799423 10.0 0.9803535545290722 2.8694008289014032
256.9799905241249 6399.0765620351885 10.0 0.5632771499362811 5.6973917749356655
465.64014563416004 4833.649457506369 10.0 1.4824443451903662 5.810007953907111
61.40213194004773 7763.356243667149 10.0 1.604098747414873 5.119356398177506
186.5580200912872 9427.683622045213 10.0 1.4658184801078675 3.7335362226720714
57.63413455174704 4654.528055284586 10.0 2.8465070219030904 3.830516661485104
249.7417313241792 3680.3760934195584 10.0 1.7466086952565265 2.329309161491203
377.44340008417146 4117.786429689103 10.0 2.5933962878040386 3.2928861272663403
954.148475306713 715.0124698700089 10.0 2.931177272022012 1.9236500240212488
291.15161983411895 1609.2404010523242 10.0 1.8264138920584387 1.6305278743850105
657.7806462574822 3144.0607882903937 10.0 0.005121912541423186 2.9835244542599604
565.7215084826506 4003.432073893571 10.0 2.6453532675506835 0.816164931220038
963.4394083620851 3408.536176597822 10.0 2.567563794238795 3.9966796564447575
330.7167594235968 7430.563875029922 10.0 0.7957771511862469 1.7305213890683864
148.68043744617944 2091.6100504598644 10.0 2.0849989151103263 5.104597321952772
987.2921024045775 1857.5025815555969 10.0 0.8660004749378637 1.256106390951217
500.1271431858657 7370.522403824934 10.0 3.103136351728712 1.019438295792362
945.3691112058684 6826.619065452221 10.0 1.838552181684597 0.854760676088092
462.29829549265844 1270.864869663122 10.0 0.5210957864818622 4.875628944741671
224.15453039482702 5266.528097102422 10.0 1.9975984948956063 6.233159668692001
761.1059542554732 887.2931748693824 10.0 2.5876280737979385 1.724267014014646
201.15694024456266 4788.789159965061 10.0 0.722577126492465 5.554443139513746
912.1800821845054 5234.733163963449 10.0 2.144083660865861 2.1262939059698334
44.85843199701656 8384.633587260052 10.0 0.6164304215888169 3.1895385795262454
774.1761944248447 894.1416232415567 10.0 0.4861819172748594 3.44642641386717
616.1971051085575 8935.775471148167 10.0 1.6358551997765802 5.360160657872616
57.22185098999588 2116.8867505666235 10.0 0.506472779135947 1.0294592297849399
874.0168872949037 4453.3757530731145 10.0 1.6675312281214256 0.10953466716749048
946.6589342790176 3551.807639806828 10.0 2.803709079745247 4.5157858379822455
69.64106270818193 3459.21478508294 10.0 3.0717265257700666 0.7404241950625549
252.23734636409324 6259.018742696303 10.0 1.5316339431787245 3.5574141368910026
265.7253608624243 2423.141653210906 10.0 0.36733497414798993 3.519356013318803
742.9166436291554 174.51800657564021 10.0 2.677826974213643 4.695732747426291
964.5472524106332 9670.859501540643 10.0 0.4160223040208743 1.0432546261961952
577.4319661526931 8689.665023314956 10.0 0.2840566653051332 5.122488432374641
880.8873714449413 2676.109858123504 10.0 1.5848502006702416 5.7399389572148785
990.7801908194973 3509.5881113946316 10.0 0.8430258594947513 3.0940831797550055
144.65961356544855 8151.320491285137 10.0 0.5238133271529544 1.8456128237410814
646.782881621311 454.58674095227747 10.0 1.5378261466951026 1.8268371586815406
468.4460007526163 6850.775103623414 10.0 1.7323462376512921 3.3838801301405077
316.88210769216994 9368.586957172336 10.0 1.5634146107106317 2.9707691407336867
65.09242270454763 7500.3724469727995 10.0 2.7326586016674277 1.4009344311932705
795.3253821634368 3798.7170313907527 10.0 0.8911148180469962 6.179800124114537
350.5219342698979 6768.033687177934 10.0 0.7097901125524312 6.255784916832011
210.89606805579396 8610.06345398269 10.0 1.3128054821111423 1.451155244048365
716.9213088558138 4688.821206108941 10.0 1.2902258607054655 2.777690327747525
145.34545213913674 6199.668761458705 10.0 0.2541152166247568 5.3093882876120935
911.4576093980324 7458.833406708337 10.0 1.4915348513918731 2.098512358446484
218.6826914165978 4473.836899772777 10.0 0.04726753296680899 4.985688767981379
805.680618333567 2011.934163647835 10.0 1.3423019836980654 4.8305677314094275
51.47882571306539 2252.8053065876084 10.0 2.7325428789148214 3.039568705203439
590.7677018985979 9293.384242099784 10.0 2.0676470057823613 5.99061646461483
764.3414708063602 266.8482969135566 10.0 2.0834268603289336 4.5824376377326494
683.7670172472216 5644.43250763765 10.0 2.9281007587115977 3.995419064463241
424.715901293693 8407.8739896046 10.0 1.0438764943338308 4.461678392532763
879.9957494723823 4211.932834159977 10.0 0.16022666076893066 2.757831269773772
101.16913018098661 2400.5755593316135 10.0 1.8701233709043432 1.9187030534237701
536.7491752659336 797.0472895670445 10.0 1.6775526435094927 3.7663875661739685
435.3132680823932 5557.2019572428135 10.0 1.8778353242152195 2.690224478788944
823.4771434416051 1057.0986003582238 10.0 2.860737657511733 5.451677898212014
891.5240314101087 3780.0095554838663 10.0 0.20651876283793125 1.5087055381808692
323.5839702234957 8474.635827640548 10.0 1.498188645059782 3.5808737574401923
94.6112412353608 4475.454717886923 10.0 2.9488899469398344 2.3605947569332772
523.0082724686476 5007.772604931963 10.0 1.9184396502813055 0.5589310024833666
915.596921430352 2544.194786971369 10.0 2.2119684866468012 3.484862799956582
970.7386994734163 8835.863434871726 10.0 3.1233032927463356 1.6698636789804302
215.75781542029205 9110.9559249436 10.0 2.8514172402486104 1.3288581240896813
146.42201947696486 6114.579257866577 10.0 1.0737210247866114 2.9950213415938856
409.08805681517146 1158.3310520076961 10.0 1.7600481403121284 0.1342534182688596
320.21972267727773 6154.44473504707 10.0 1.508117203901015 2.448840240082946
253.33873129402352 2728.5719076097516 10.0 1.3060004859634158 2.830288425771693
940.0693957073421 1936.899874173027 10.0 2.759348203195807 4.111482758855298
529.7902810781643 857.4373603406149 10.0 1.0714183927885674 4.464597944309229
331.5072156514084 381.9492604263819 10.0 3.0695168295642055 0.1749434679172303
521.913915671451 1904.1570002308383 10.0 0.7924477377525645 4.68953495445152
745.207527976336 9281.459658085192 10.0 2.8643178175918615 4.354595100688423
453.0786582068854 6441.579664248965 10.0 1.0628810269090292 0.844017862527625
37.39625133870539 312.169915569358 10.0 1.5083116628232185 4.843825616859696
293.45997501076135 3370.5613838827953 10.0 1.7155470286267218 0.1399601495468425
518.2937830700603 42.475802496984016 10.0 1.4142943923251547 1.769923857874683
596.3061930405913 6422.660691981227 10.0 1.7225330310027167 3.0685349027276247
753.7441557515428 3347.0515505735298 10.0 1.7494015266062606 0.37045952615205113
273.7192712062012 8715.20240875304 10.0 2.099133337710081 5.960106970946912
355.1863049447984 6143.369758377229 10.0 2.46509399018122 2.3262023014547215
472.1058098552615 3522.771064071887 10.0 1.5154448963892357 3.087422426754393
43.12402712705954 6864.185231659016 10.0 2.464462073068332 1.5583080105352989
957.4548867843857 1929.198130721871 10.0 0.23767021707117927 1.6883679036957147
519.2505996559961 8580.040917447543 10.0 1.6384195319507096 4.934667667015222
670.5986115076448 524.1045982620518 10.0 0.5322523117936748 2.023555375214145
932.3845300535312 6185.86247215304 10.0 1.5797990869009686 5.653334656138892
362.6120681000159 4808.062242580369 10.0 1.8761426160684433 2.9689340455209114
973.372547995241 5565.7020806521805 10.0 0.5697545782793184 2.0045528411616247
470.5083818854219 6470.435046309492 10.0 2.6682712209969464 0.966649825120944
884.1160465242173 4149.693372681911 10.0 1.207425216020951 4.987265585176377
643.3858261560372 5203.96345462289 10.0 2.0731309515810183 1.993648675262746
915.8775403614279 4777.280512216023 10.0 2.7153227287262864 4.959515677336821
579.1823838175533 8220.155529286794 10.0 2.695971104882398 4.94646525652202
22.02289334603691 7280.786211878876 10.0 1.003786176254999 1.0198406009070036
82.19485151043315 3129.5450777831534 10.0 3.0081230989057746 4.37602962283175
820.3559946364285 4703.376905192622 10.0 1.5136869490024396 3.6088143523573293
501.518236377972 2350.8810438966775 10.0 0.6423056494659546 5.52845001092025
110.20192627804037 3565.4910953110643 10.0 0.3764879995601103 4.072093206903646
960.5616464121063 9713.309503179751 10.0 0.18882175959946723 2.23623365640105
479.39496649262315 93.79112469326655 10.0 0.17189627065281496 0.7449031842391732
37.79734096919951 2415.612475182537 10.0 1.0594005148014487 1.7220909682737706
786.3274191409673 6826.703862829397 10.0 1.6850439492786489 3.0426926280479476
808.8988071106199 4006.56318222849 10.0 1.4610974240909318 6.019077921676713
552.2160980014543 6510.60779975709 10.0 1.8151244055508204 5.728515438579323
410.42423778769654 6550.464127290975 10.0 1.9009878639398055 5.794892565613161
548.741986929893 2700.735097218876 10.0 0.2984735761068814 2.49672379279316
535.2017618136063 2641.92560909447 10.0 1.8525664245729077 6.23981884023716
116.21988219125956 8980.845414646707 10.0 2.9865218037154593 2.7692014004731718
519.5724514644916 433.9529096411698 10.0 2.849716854557489 5.7176516026616815
997.4540223165392 1215.739242260232 10.0 0.7796631379503894 4.604789024703427
932.6476141145527 7343.399101734235 10.0 0.6435916071657091 0.24617252448940422
722.4359976852255 9750.667930993925 10.0 1.4928564485035425 3.8570604212201234
827.7364011979951 597.8505941114042 10.0 0.10861744122157907 0.47995344254510286
829.0412208581592 971.707928022264 10.0 1.077022566647819 1.9058784326163762
66.10020364967428 5288.003479347315 10.0 2.546242912936231 5.456760790817643
454.8800933990711 141.1579722200207 10.0 1.3171828815721405 0.9917032336355821
373.18975535860767 3089.598174667265 10.0 0.6434414510987007 4.603336392772166
85.46035137518382 9922.024597658452 10.0 2.8429027218738057 2.8851572468639297
37.521614951872785 7318.970346324958 10.0 1.4204199259158397 5.668907425830884
493.8166284176908 1505.6546249686676 10.0 0.4613736633849796 3.0624101146861906
412.349850585514 2486.283298006996 10.0 0.8980074589044699 6.144156832146007
156.7634428609872 7756.582894399414 10.0 2.3256808361637313 5.543668782320565
630.289650214041 9010.502719643078 10.0 1.5050087856127847 3.2233806999615657
682.9281619315278 288.65101467407504 10.0 0.9884205730876963 3.44144407372102
191.0485106517873 6260.179051590472 10.0 0.6683862500591332 0.7082707738372619
37.71991853719292 4886.466052026415 10.0 1.1054205186176667 3.782954253883035
332.421854557582 9584.095305833685 10.0 2.336646174879062 4.238485853282913
600.3907281542291 2186.2563491301644 10.0 1.9945968863390588 0.8126337266351021
344.7089894263243 9495.847312801441 10.0 0.2996466600097774 4.088159931028945
338.34532525503136 3030.190343563944 10.0 0.5447923224356666 4.613440447932589
238.7055499137577 3676.4172901799084 10.0 2.333961188972498 2.886953887504611
633.8555569919015 408.21982235754393 10.0 2.2150203229933663 0.9785948702134488
427.42923909828454 4958.8018163656525 10.0 1.6255148104735102 2.681796149997502
548.3360547457216 2401.509533453349 10.0 0.37560625857058494 2.7795220581017244
331.7342276951563 958.7589047333322 10.0 0.6269431885807378 5.5563303649866675
559.3369840017793 3041.5169003089295 10.0 1.267040059807507 2.7881819590306107
69.97143660881122 3515.7360809254847 10.0 1.6553718230567198 1.9144707140439818
55.41046650180992 498.78308992230336 10.0 2.9917530270203874 3.907522971086913
641.8501586962459 8608.039912508497 10.0 1.8438248746654105 3.786678992762463
124.00667630017004 4515.49865896527 10.0 1.1022451882685973 2.74169050011526
266.65774593828917 9906.312991021408 10.0 2.5705358250347503 6.15917736306911
417.5561366179822 7495.906145893398 10.0 3.0282012726992233 5.070351842258819
785.9933617840481 1629.378890267471 10.0 0.29353528528930406 5.941339543463878
132.8940328586492 6168.6021631658205 10.0 2.954706222324735 2.565845927096378
291.1722491939167 8866.516407009325 10.0 1.9015114436414602 2.412180763558191
389.18343375702824 3234.801878984066 10.0 1.495959340046624 5.025481074286759
385.4565812016385 6030.228301783492 10.0 1.663186829244412 5.088630976790775
539.4929156506967 916.6261330030811 10.0 1.3562447422592363 4.050615639068695
741.2692476632662 6603.565920500858 10.0 2.1561164801758737 1.1308451186819177
201.18544459269782 819.4775771965645 10.0 2.0615011008263378 3.2855469023388735
862.5468312780263 9846.069773648229 10.0 2.119983853787954 5.6166088042557964
40.274540285419434 7022.565266765898 10.0 1.9222693622022113 0.5726235225347448
212.38782107512543 2622.394084774359 10.0 0.6285761662454787 5.428422670116821
594.9038687498386 1811.6410375367475 10.0 0.46622904256468717 3.729531185444386
116.15284544273175 7017.67158527944 10.0 1.7865728764697455 4.908323388758754
673.1067272940384 5968.010745517115 10.0 1.6471216741922232 6.1458693464888
100.1724439019419 6903.68574762758 10.0 1.8010867852826271 6.015178051125877
110.00145693652274 8027.882140439 10.0 0.0726983463687732 0.7633790908787614
576.2191373502258 9119.91038478576 10.0 0.7535553925323688 2.334206326045438
919.5792532988169 9426.111629393554 10.0 2.394766055324256 5.760826860795638
31.900068485804955 7433.480157224285 10.0 0.5015696644422502 5.027436603591313
126.24047817810002 4938.414459096743 10.0 1.7013234273665243 1.4371254887426677
137.12598121022955 9942.15422496222 10.0 1.1911081364009135 1.0040683869256914
811.2356671428821 336.09751815734444 10.0 2.6069522980763273 6.0827001203873206
426.813414217644 3084.335617417362 10.0 0.22026420986428616 2.771115006377927
159.1676706385937 1667.3807034945942 10.0 0.7442887003470265 4.978715074577909
469.9758701174236 7920.208186015167 10.0 1.4225445349021897 5.420300878013116
539.7111015943599 3079.366126783126 10.0 0.21557399672764666 1.1548733928287251
685.3604106155778 6848.055872984595 10.0 2.1825121549582343 0.7868058150499789
909.7051768405407 2594.7205835318878 10.0 2.5522386773995254 5.7179618049658485
213.78607240095414 1419.82295754563 10.0 2.3801681259256635 5.607501945269857
70.77653511024008 7757.131827273362 10.0 2.046833920143821 0.7624068868630368
507.33995076460894 4419.981279515114 10.0 1.3060466888640092 5.52845578148907
567.6479028675294 5559.601314754958 10.0 1.1158761703899336 3.6926833950783915
545.5876212698629 1871.7654112156645 10.0 2.881475264238131 1.1256039144639103
262.28919818616816 3569.6371683585658 10.0 0.44730733500920633 5.216653161984464
838.9539029635978 3134.8388719878726 10.0 0.0383622740881737 4.38130158999581
869.0670854825988 1665.4092020762666 10.0 1.1530801647001683 0.9458634733874645
629.4303130713479 9758.452132673128 10.0 1.004464438747145 5.276239892744887
986.0493105566777 6296.926702530157 10.0 0.3841094656834126 5.100807703166909
948.7653880300975 6254.158261082096 10.0 0.804255836515358 5.125251602447508
407.62011931656303 1686.3055052300358 10.0 0.34933923784194976 5.5049900154749
444.2941984495927 8452.144795147815 10.0 3.1328497685626204 1.2280172938716145
753.5629629813495 4881.183194911782 10.0 1.200591179599969 2.8348020838665153
132.56324030666366 7605.24806730748 10.0 0.6254853298327127 3.7552282441895786
699.7666217745198 4075.3448723308406 10.0 2.4373348308016993 2.202863734553658
490.9070821174264 904.7090883524922 10.0 1.4012705313908844 3.9987372362837084
345.71134478257204 2110.6268845213203 10.0 0.5718039439000597 2.6524661511130896
547.1327790285079 1571.7359476921865 10.0 2.0497115154070693 3.1805861591308284
503.8907133088 9574.154031855178 10.0 2.9962097423514984 0.2956223472127634
877.4685453308739 4188.934743997213 10.0 2.7927016932903643 5.241481830462218
946.326145771551 4404.977425394571 10.0 0.2393831391489637 3.5484752856817763
672.9328378984312 3435.670054360266 10.0 1.1188157474166531 4.263787781322533
893.3295950147458 7424.175436911796 10.0 2.948394009754866 3.939936990229166
284.27999187769916 6891.419712654989 10.0 1.5031185866540793 5.038091604849014
279.6713039259209 5702.47664492546 10.0 2.530274389269907 4.619864209117733
905.678956011491 5071.1842346784715 10.0 1.0712788405781228 3.755856682843477
583.3084011975758 8179.4720620046655 10.0 1.0593017877519721 2.918757497001093
307.2809783502594 4357.015288229135 10.0 2.9583633385678185 1.8947350689708171
251.83089765328248 448.4753231724359 10.0 2.3716924732472466 0.8109546897213405
776.8329014927529 989.7243652692933 10.0 3.083936317635194 2.2702023346617137
11.781200250465474 8121.095214933759 10.0 1.5682144846333292 5.6067497251929055
680.4919404613811 6784.834638713892 10.0 0.523043127284238 0.6298288189986834
596.0033391028595 685.5828755439375 10.0 1.5058502102654054 3.6192213460131737
302.9985054963876 9736.83857660499 10.0 0.7566462579407931 0.3036646624748782
674.1783748118438 273.0148422929779 10.0 0.8220354115400865 4.21968800524777
877.3630546329364 5175.823774672867 10.0 0.7200375822962263 3.5967919454980453
21.701846173531326 2245.377778194593 10.0 2.492956565041414 1.9390888917227975
964.2235159934694 5640.529058502677 10.0 1.9018149533431574 4.295930670914509
212.06012043158307 7019.611956036214 10.0 1.6066007414514325 1.153096123411139
591.0292423077001 131.89443389461707 10.0 1.1420378252726744 0.9495954365824738
367.861081459534 5041.682386916629 10.0 2.92283563651749 4.41533393209901
811.207955636213 5911.166117072678 10.0 0.6697614117269608 1.8866157838309894
755.6763086152421 9324.734000675404 10.0 0.1976767210323905 5.303953115284156
593.471756568743 8506.62029783572 10.0 1.1657316207114437 0.7918122434729256
259.85014439834407 2465.3984987419853 10.0 0.8307421048458331 3.0848634037262377
201.4186335213637 8092.966345765337 10.0 2.111680194376052 3.759383425903897
20.43257268533283 7552.31204352348 10.0 1.1095140348095385 1.51705610217637
473.5855985577213 2907.494975229384 10.0 3.05713210415901 1.8197957003655132
770.3917303562307 4880.907158028041 10.0 0.3217974212933225 5.961727232183473
664.109788500997 2867.0308126969235 10.0 0.22003538007398316 4.418248267297641
657.2625196020609 8888.541948650607 10.0 1.421494551469485 3.11178225007308
754.1535609041855 9049.753317481545 10.0 1.8972549549430409 5.849358606704762
584.3875386078608 2224.0292052540444 10.0 0.1252881528098838 3.4768775921812387
394.25019931685523 7205.948405155263 10.0 2.1233687729944073 3.2677318407023823
356.9064179208288 6365.626032780813 10.0 2.8023360183127037 2.1352827744723655
887.7262052619135 5961.753756174439 10.0 0.4564589445332916 4.252506357022504
167.65007077099204 701.5499212895393 10.0 1.2071415060026798 3.8611618237805554
875.3564113809323 2879.959339396091 10.0 2.616945272964873 1.173869211529478
208.09592230224627 4487.079002925113 10.0 2.5371671922262644 2.6960782212521557
631.4084072516187 4041.9254624737778 10.0 0.3227639405492343 4.277671856703356
439.5404248154777 8592.304861408338 10.0 0.45385523804336136 2.383063261864527
131.23222176334048 5314.682784537841 10.0 1.7062201636243441 0.7804010048900031
809.645154949615 6454.5946739782585 10.0 2.8273819281482115 2.28956750182961
300.55182060952103 5967.275187538904 10.0 2.2708691120738007 4.147262226703146
449.51261363781026 6149.829337739648 10.0 0.2730123742716173 0.6801192383926331
106.61438513455168 7800.40658889811 10.0 0.7604784283432082 1.1553721263862764
636.4480918198201 7996.477415086832 10.0 2.234957808855368 5.938454436139265
401.35386403881 5453.458924836538 10.0 1.7347046994061244 1.755522174267858
557.5639090122999 4606.569538499581 10.0 1.1236574718884755 3.927383867284477
676.7247567288559 6052.938438219542 10.0 0.8385904106619883 2.4761008659857793
159.38203754079572 2797.633928946103 10.0 2.257960048758667 0.8914610985583299
142.36280608090425 8866.41548863169 10.0 2.9454614309426184 2.409192733563309
618.5916207008232 9279.656550601761 10.0 0.5384800104567987 5.2677153984241505
785.728373140133 8126.021351511576 10.0 1.6160879839943372 5.044554789334837
219.11746470704207 4531.12841876374 10.0 2.3336954334550093 1.8360683613128668
324.8891342710235 4685.561636126702 10.0 3.0404128375392476 3.6198175032876927
670.6559158403691 1778.242317071541 10.0 0.20860027632960304 4.627775369896288
214.0980744469664 4675.310459769991 10.0 2.484357814862798 5.7747266786757905
153.83409089332767 491.30106838452537 10.0 0.5482739938376723 0.1208763188556557
112.32321602865392 5818.549999847113 10.0 1.1204003807415823 4.071585670166733
627.1491330937995 6312.3996899321955 10.0 0.7106065459735695 2.229482463997608
474.8851982805242 4573.912185161368 10.0 1.109562388182292 1.5767880628166187
180.84321573831585 1828.4469298496685 10.0 1.623376028928085 2.3415483930242367
178.35912462303617 9767.591543907914 10.0 2.4108526135876436 2.2071942673119525
472.8711519795684 5103.582629755403 10.0 1.1546020628172073 1.3544373072688403
338.89663640784727 879.4869382595239 10.0 0.44686277786866113 2.779612287542136
532.1162212405694 5385.060061268096 10.0 2.3350934959051854 4.352300918801009
734.124831379351 1647.3372542479337 10.0 0.24757697692459857 0.13969026702846496
464.01107815072095 7896.650798706919 10.0 2.1824664873164186 4.653356491439538
488.77800796138604 2152.912874642343 10.0 0.6479991737096858 3.1845938411620436
843.7194662349315 2133.637625087498 10.0 3.0595323427012446 4.375494234297076
934.2185182564465 5054.32435274459 10.0 0.2899762747859584 3.4655165602781732
832.0352669749141 573.4557903726478 10.0 1.320757134759463 0.8589227403755898
802.0032100851085 4128.5134675638365 10.0 2.565765573084056 4.14013455801116
299.1552397731545 7216.0477465612275 10.0 3.0336747022283763 1.802251802401606
161.65125666526126 5787.985172563885 10.0 0.5678887420202903 1.270798788916308
491.48135013933194 7867.990262963801 10.0 1.10860180441789 1.592311500795374
762.7701895349841 6735.847183067853 10.0 2.4350273956822726 1.5306099798647468
26.609227894196508 6584.460163835587 10.0 2.8934460140060003 3.675254862517546
691.6958513622727 3423.216981112053 10.0 1.1894817084874747 4.87068763835113
251.6588836786856 5183.098858314057 10.0 0.15545381017451956 5.741281262580033
502.8028830797806 1473.059332049288 10.0 1.2922265252392142 1.6532625837355093
250.1039498917984 5243.838552070408 10.0 0.3518200150017462 4.296193095202317
234.6419462755146 5734.516550385026 10.0 1.2986965149254912 3.910088068540297
32.25582021417339 4508.752918325484 10.0 0.11543149015407433 1.3655688458524047
971.0595725713351 4131.796322780195 10.0 2.4298356844112687 0.009574886705413193
694.5586185647596 2095.995341156779 10.0 2.5789065250159346 3.93131856994064
857.4574891207127 971.6746318382797 10.0 0.5610047667720782 0.047001331350497076
582.8516324178473 9441.886093136787 10.0 1.8747046632499103 1.9879992014635872
732.3472151000408 7873.682984453032 10.0 1.5981525978041489 1.550940125125116
744.7551934819143 6385.210591653861 10.0 0.30615079944845874 0.6416557058223518
784.356279136058 2987.03532766608 10.0 0.46508668808298487 1.9795515446446472
206.33636499606888 4307.793746740325 10.0 1.947502952091725 1.032379529089537
894.8423964360641 1658.3627382236677 10.0 2.941154675835495 3.8388121554609076
858.2107241193546 745.4103840906323 10.0 2.6148124991726998 2.361757470292491
576.2718438047735 4214.315962647591 10.0 0.7280435080230191 3.807843478876668
986.236218689082 2383.094446414343 10.0 0.07631915990413587 4.629403935471318
666.5181701488124 9023.098306074118 10.0 2.5469523984699487 2.809597663357812
731.9558860123553 5848.9113526492565 10.0 2.0326296918939097 5.8199335944013955
189.23763711489894 1498.9912563559205 10.0 1.7997164588058363 0.13773017822372033
17.945092591995948 8220.253610476242 10.0 0.7575493002534059 1.418900110712522
40.47743060516318 2213.937055314372 10.0 0.8738962010724546 5.436324931860811
723.2198514830272 1656.7245832017884 10.0 0.3147631260019272 1.9902093970390933
411.67329858596736 9780.238442968854 10.0 2.4705399934600414 3.3689673412577488
143.86258398608166 9073.669984909131 10.0 0.838586545593449 4.436899365005616
109.19230575639493 6668.438669043315 10.0 1.640837513539013 2.163201284295826
24.021219272222673 270.4235695659374 10.0 2.2320365831584446 4.934425326553535
180.57741264683312 8624.445946384483 10.0 0.43690933596126386 3.4774972730733986
692.4382147123786 427.3247253442403 10.0 2.4562782709711617 4.866308952725236
507.6499943969128 849.963130911967 10.0 1.8939317861617877 2.785614944551856
89.66548736342705 5385.574812369619 10.0 0.92841935847005 0.36191585940584226
276.6263287803935 6610.284344043027 10.0 0.5364523037891779 5.380344406631362
721.1217872300672 623.9924138469555 10.0 2.622059336641921 4.155592221489168
485.40474242096553 6433.524463112913 10.0 3.0951148114460105 0.6870989424981856
821.1484953039329 3346.7300919487807 10.0 0.400843479251543 5.543923510350349
898.1792137985581 8565.33909791419 10.0 0.8080748427060722 2.511454339364449
263.2201907345726 9596.015873151608 10.0 1.8652625500909057 1.9833481988433848
107.53605493489937 3843.2035865791527 10.0 0.8207503246753144 0.5217399985632901
1.4663352121968565 803.9816818772339 10.0 1.2739287477464796 4.963296360169159
614.1895523143043 654.3064682604005 10.0 1.9298734465220269 2.8474031166539837
78.66023265230405 6697.64142558376 10.0 2.0894766367110535 6.042231894685801
84.51327088482252 8141.126785397516 10.0 1.7651361139816892 5.669475802093226
485.8313663929277 3971.080130599447 10.0 1.7058943218164644 3.602104316829467
196.02271543120776 8318.75253567009 10.0 0.765007298461911 3.7104209258083727
408.6578605904798 2638.9186944893127 10.0 1.4959324870646398 3.951958693106354
730.9662543305167 268.00523058246426 10.0 0.5046256280652472 0.021798421762493546
645.7945198244242 4485.114387648878 10.0 2.430082429001473 6.2300226624066575
828.1798286184452 2068.4331706926673 10.0 1.0022514753922303 0.1717303962535181
234.29361827984695 521.1617444207739 10.0 0.7110853474899113 0.973947078356705
553.3624035312741 8635.235488704486 10.0 2.416164342651014 2.6376817326236797
567.2738552652562 6867.754646980885 10.0 1.7949272962038176 1.233297680676556
197.92790151836948 6124.177856801602 10.0 1.6213243792166998 5.064052288394497
538.9943429608727 973.9731247026228 10.0 2.83963310183533 1.005488779683447
966.5899852942416 6068.565709238846 10.0 0.07325561521526941 3.6325801013643306
502.48945293667714 2588.0570878563503 10.0 1.2227217539896196 2.391371770258819
963.8362271372341 4912.334758982414 10.0 2.452897120585857 2.063459563041106
74.92109676283098 6393.829847800281 10.0 2.730581500089914 3.110075729121815
639.4474891114625 7103.322051710869 10.0 2.0795269801355274 4.353577155966753
75.8043939116092 5726.832077897939 10.0 0.6668289628871712 0.9463111243624281
103.2190280673282 2410.7802416952372 10.0 0.1297470419338937 4.6281806006138915
133.26329482287846 9284.232569091404 10.0 1.5846721544792592 4.15910694818822
969.0395002745228 631.1981093525698 10.0 2.813355551817784 1.619458229983596
743.4720899805199 5242.5739756738285 10.0 1.3460991138996328 0.7526336566668974
638.4842230806497 9346.488291357771 10.0 1.132593146016152 4.0244524335090865
818.4392462119578 9697.418042545285 10.0 1.3500795216882737 4.443381914054386
184.07865238254206 2898.6071057532026 10.0 1.4685007933372072 0.8487107030894492
7.289881037804702 8838.953948419266 10.0 1.6193237173508952 1.4190511496295792
242.38872387605105 3244.665282272474 10.0 0.09433476274914317 4.359766925825009
326.202787292563 6777.630456467832 10.0 2.4683220306076636 0.5464175585745253
577.0938902115079 5856.596789997951 10.0 2.846501030163539 4.668373709505338
882.1588031311289 3433.8751343436425 10.0 0.13689538089294478 1.698759607027151
222.1996286805068 6329.444200039323 10.0 0.3317131162026797 3.2518357607579724
725.6562235752053 9405.961260561087 10.0 0.257998398626165 0.03710813646665564
365.54497588973055 5862.325614684417 10.0 1.4716317444544222 5.27807348408656
117.54975814172464 7230.09007501732 10.0 1.557282855735499 1.137125256465566
382.76203541081856 6276.144357424411 10.0 2.7769690643645983 2.9562792063420154
745.1694981171892 946.7448928160538 10.0 0.35670079963494644 4.574652336674416
681.8432309288355 7732.103400566579 10.0 0.8647028190866735 2.560392780762276
672.8756455113901 8387.381982460121 10.0 1.2663772684086003 3.118363021838937
268.47275168944276 4815.090865737346 10.0 2.5794044559431146 4.8291471235905465
62.20571312357315 3095.5224016736493 10.0 1.3848271528136147 2.2664529294041267
192.27850665971314 9145.992390006888 10.0 0.4314534048523304 0.813683389145508
946.770104216703 5296.305296077329 10.0 0.9359882520696797 3.603240874038522
284.1605350137899 9186.999449652872 10.0 1.2308289488415005 2.8322359999360263
597.0526992765089 3828.564544297637 10.0 2.9507556639347308 3.8365072488706167
844.8525246344593 403.9723400210005 10.0 1.801823967471791 6.098470839389237
260.2722316910946 3453.493352552793 10.0 3.0852109356499215 0.11533107512129517
194.87242349474045 1449.9208685296794 10.0 1.2281700127794823 4.355536311596235
310.46108727837316 4453.95801174409 10.0 2.869066360377806 0.0821764729646323
246.01832622398234 4533.667345235147 10.0 1.6333807557893942 2.2063030478537207
93.91764477323783 3938.5238554734347 10.0 1.9234233621771057 5.267844439415218
504.5663136265698 637.750085126989 10.0 0.552004891571104 6.100177731087153
5.188367518635939 764.2548555331607 10.0 0.8705697529504854 0.8405563645586986
166.32595807114924 2749.6358063664748 10.0 0.724024749382931 2.6404157734425295
578.7358901323266 8492.350712852814 10.0 0.3200450369184362 5.140787801929059
213.71000115512095 2770.296679946059 10.0 1.0981816768733244 3.5616904389758006
631.4494519545211 3290.6834019896246 10.0 0.9501602181216959 1.5264128659281933
674.9745945651465 264.22183059279456 10.0 2.730446757653091 5.820616549686369
741.15385399296 6197.295611537033 10.0 1.0647769550642627 3.880112748019476
455.78609644835467 3714.9180758185075 10.0 1.2173998694695456 5.83924739360367
596.2732390165633 1658.9228150205815 10.0 1.356920117389437 6.046978675106586
403.2707471597675 7449.970224480138 10.0 0.9215318052440993 1.1672449477913402
1.8057448543367105 6758.603724335526 10.0 2.2634546522370234 0.5808172168837566
512.7035817790829 9899.7157962589 10.0 2.2078798179569823 2.36381286907469
576.7656658267972 8046.438699627088 10.0 2.0716051671732165 2.421054125165859
436.9927020966567 1353.603663857791 10.0 1.6614003622453848 4.073057552653465
428.2490010032478 5387.561389208368 10.0 1.5819012218281285 2.1265558152463626
709.1152729124019 1878.2933419712676 10.0 2.0575839240517286 4.067310236562473
337.2788230464875 4741.383098911009 10.0 3.067973152617547 1.0581555697585192
337.661357896867 2561.5616681117804 10.0 1.3698793903564408 3.5241126055135092
241.58672631789736 4286.176133039131 10.0 1.4838013569575694 6.012315596962705
685.6418928029857 5746.076952108266 10.0 3.1395272870582107 5.054770039744702
50.48643782720175 803.0549357693573 10.0 1.211937361807402 0.6092272173734617
792.7171869492445 2417.1033905535687 10.0 0.21260985932568374 1.4404321504936646
76.9961700748093 5733.419412522308 10.0 1.3254266436927808 0.27404416314419755
551.001989992435 7408.199324788771 10.0 0.8734543864563377 6.151126699197633
622.365538600713 2823.924103025779 10.0 3.0773051543736245 3.9110287339731844
394.6034776578375 5588.971319137538 10.0 0.6845115983313916 2.3647757844788035
498.1636307384345 1773.0315506246775 10.0 3.0107517910487265 2.516380670908394
413.04846911648576 4698.945179286848 10.0 2.0485687524822813 2.9332923802945685
521.084383664118 4793.218233423724 10.0 1.8418223419028403 5.484383631855469
48.755909302390045 2991.6192402885154 10.0 2.082179044261622 0.6234125840660627
265.62543355616697 5502.889986207684 10.0 0.36183076943204007 2.9500049441924654
788.7111747285313 2352.759330444306 10.0 2.1214798656315073 4.220953047793269
609.7967206153961 2062.072074975465 10.0 1.5157281619275471 3.993363321699136
510.4981690392785 57.00096406647592 10.0 1.860783321385164 5.799597906478887
859.0152576302537 8965.938527130866 10.0 0.8991188243241989 3.075756883301013
392.845699802812 4826.817796847522 10.0 1.5999809581114313 2.4862705078076184
483.34210096792697 4410.237609021852 10.0 2.1090244400252467 5.107886561598455
550.8440804294695 5357.922865406443 10.0 2.3046836000112605 2.847197074661924
753.2177901148536 2642.681257620806 10.0 3.062720469287241 2.3606712204010667
805.9886200829477 1975.1611232046407 10.0 0.2516005743290154 6.138234202260499
808.8527044293846 3214.358561787264 10.0 0.715328575532927 5.344957793531529
251.20578900808144 4582.958527800084 10.0 2.091395509211135 0.7824947084954347
948.4284020644454 1545.236555051448 10.0 2.7019913091926377 5.162557951328822
521.0188040985267 2574.3899914289645 10.0 2.12365035519241 4.876362788301881
170.26618855726662 7717.807893819454 10.0 0.6583298170168045 4.012433562535672
927.0083252705149 4862.925563924775 10.0 2.5940471638046922 3.449781355725719
254.11933022131683 2912.9551649435048 10.0 2.1299555061794715 0.7792408400900258
868.7250745212327 700.9234929575714 10.0 1.5296394691042232 3.2022402156271608
916.7449139683489 5402.08491455304 10.0 1.997311342204159 2.4146114452147245
180.21023960135008 4448.924985749178 10.0 2.218784945812199 6.0332722290854
826.9119102567258 509.6013656074594 10.0 1.3221867102283327 1.4454523192285256
322.2800196948319 9959.820285822563 10.0 1.8383343100311724 5.849957697552994
515.0013439363884 1459.7782059784981 10.0 0.0952748318429909 6.027607611143397
580.730733829102 2741.943347632755 10.0 2.3390739657010715 1.607397075510157
462.35518184069434 522.0935716456864 10.0 1.1052830145543064 3.1889044735855614
680.620260812827 565.1613698762559 10.0 2.6628135725188917 2.2593521755249593
905.5298344449122 2369.088171434789 10.0 0.10364994388473871 1.3701854366035722
476.78282002025776 5674.017885936625 10.0 1.2649486526046725 0.8670533160945177
140.61076868288902 4060.8111563420266 10.0 1.0561765049220138 4.634016232673717
630.7326159502328 4271.996342815459 10.0 1.0026130467513925 3.4991156858828494
362.7444496166423 8569.915095484297 10.0 1.810495140717981 4.959410287552255
434.1129311956905 1440.9626434890056 10.0 2.9507503034189813 5.347560400112412
326.04374297194494 1261.4620540149879 10.0 3.1078504030790737 5.213484598311393
188.8469432604346 2159.8515723829005 10.0 1.626570427663125 2.8344765040084283
359.0231974003294 1241.5063818765404 10.0 0.4052826677111395 5.280348421375533
804.1464996817089 1586.6586336432854 10.0 1.171444521019127 0.1077639541042255
520.7201969195507 1988.5121109100257 10.0 0.4411135455429161 4.778844316255669
520.5348810261689 267.80065727487033 10.0 0.5680547856678392 1.3111233031181035
932.6585290528018 8181.669749629028 10.0 1.5894725500104374 1.9733315076841345
921.0401363950946 2438.9057342487517 10.0 0.42857385878869847 0.4338062471554923
571.8105602843982 8140.177749252874 10.0 0.3571164792542906 1.468427130127421
639.7150284570087 8081.098294342116 10.0 2.9936376078520404 0.9659971171740851
59.71394595403745 3787.5453091736845 10.0 2.33818814277003 0.8671187141978907
427.6398075650999 1896.8372801094324 10.0 2.9000123934995345 4.908709423981429
232.89963990205354 2554.9827640277367 10.0 1.0199978417390314 3.540680655454533
486.5643064630312 4869.375540427273 10.0 1.6177783077464847 0.2224731530178389
529.7869894267416 8137.943149585571 10.0 1.71564359307933 5.698660339439233
230.3452845638856 6569.897130413642 10.0 0.7034292963000148 2.5026269267382513
479.20250950282104 9519.873813556555 10.0 2.1802728730836805 1.7657743375425556
884.3355803610592 8876.398927530412 10.0 2.057321217720755 0.8947087740269709
825.6783676912692 177.2424880861867 10.0 2.4744147862415278 3.37786991732553
582.8810084064327 4268.378838605216 10.0 0.17699996381272629 5.409428052918686
