1000 10000 10.0 20
500
848.919614227393 2741.1132307619337 10.0 0.2543609935046208 3.836152556680202
934.038784703565 5821.603572042482 10.0 1.9526977888213903 2.9592205768624815
780.4888809180708 568.2957250355114 10.0 1.9753067844922572 2.8754407966674935
499.1742503190598 6611.44229855457 10.0 1.8859034718020544 1.5287728730458863
78.80035770278305 9228.461812094058 10.0 1.845691790135081 0.46722475559751797
585.294088307703 768.4270847227259 10.0 0.02872500321284259 3.212955883780977
32.15393335136696 2358.623611395677 10.0 1.9998517043268789 2.4452089754644106
234.9928643590745 4350.511667551371 10.0 1.9796383050532518 3.871801616462647
42.63886299880548 2019.0692373628472 10.0 1.890810599466419 5.522135801840771
697.5084849441793 6398.636946603368 10.0 1.7442317557447793 4.991595458676102
719.5718655766159 8820.01803375561 10.0 0.6597333134667802 3.549871367383145
631.0775894704321 1707.7368581441176 10.0 2.070737304954838 4.551655357500955
43.308864649457156 7502.992013658084 10.0 1.643938160994737 0.894477709497452
111.99265510802626 2196.9871265753713 10.0 2.4218260275952974 0.31980893988647147
134.5863742848662 9890.958236101738 10.0 0.4807112182322035 3.105684100804911
110.51682522882189 43.35961492997531 10.0 2.406054764390932 1.6741175455542683
414.5490568499681 9621.31059667019 10.0 1.8814131793202828 0.6132670739371816
343.81317647875767 8242.545033451604 10.0 0.16270687516178012 3.636902365836045
190.619551220617 5575.748817847005 10.0 0.9800256906784232 0.4527500743420352
666.0441150499571 6761.306057478436 10.0 0.5366904447947721 4.041625038922064
953.3667034160397 3421.1215518293425 10.0 1.0341662552263218 5.514005397393895
405.7976395252734 4945.323837172283 10.0 1.5416642955459174 1.8107124267501882
919.5287079263735 7175.292648167613 10.0 1.8119215602988135 5.739949785369004
310.9964216317651 3346.6006208643516 10.0 0.6515911329134676 3.857805387720547
606.3473140979117 5212.093848169502 10.0 0.5973992122927461 3.2910252896837835
11.446032493915293 634.4794629023876 10.0 0.4144631918949859 0.5836679262456641
472.36916625919224 7619.428546364002 10.0 1.4094038448564363 1.0141764614786835
159.17864570269535 3754.345004369095 10.0 3.0921210436706077 3.4526823055201437
909.8708566358372 4324.585783144426 10.0 0.5387095455065769 4.5063477197859845
656.7483585267714 1998.068011190115 10.0 0.5234475253643966 0.9466101063910567
124.06357347276453 5900.829481415128 10.0 2.117800461209442 1.6687305412776567
633.6343806255679 8150.25549733308 10.0 0.7511378054058495 4.922360643510773
684.2339904669038 1469.324848075686 10.0 1.9834195163931472 4.599305523294733
80.90847745964724 2374.367552994099 10.0 1.7907504189136156 2.8297416164121505
781.9772426761358 610.4638984292476 10.0 1.3997793698829075 1.4809791428637127
304.3228209005713 7002.766654280913 10.0 2.7769263928585834 3.5238973768374886
481.67864245816673 8698.651800831376 10.0 3.039943210987484 0.7022324778716571
605.9743287618977 2894.7599037368263 10.0 2.1353905654152134 1.5531872294100986
498.3999284509945 7574.620097485409 10.0 2.0985425245394675 5.44280510992409
854.7021449423803 526.695135337254 10.0 2.329785945239741 0.5333199517069462
288.3268576108684 5969.324102858134 10.0 1.9023589933404286 3.571957668932292
855.3742003419918 1478.178113331332 10.0 0.677086898808587 5.3114979891717145
486.9337321537256 6593.492100243713 10.0 2.4892897438442363 2.728989091012426
677.2189772506179 8478.467064694674 10.0 3.0594008338787195 1.0092741613649243
980.0218129770356 9306.88460652513 10.0 2.5177967591132533 3.79640032120584
351.3593933960983 4677.113637210857 10.0 0.7559957398573055 1.4354702356157214
142.7872337597772 2281.3293140043425 10.0 2.247266641011967 2.325639405967565
597.7040715346949 5302.907044488351 10.0 2.201235463384518 5.887079090393894
32.075181052968475 5571.591841995552 10.0 2.398290105002724 2.232008861265138
491.35315663982306 7375.18743519245 10.0 1.7727955905919552 0.2365754504403718
566.9760663171767 4008.1472365005297 10.0 0.7704526687872683 2.513369638331493
228.6743712552194 5631.5905377111385 10.0 0.9777866460439156 1.5447811723465061
982.9206116816257 8825.911978131375 10.0 1.8469992197934166 0.9994844423348606
403.20574836206566 5336.2837315757715 10.0 0.2694728790731515 2.4959639399421927
94.4294040179745 9943.001660117061 10.0 1.9940553549644406 4.160967718863343
451.54129111978403 5132.758949616769 10.0 3.034786339258556 0.24828354844916775
151.67366774002744 3303.574767111409 10.0 1.6120832962193945 2.1616824334817695
179.3558125655116 5605.244722843594 10.0 1.821603459834815 0.5537822814057594
326.0031610997398 198.82540695884353 10.0 2.134867067078013 1.8561112897109828
527.7251375767424 1712.7958429892421 10.0 2.4831500195147993 2.6702515088738097
109.59777502742607 7980.190269012971 10.0 3.105388679181945 4.658909652400171
989.8980319408541 9760.130032760082 10.0 1.3306307084204438 3.574029147030938
164.3989106498873 4078.826626194052 10.0 2.776983795544904 6.280203196305448
338.67594397845954 2069.2667459700156 10.0 0.816579775619649 5.004906898005837
405.4766557408198 7745.4304541765 10.0 0.19037857979255132 2.6432132255055047
574.5570055206863 5016.036817047533 10.0 2.4019733475345397 2.1619458454979146
353.98954404237935 6424.450963351846 10.0 0.6042005502237763 0.43795461162773536
254.80038513790782 8595.521434855906 10.0 0.8685430326842036 3.5548223820620475
44.89273144774797 6176.770244429283 10.0 1.809212408080064 0.9196235474575856
613.5673435624776 8180.483870402857 10.0 1.9815371668838635 1.1392421104465216
24.550858893515382 8064.904546836612 10.0 2.4737696648802054 2.529314595902689
133.2951363570577 1636.8581703270424 10.0 1.3705713172376026 6.214493212134252
223.41209905339653 4914.794028138589 10.0 2.196769989399785 0.3704596169180899
477.4601212216705 7460.355638034437 10.0 1.5116856262077754 4.238226659191978
738.8994555164209 5368.24144244321 10.0 1.4288719789862943 6.127478026020837
944.8862820462924 2098.2511537035984 10.0 3.1074541234564963 3.7267974746391355
813.6755209684702 4640.062508193572 10.0 0.7833810401652425 0.48658931437850766
855.7553855410889 7120.413060759357 10.0 2.1951705076040597 4.121920769199881
544.4370387317845 3894.01177607715 10.0 0.04359926848775818 1.8664984507887161
529.4750794086506 9403.63963860935 10.0 3.107382674299624 4.384900759169269
106.39569024814988 2651.543384688847 10.0 1.1004255950460218 3.297680839162439
764.561140439757 9993.362238458467 10.0 1.645780503205759 6.004485805385747
528.6007897587135 1147.4737284293146 10.0 0.9898354228455857 2.098686114886177
980.6900548371539 9806.780262664013 10.0 0.4289881751839904 3.3743082722855418
305.26089736200777 2046.6034136181333 10.0 2.8259726310726907 2.993479275663933
433.0784148203517 2841.488585987282 10.0 2.9212831727010844 0.04896478340968882
378.22000935138686 3435.3667939020593 10.0 0.9543512994676606 2.5483493116554614
159.3451126502573 53.66133260563677 10.0 2.5497008109922215 2.993990847978333
275.74482292339655 7502.5645982927845 10.0 1.1076235723292982 2.076816483746081
569.0126745656139 9569.852830758242 10.0 2.951936401515927 5.064450850394234
442.7792035448577 1823.2492095130938 10.0 2.043281015918538 3.483987826572741
835.8041404531565 1396.4804784533724 10.0 2.5102986921408252 5.21677043440112
47.822478730055074 2659.820564677493 10.0 1.0165418644808353 0.6412772829248644
502.8914219615231 7291.049075511755 10.0 2.776071423675712 4.431901194380202
801.5871277222667 2194.395902992664 10.0 1.404070503547328 5.58594080361488
961.2517311453457 8959.183218019032 10.0 0.6430747410501122 4.863296551702362
572.5927367001854 4106.517665497329 10.0 1.5795760081311665 5.897412061878804
711.2880794047854 241.52529880502428 10.0 0.3128379989196463 3.5948614521634914
834.8522732912062 4410.260312835301 10.0 1.4764003397370373 2.5006357839282085
567.8701780366159 1454.5659335403004 10.0 0.1977864153317166 5.38076543258057
232.80669319536196 6964.79775837807 10.0 1.2257541564490235 2.2572342247438777
218.9520903394071 6549.466963770947 10.0 1.800428126397493 4.91157574469394
798.6645809023958 5572.498217660997 10.0 1.602173401535054 4.638958621234201
797.922720719753 6252.939907674337 10.0 0.42733281851681226 3.8193032235326796
607.3025914365887 7078.602583514022 10.0 1.0852058198657053 4.499119475199021
379.84542368687136 2854.243064594808 10.0 0.06349906599017557 3.541042202354969
903.883387661253 2386.554543461263 10.0 0.8396986030688227 3.112556430413858
561.743093854 4802.358728531766 10.0 1.2703274268470208 4.696276146110878
989.3468922315739 4803.041901531689 10.0 1.42812101866582 2.3759502475868572
537.0849527786936 1777.413940156528 10.0 2.8620011512305674 1.2214202498265034
398.9315561782906 7626.811733119782 10.0 0.9864961248954723 2.6133737240402977
324.6311925947677 3400.4073501174994 10.0 2.3518051286958213 3.0582666850346336
158.8815004638009 5395.323826927387 10.0 2.2393222243363455 0.8700317475433722
61.79164011393124 7245.30256847199 10.0 2.9364639151966663 3.383270507856854
156.49598662402164 5703.301838876007 10.0 1.9567416820767938 0.7143079191639656
522.6551452422375 4317.554670823547 10.0 1.0144539379998199 2.7141606390894046
908.6774230148786 1007.2474315845914 10.0 0.07446673009217074 2.156737469634636
270.8453731016548 2663.1271812650916 10.0 1.2762794743412258 2.739219825093169
264.13422121572415 2329.979282993685 10.0 0.5089258740455332 4.697169342732707
107.35957704201915 2272.0674693054452 10.0 0.37594480321665696 3.665900760641091
824.394537745205 9279.257543865217 10.0 1.6182311605579103 1.5335160203932596
723.5465758260508 6940.697806373704 10.0 0.35877810760191386 2.7571271595709157
118.78747641219644 3294.5588314884376 10.0 0.17770830748228186 1.084947412472157
719.3800576872827 1256.4884544571319 10.0 0.7088224946501586 5.86079496189139
818.5476746986202 3536.063009873538 10.0 2.1082013259430035 0.45585138539720493
397.18366551158147 3369.673981274751 10.0 0.34581858919785835 2.4769338296773755
525.199782441534 7329.913491002207 10.0 2.564837710907964 0.40049325310527145
990.9638591822354 6715.6746296881365 10.0 0.8464949618091495 0.9910471249143971
918.3788977723408 9583.81610721275 10.0 2.451892088300962 2.1226585276109344
241.5070167898753 6352.386096419963 10.0 2.9502830747314004 2.3614573824608023
298.2434015252844 8087.03583059743 10.0 0.4094896105315944 3.2135814840004593
477.3969719128769 8076.400069322444 10.0 1.7613394566053806 5.747584175286247
807.6361284132047 4108.856165972238 10.0 0.6342502053576278 5.3190754783358365
612.109083591059 982.2182077139796 10.0 2.5521226771998355 2.906797303579107
869.1505769530424 209.56250495352214 10.0 2.283151753049657 3.715275943694031
717.3374012767791 6628.5203504042 10.0 1.319350690099194 1.439696485281112
622.2578952733915 9678.013746161032 10.0 2.9687321075256357 5.941432456275111
82.7107755170795 475.5538827566874 10.0 0.692271379208492 5.43712832942868
395.65142674297203 4509.860712366982 10.0 2.515259886845009 2.545270103503308
922.0546033108545 3757.69975749733 10.0 0.6316847457480099 3.0335679985336244
499.96445569477777 1340.4793203951947 10.0 0.2140861299579666 3.062803629028336
136.35402164179078 6455.28515535562 10.0 1.5329252811008307 5.659105226405722
876.0181234492846 7246.6763640376785 10.0 1.5929368839825153 0.59786346614425
793.5752306804699 4529.700142892022 10.0 1.5827443240018728 3.1406949272781177
383.7550580539262 9831.232662043016 10.0 1.2338214272384644 0.11436407119348374
235.50075270580385 7085.882427640041 10.0 2.421355928474717 1.9670267229744378
767.0154420730626 8504.346125309721 10.0 0.06581619653911289 2.080911249038391
971.7352262828073 1626.2339009096272 10.0 0.24719666270636687 1.4428954291423122
579.3115610345499 6376.035695542839 10.0 0.1054552753472974 4.324144244972539
771.037921726488 8060.028374514756 10.0 3.1192015208939092 2.7907944371389637
605.7572364921705 4673.571168198512 10.0 2.084264250690044 4.836597887726324
610.1379738918287 4632.377703544736 10.0 2.8994593247505254 3.314987651465134
566.3081937606112 4097.988287352893 10.0 0.7724467753831119 2.4220345984866194
390.18897280505985 1436.813391762053 10.0 0.7105136306424206 4.712335772626939
135.46964162238007 33.75405081431082 10.0 1.8674648082052479 6.198366322347353
581.0188411209721 9675.550350205694 10.0 0.21300663119107335 3.353095619203977
563.6276430545715 1025.644816864728 10.0 0.27864998602496166 3.7172249420490746
203.33142285462813 7331.493854390474 10.0 0.03368938315119518 1.0407474101071648
435.1600103824871 2436.8965630139373 10.0 1.7960513557776432 2.3928585648207177
809.0159433402241 4416.051527803895 10.0 1.7512565068998622 0.9324738469860033
348.4833709632447 9702.695178064778 10.0 1.2711199967631994 2.893227301052885
369.7206978102311 3456.8137067710722 10.0 0.36738090581800326 5.138199261988732
553.1925167859974 8093.062487088319 10.0 0.8682305665221224 3.4780112064521505
233.84712109699046 3389.164684941509 10.0 0.37394273179152215 0.6709611991502517
829.4482147053159 8399.207306217593 10.0 1.9349940237152505 3.892147396995637
562.1203946842153 7515.886776857921 10.0 0.7818834538499959 3.6735958862892244
144.76983656351305 457.39998357367085 10.0 2.214082753626855 4.127049988657463
901.8932129971481 8698.820518424773 10.0 0.07666175619221269 0.9396572599442461
873.3891125783376 8924.432496169458 10.0 2.630355206358207 1.2156514481963316
810.338470278059 7446.642869230936 10.0 0.5940565387847162 0.025220084077528487
613.3210170745277 8218.729935179812 10.0 0.39813219958549934 1.3645665990234703
686.6875420898949 1062.8253189337756 10.0 2.0202381018960494 4.978337922253786
886.3082762001632 6041.172245673691 10.0 2.5275412453780413 3.465626613378562
223.67004945463563 4517.836370362319 10.0 2.779759904324261 0.17750597474625393
255.79567806966398 7389.692574737591 10.0 0.3464647642472453 5.847605718176139
138.31168281162098 6209.64903494812 10.0 0.5861888886424969 1.2085381267090276
648.09039930289 3481.7095294640467 10.0 0.37806625059754784 1.7351646425582499
92.24611536343474 4276.61684456595 10.0 3.065045152652446 0.8021993925840086
911.8645209516095 2498.4614123679726 10.0 0.3541515855516339 5.8510555269331075
961.6974265324159 1626.779089898769 10.0 0.45386062665122323 3.8504875349363954
901.1562830589191 1565.3008532917545 10.0 0.9919498553290624 5.3719820847977235
867.2888937320312 347.6619931587821 10.0 0.8244181396038762 1.51505656725839
617.0259155667536 1882.0151486470015 10.0 0.4340353604755446 0.19627149503116298
623.8351021674025 8660.633023506094 10.0 2.8629603570303366 6.1890421243805065
193.0226618722961 1417.2316956293707 10.0 0.7179183589009431 3.7426063773242335
520.2729402965773 6083.8745414561745 10.0 1.9410418125484439 0.4673747658206113
759.618944507135 2080.97480082985 10.0 3.0201564605329634 2.7335592707965755
589.8880208849027 4968.037184367311 10.0 0.3313883970695326 0.4266570205077366
472.7682072835906 789.4334743963183 10.0 0.6211623661246735 1.6521844540817008
780.9929371997033 9068.638955781793 10.0 2.6333060226610985 1.5466903233814064
241.7424951407685 6336.003136407512 10.0 1.3134299716629099 2.6705557912916227
688.2132162747835 2319.265438823047 10.0 0.24872613249296394 4.43313364112574
941.4059409563129 6482.665093444151 10.0 1.80555835951147 5.897798838872274
754.5375948587946 3469.6434294159626 10.0 2.9424492016641532 4.912308167174785
144.0807942511213 2185.7654454206545 10.0 0.8226663163234049 3.2686205580977545
104.28853213105205 4752.640950841032 10.0 0.3763573691004753 4.285960237640772
656.161691666419 8370.254672958985 10.0 0.15911335425515813 3.795995766568387
417.1696369529053 5244.263039663103 10.0 1.1865468257013536 2.8568142647542847
394.6350053061283 3166.4535141757833 10.0 0.2735095730527563 3.8187523658003606
503.54575237489377 2080.7017034692167 10.0 2.6480224112576685 4.238393348585962
388.6589464721909 23.404220495930605 10.0 0.9429850013484175 5.941158471562587
491.1123230137253 5196.505044613762 10.0 2.3675887566157856 2.9847165285806745
941.3612236328745 9612.87227882309 10.0 2.571127099154118 3.436850304029038
783.1102127024077 3747.9265581086397 10.0 0.8681553516105878 5.044500923777633
237.00998430578545 938.0588072674334 10.0 1.3877983780075032 5.539866945597686
198.24200943169845 4885.517735211523 10.0 1.2617382504334715 0.16840003748505614
928.7146981345899 3561.088786266926 10.0 0.8387789484618758 4.687167789562237
952.4464841751073 8040.025800413751 10.0 0.4274675165084321 1.7473541200170315
491.8130610184501 5363.335406808157 10.0 2.558316467879987 1.9761038927290193
392.68699474645416 385.6605329448348 10.0 1.4538282311258484 0.9539527858825793
378.10015289008646 2752.643387903132 10.0 0.7933248824918353 1.325997811762033
642.9104193258308 1644.7919259892785 10.0 2.49153672364205 4.071959251592797
256.05608546366375 2731.5159408705513 10.0 1.7917777088532498 3.784300038209363
572.3327013756149 8898.138536913395 10.0 2.7718535498913153 3.0274908697876297
872.2286035164102 8740.32398574705 10.0 2.488647487403865 3.5726641746718877
746.2073447132209 4564.515210737764 10.0 1.357087195172108 0.8831149134273373
318.92642153975214 4689.603265952417 10.0 1.8382160077129068 1.6054454650516317
269.23303731978774 3214.1966773917175 10.0 2.6745525431610324 1.9986136272485773
743.3802138092896 4095.5017663303306 10.0 2.6880498504662746 3.5184466149339197
681.7566457939373 5379.961011119767 10.0 2.829942111421749 3.7966776790275065
783.5268236425572 3732.4373437416393 10.0 0.5744489927364442 2.232450608623455
318.9280048989656 9029.879212836922 10.0 0.5965034847312468 3.5098388941123155
265.57352793750977 3717.031328092929 10.0 0.5868662585228543 3.1955526769537137
792.9624684411169 1865.9078257512263 10.0 2.363592551673254 3.439825218033421
948.4979898159022 8437.377034401943 10.0 0.5616409185927936 1.2226446832329367
508.66763847672325 112.35047252145525 10.0 0.5383468814173843 6.114501853993426
350.64090682785707 5241.710657416166 10.0 2.172898693579581 1.6335802280642244
372.39066376895323 1958.25081220376 10.0 3.068994575747543 4.864728924839149
943.5468757830807 300.5411797061241 10.0 2.31812571375286 4.033155680309579
104.54201040188993 6317.777366331332 10.0 0.90655986301949 2.0470048988125864
248.21019109237642 3556.306243209054 10.0 2.8043259643164595 0.593728644412538
815.8521923302328 72.66561810731598 10.0 2.90976051301693 0.7439651955298798
618.8816564784628 7174.615010987091 10.0 1.7278425357781049 4.572981566699721
757.5177447519504 9460.776269433154 10.0 1.4479119160277887 5.3101977246348
749.5926426520052 4411.139232228547 10.0 2.9829569347525626 0.7064272663704123
405.39247359676534 3774.8358793164048 10.0 2.9190230324224946 4.869779638964916
188.55276138451148 8308.21748606412 10.0 2.5799573028173337 5.994758683645131
288.38053968927755 2035.4200349789464 10.0 0.5750655056695219 3.40732948577036
395.5772023094871 2135.233444697622 10.0 2.3449566229030956 3.720343127456353
221.18723951625552 5802.24207545996 10.0 0.30965621973988655 4.585534482772162
127.70019974104652 5986.831119766275 10.0 1.8281704779638794 5.18640693393597
851.5841231132883 3787.809977726184 10.0 0.3620801277399002 5.506169188644068
188.1308025012457 6453.028602982419 10.0 1.714175542378343 5.1548043611265975
682.3444525613578 6437.514350578024 10.0 2.6061694826631348 4.936935823893401
823.7070936703699 8775.294978605236 10.0 2.547581537806923 0.6529153119405866
978.005321233559 1140.2087307537145 10.0 1.9310612019609577 1.6813284658355816
306.00520461479266 3402.651844288506 10.0 2.2225074141929935 5.62997461895788
216.61266825052726 1233.346691142041 10.0 1.5372173748586688 4.321813564879153
481.2594862734776 1361.8598710220674 10.0 2.7528318792992152 1.79711709478152
996.6054710318965 4466.735837918697 10.0 2.225527275198451 6.022380571127486
324.249816979291 5355.756681590397 10.0 3.0680720203078327 0.03407180332589144
558.9954025564103 9088.973728057477 10.0 2.5073014841384547 5.311014460012381
781.3124619502607 6003.805658702102 10.0 2.4890268245565808 5.041936862757996
334.9980350523366 8220.626305571985 10.0 0.02447756642500727 4.536997383812482
437.63090331120304 5138.919950556974 10.0 2.6236127176423487 4.217893920267784
179.27200339067505 5678.211280235849 10.0 1.262717344363899 0.9501447165586
793.962407580343 574.6222535798906 10.0 2.491899519176312 2.767554372199883
198.9224259696475 8913.051293968096 10.0 0.20158540201841949 5.769438742800569
187.95711455979847 9256.604714594025 10.0 1.3243103898215198 2.977722137611394
338.42457167986504 7229.056541916816 10.0 0.4287304244001692 2.5156105448906354
645.2255859279065 8212.751096784537 10.0 2.271197538814795 3.0723365651844086
130.62427190433857 5943.501320898776 10.0 2.0923509981547377 2.497244160897361
195.3110982833639 5215.6827950104325 10.0 1.6226275012279874 4.680568593249905
273.97126730840336 9654.854991791937 10.0 1.5153307890425296 5.052397731436876
437.72299891876753 3571.8915153679877 10.0 2.3296820504565745 0.6672778128567546
946.1416530975962 281.7327971140593 10.0 1.8143430269784457 4.7273512692520345
393.1874165241116 7951.522365231809 10.0 0.29779109615281363 4.61143107520433
14.205768960749321 8037.025604773995 10.0 2.236697975199022 0.6493322206415847
925.271369426343 672.8677099853297 10.0 2.6637576369267855 2.576506382138089
551.497764431564 6001.274689781128 10.0 0.6865483390628789 2.619971627247601
267.53679453352817 355.63606420744077 10.0 2.965045771381997 4.697409619887708
321.3430592260593 1459.3508484169936 10.0 0.7151709355029534 4.894305746572666
441.3805172379961 7357.058683207074 10.0 2.25812122667779 4.971297357129083
137.79986223393337 9664.501348951277 10.0 2.4690690068624854 0.7118942924551404
599.7165587871348 2904.8934288066253 10.0 2.6652129287212727 4.785683615713522
263.57139340432343 8193.829452330114 10.0 1.8573350754581495 5.4032752064286855
581.6569131349195 1341.3922260505362 10.0 1.1452274621325533 5.960597173136713
255.24432400349517 2559.2644189834177 10.0 0.9939645842000167 0.9171023030620813
213.347241936913 7392.292951338647 10.0 2.645168388831709 0.03286836746916079
916.010578673845 6238.090087940428 10.0 2.340281271533318 5.210635515267421
140.11346323962104 2874.8981198528945 10.0 0.31718033245892097 0.9309809540409598
266.02799242000185 787.0889758247257 10.0 0.5987386965625312 0.27814840673411706
225.07568997752747 9759.301138271167 10.0 0.07703283558636143 0.11371387445621915
690.5764816636787 4204.368864330834 10.0 2.9027227433737304 0.7997384086477071
799.3856353897218 8996.827631537522 10.0 1.0608487317509747 1.276750192538328
676.1659004958898 8202.931878491672 10.0 1.818229244206949 0.32669789726811616
299.2440085246686 7029.748958898058 10.0 1.4019108500193616 4.275701641853478
794.7517569804464 7560.048777508059 10.0 2.387876466925053 4.729300583774503
74.85368166890616 4396.332820268457 10.0 2.1454082816412883 4.2635378213484065
846.2151021983806 7206.5025582688595 10.0 1.0295878103630982 6.062088813573019
406.46527952809265 3345.294699159215 10.0 1.7539354751992404 4.496168357639015
319.26284884359313 5219.7616346413615 10.0 0.24164689464276828 2.899959005705084
12.671307272313248 3873.7091572658965 10.0 2.716292246059716 5.131608144434658
580.9047650041517 2385.146767166297 10.0 2.4795518307059106 5.123132991424073
586.1050276898153 102.44763267688417 10.0 2.2920457884200744 1.0339947119639814
454.6632732796657 1489.0531238241888 10.0 2.7537226513021555 0.3990125150620516
141.70039082559492 1403.2009372420696 10.0 3.0415686636097017 4.314962245712922
97.67257654064288 2008.291572001596 10.0 0.2825087708546282 5.692972575640226
212.6692636019071 5191.153924618836 10.0 1.0368486204735488 2.1015262724973116
336.8230691169046 8359.609017702054 10.0 0.05486336612270013 1.9853091964061147
179.35212123609324 797.3691089284652 10.0 1.539948892202012 0.35147096129166
874.1074131599315 2373.4540527986514 10.0 1.075187602836591 4.331694927598178
266.0986491184715 6334.946482021899 10.0 2.7656576883937323 4.515130157521471
21.32460404466363 3156.0454166930185 10.0 0.26417505965332955 5.754098796256331
991.3342754046533 2973.0205561189296 10.0 2.227592892038402 3.041553153516896
874.2981288841488 3.8121408809199675 10.0 0.9341784598685327 6.25881862225757
105.96898612748518 3532.6553978146158 10.0 2.4126162198954724 2.448282506911109
86.76454947314171 6534.260424097611 10.0 2.97664894382063 0.5570674082104319
305.3047783591034 4818.702629024747 10.0 2.7385821379565827 0.8819558552917857
654.0887552950775 6697.33767116507 10.0 2.9500795901024577 0.6962771030792666
249.59778285333778 5601.682788335092 10.0 0.09336755883129445 2.2960328859543324
366.96212105097726 5831.348817720089 10.0 1.626354707176239 1.7350789045647343
678.4315234576594 4663.755847890127 10.0 2.1889683076022015 5.296747855324188
845.239851597611 2427.492915253724 10.0 1.6308434775552212 1.227646194229388
654.0573372743279 5822.838224547958 10.0 2.20118057890177 2.8101457598737265
312.073636994766 8767.079494483638 10.0 0.5881212739692835 2.64150508353399
218.85846011283704 9348.933645059018 10.0 2.1808592302403476 5.161116973497426
518.4961315169451 1095.487987624081 10.0 1.678564673942842 3.518756304077806
2.093808663893415 1686.7384077449353 10.0 0.7205473587839882 0.19517585262307613
478.6131781636669 2496.9339744059525 10.0 1.4646113025182737 2.177372439886436
561.0778670794816 7898.581918430051 10.0 2.517339710369378 4.4055670206162185
925.5603148754352 4134.101881627228 10.0 0.4538740972953395 1.7713627106690282
491.95279134563464 3741.7684820257723 10.0 1.4440889245628705 2.45751660311987
648.3796404517392 3016.7097637313177 10.0 0.9702907846985174 4.665768037344257
595.2089975714332 6794.380705979633 10.0 2.62380022633344 1.3288442351596659
119.9733305089944 6963.066166722683 10.0 1.6721825751400254 4.219610936223535
631.1108169674288 8543.606250158295 10.0 2.1325993712724522 5.883529902091406
76.29005283814017 9918.683883353417 10.0 1.9830891604790721 1.490281085930864
450.18277583186017 1850.6514831260245 10.0 0.8216935318341336 0.7257816959867744
956.900609752705 3296.0103783726736 10.0 2.2123087216079456 0.5454088580374281
533.913493099788 706.3071321491466 10.0 0.7288420833878703 5.903390342328554
367.118915226024 1499.3405113365643 10.0 1.6354357654078935 0.47092665185130855
230.8329102357106 1691.2222598248138 10.0 2.4502909902032304 5.42298458699277
971.8247312659697 2298.9705162064756 10.0 0.7321781451527734 3.73481806270138
223.11952564982263 9054.955156437498 10.0 0.6383744191544807 1.4999378472115912
481.1441446660084 5218.65983380896 10.0 1.9977645198490128 5.5881790981821275
8.893296264410822 7827.859939633128 10.0 0.7081261914301086 2.930321594640437
638.1443650431357 3600.459681879329 10.0 1.3880556121347816 6.154239719133329
435.35127329132337 1879.8730546717225 10.0 2.0818268286634223 2.5873164042106143
368.6989072578925 8510.971606000812 10.0 0.9429874175041874 0.46219144410480245
567.9014187801696 6340.261819609724 10.0 0.8999575850647249 0.6152956300444418
503.67932934507763 5153.101527178185 10.0 1.6617363234327247 3.7844346686311687
430.45140922786453 6292.396600969669 10.0 3.080581471443887 5.801881165087532
733.6299839311359 4947.367537468684 10.0 2.4618442574840858 1.5606438869594148
402.0083272945917 6157.611073928369 10.0 1.6954542852855252 5.727738039240482
706.0819468162529 8946.826139845265 10.0 0.42401184377292717 3.7893768808484176
304.7458169488013 6682.21073697095 10.0 2.221868395310662 4.678819497745157
425.66221561868525 749.6800265924442 10.0 0.8760350726569285 2.0644431817431577
468.69458073457383 8941.694358559336 10.0 0.9438462810787275 3.6819006168383095
367.1547519412962 9573.62814360199 10.0 2.6724657116320736 5.995160582828513
308.2127870333863 7276.249047303146 10.0 1.6324831603322476 5.940149626306201
961.6692885944652 6656.021358386184 10.0 0.21019249081603125 4.311607853981862
195.39257148741584 5571.582356582908 10.0 2.4825936112516755 0.569390165363317
366.0743486754745 643.8873849023374 10.0 0.5232463643465943 5.40285297154664
665.5585522559062 3799.154722816781 10.0 2.307144437791892 4.770210847458928
675.8507035123457 137.88507925659442 10.0 1.1784515317585995 5.730856311947903
240.0152212745653 4229.871848524544 10.0 0.37813121741837113 1.0976490969607477
991.5214406007459 4054.2528769678556 10.0 1.1426520607922996 0.027327229034863603
401.19884061687617 9235.3044271994 10.0 2.7870649588449417 3.901643833497543
998.8150250041303 2968.811560365596 10.0 1.338710668428114 4.238342600529198
505.3906092697425 5090.491468380106 10.0 1.8597438558825403 0.49379677873907685
972.7173539823868 7107.087393401152 10.0 2.6583596114695025 0.9204856676098292
668.1469007857049 8692.395290486154 10.0 2.7595338015423345 4.255231815213792
365.5694490894695 9144.613949801105 10.0 0.5606020266053509 1.1063926728354663
907.6031806619551 6608.068388616326 10.0 2.5527759269083155 6.08179437475439
389.3665694384505 2481.4777032668267 10.0 1.3025017445826708 3.5381650911590854
80.8076497775453 8366.593315833337 10.0 0.5829339731542742 1.691120944673357
252.41547233086226 8155.168909398497 10.0 0.8115972080045047 4.445832101036554
398.24097686985994 8408.860329989042 10.0 0.4049712224483163 3.7099338315668744
960.5056273005036 6055.8026245302435 10.0 3.0830556696348084 5.27372971766736
551.678173832327 3609.244913188455 10.0 2.015956169905849 5.579383433519627
842.7509533063871 8607.767442346974 10.0 1.8320439634549188 5.027572982592915
740.5492226835972 5783.246265162499 10.0 2.752851947486524 4.11713188160743
212.2582204011284 7581.869252161168 10.0 0.713635160204638 3.184902707473991
131.95433662681268 1095.1508893045425 10.0 0.8810995377645475 0.6501072675001622
821.7783205310064 7202.030505446632 10.0 0.5531168247643237 2.9832752112886367
539.4902181800346 779.7827451696504 10.0 2.9661895149299973 2.7336227777395403
24.49666055270372 9210.606855583625 10.0 2.1954831231382443 0.18817303518577483
356.04377049115874 92.40311761613663 10.0 2.3482951933510323 6.061051820915037
800.119113090955 8056.3854572084965 10.0 2.1116614801096194 0.5620807002094672
25.709215036453294 4900.821303859305 10.0 0.4979967438584224 0.5708988133179012
56.40941324366145 6869.325672535143 10.0 2.6667192990484763 4.0128118625604055
589.9850494643064 7833.782472366632 10.0 2.4448536183929788 2.346606922893389
866.3346826278625 7386.1058004891365 10.0 0.05043419950171728 1.784125942787355
93.4069552455129 8399.688653963662 10.0 3.078983101068972 1.3779026452381888
550.9749762236996 9490.537693608987 10.0 1.620603516556258 3.2065369701333446
883.7731410457484 3989.7221248063065 10.0 0.7607564790257634 5.849800000148258
768.3532578382836 8532.91295306114 10.0 2.672754146452267 3.282868005494294
92.1180750193693 1179.4290042339605 10.0 0.060899330332813695 0.7714312705502896
18.342094527372012 1092.3404060548248 10.0 1.090165125089739 5.015826005058314
827.5910844896081 9242.828974397862 10.0 0.7961989481609096 4.7524215516335655
223.80317032296094 2346.141461729783 10.0 0.3082165765260366 4.610559285708333
872.3959773799744 293.1099132545834 10.0 2.7273476145121553 1.898270612055842
298.1160511657334 710.36163419268 10.0 2.077958552085484 0.052394955747477434
911.947932893936 2963.972826278444 10.0 2.6637723305410947 4.889086575721584
859.2523088410453 7915.465201304268 10.0 0.7239680121708896 3.4493515175703866
585.403912665238 9045.689370255608 10.0 2.3464057334821797 4.221989206493733
500.55133895984505 5181.269127224692 10.0 0.8017414284200448 1.4006958698309233
891.7229218323175 4989.932660647879 10.0 2.282452597454514 6.274452614631252
278.35397333262824 8655.187613161617 10.0 2.3054490422697067 4.002362299566061
736.4122445993075 2697.4461145805726 10.0 1.473901921652968 6.2750900148155955
326.65048254814167 9777.840200578872 10.0 2.034834338461927 4.228394304482732
654.1159613853405 6502.6102013785685 10.0 1.7757854265548343 1.4497797317430339
758.8987636311365 8740.093524711585 10.0 0.82518042342934 4.007185188411655
992.2020732903227 5768.972821280445 10.0 0.6976157984407294 0.3853772565880166
267.1692713379801 1695.5953795925948 10.0 0.846476134322219 0.9883113156754187
90.5042802085716 5009.80266271415 10.0 1.2291361098756715 5.073612676425309
78.77291264752107 4892.863518338077 10.0 3.096055138153582 1.2125486517391033
242.37498418764315 5947.730588211829 10.0 2.083461859215709 0.21723850517134377
180.52802342176122 1390.9944809138908 10.0 0.2864174984650554 5.0879382631673336
472.2053631980686 8427.53936792276 10.0 1.6511353115633642 4.800838662472572
970.822758552438 8523.051222346125 10.0 1.9560422072407668 3.6101599094301884
414.5691837688725 9596.166736296218 10.0 2.6201188840744254 3.7384730125146106
749.6292455360718 6771.195057114736 10.0 0.6111029581734265 4.486709917199956
830.1461902040128 3263.9809733061243 10.0 1.8605611039908718 6.237720967611551
706.6255124186115 3217.6227043505323 10.0 2.119694217896399 2.5810282774785476
543.5817462851953 3861.3952523879957 10.0 1.2240485981114955 1.5684061899664896
317.5816071074622 5235.372235940863 10.0 2.4629414965385634 5.442259655143039
838.4386044291051 1904.8803289890748 10.0 0.29423103146322394 5.468494015559293
309.16620956467114 2583.058637658445 10.0 1.0778809243838143 0.06245735596575974
594.39724723651 386.4395022221978 10.0 2.026145650322136 2.432959031156722
602.3298633064088 8567.603455970964 10.0 0.440722426297623 6.184434364250996
701.8610563808879 4000.6072861694097 10.0 0.16510841307347 5.392451259951911
894.421030864979 3439.019017128436 10.0 2.014770876917993 4.912701745864535
539.1224930037135 5623.036840912965 10.0 2.9444436638967844 3.470039337780736
790.1914498157794 5681.312659761469 10.0 0.04789754008405538 4.189621797215728
547.2465371134753 6954.734396090099 10.0 0.6918631261184508 3.614892356469713
641.8467630574471 9363.569604942244 10.0 0.6225949978227847 1.6148837102481224
187.82768191426558 2746.00728167109 10.0 2.529600150380626 2.7746287416660618
508.2989521016791 8215.279979447168 10.0 3.04085985477096 2.4978754510455983
818.7767380115973 514.1858104138008 10.0 1.1034243553675607 5.2990053427590915
893.7765545115377 9589.97181992268 10.0 0.7920652982746095 1.2759087700382847
273.2936316625818 169.18227393292517 10.0 1.5212162050086782 0.7764891481328153
175.94909738718678 3981.2117738970555 10.0 0.44712573878518896 5.648057744539968
177.1825190733426 460.94915948227344 10.0 0.139765549593812 1.2884254209204002
883.7219590058662 8255.035697868703 10.0 1.0589831227866584 2.1327893895114802
289.6653934602237 1662.8990298244928 10.0 0.6857860226434355 6.158452102664141
234.85779994240573 3262.8740721634795 10.0 3.0985514507293477 2.0894074831815095
402.85055903172974 6405.349439885204 10.0 2.0444963176585778 2.606653692035664
593.5810663497313 8999.032421134758 10.0 0.5017244798834389 0.9380413413259415
585.0120517502069 3073.0545130021324 10.0 2.7902594365377302 5.4745873800467075
758.3215353623098 2966.788603660689 10.0 1.2946371893634947 5.326164750613585
802.836373579624 8680.885134855875 10.0 2.3457236852300807 2.5280407438115042
239.7532041363092 9917.173346494348 10.0 0.5276564101144369 1.8170810574198144
207.7928063429768 641.723038677382 10.0 1.4324565978110437 0.14080710048323253
939.2850512829659 3624.491042543766 10.0 2.8215697706817826 6.140396588633887
621.7834260265143 9340.626940022696 10.0 2.1198677426630237 1.3088159655752738
888.1594879211962 3862.6486022478766 10.0 0.9776886965926154 0.606472909542736
7.229240116503832 5929.337410320317 10.0 2.2814287174183554 0.8421638546222384
957.3151537658132 4246.351093758919 10.0 0.10135305041568782 2.3974359316851372
956.7485911574745 2255.179914080472 10.0 2.0437474961527817 2.4719781176294573
698.1699425326157 9101.228756347648 10.0 1.5445348545216764 4.363289225109227
487.58398834733543 2338.4309853381014 10.0 2.9003377219116055 1.3479901486723767
724.4808748238008 26.956879456729865 10.0 3.1303059847659833 2.761374214404402
675.9338605355971 7312.207191736247 10.0 2.938472862615834 2.6371948406386982
295.4367102255529 5317.4306731270935 10.0 0.6507012572780909 1.2225791912206954
916.3453700883488 8238.94268138555 10.0 1.8376893181039038 3.991511278874276
10.139864627193962 7902.060273007073 10.0 1.5476489983218422 1.1790175733770396
841.3242817973215 3717.5154824471547 10.0 1.8095687313923636 3.170043536142853
773.6335915489739 9972.24346081495 10.0 2.781777961004794 3.125061681699467
186.31864469487914 1695.0851468250917 10.0 0.8586037396936662 5.7077437917717075
444.6309860373052 4957.085043260882 10.0 1.9182356232844098 0.6721194718367329
135.23207978659048 7397.705558699922 10.0 0.6620921153229377 2.8098925389054044
825.1017475627788 12.418309630408686 10.0 1.288309184257848 1.1938156909744608
931.6232154963876 1793.7743817026108 10.0 1.8869210878108047 4.319940463435309
901.8732083257005 4687.197734552934 10.0 0.42855728492331296 1.6148924540313756
790.7472501004792 7504.382294908195 10.0 1.3872025184237786 5.833937978701286
500.40171986667895 3931.3203578141743 10.0 1.0588919752493304 0.2643798109049585
397.59623509908624 1574.6231189191417 10.0 0.22893714755277147 3.0834331756969404
760.8707181224897 6108.941207939849 10.0 2.5225604591104482 1.62068438583077
526.0940364504296 7019.929546839914 10.0 0.8573543104431611 4.916694222359114
96.77170138577418 9181.343852194075 10.0 0.9538913130075977 3.7629609702800204
564.6023813515206 7561.495059871995 10.0 0.7823070253634954 4.0620958690654145
546.1243295500938 723.4300241094638 10.0 3.0834776898578844 3.896230038989714
982.8941039523753 2464.845922767012 10.0 0.3672777919794085 4.658383106496328
675.4920206599262 9937.88859162849 10.0 0.40242026862494445 2.339829373741781
25.750005138787447 895.6236153498021 10.0 2.252245801414444 6.045389857191638
446.9490817837729 2331.109083571853 10.0 0.9891001773203602 5.789142311036596
168.33552172666455 7706.643905029044 10.0 2.7172099668392113 0.959220173582682
708.1558917909929 214.8998139959568 10.0 0.31745546221671533 0.8154155994972329
118.51332963042016 5070.2910538621445 10.0 1.2113046769324298 3.8644006750151094
215.69812089647021 4698.074555556553 10.0 2.4873982485501696 2.0861624107153327
401.24830731642425 6870.311800470093 10.0 1.650766178843056 1.0625989496825745
351.84643749850477 7331.969962109036 10.0 3.0414763980628448 4.899297776091121
810.2610660603929 5267.072155223109 10.0 1.8655553242197638 4.814827809192245
944.892828735063 2073.956574075334 10.0 2.3969157745405028 6.203762271144398
262.0861529447519 1350.3371041386592 10.0 2.9173590274484806 5.72735837534614
853.2198884262336 733.0037441627568 10.0 0.3270552564150462 2.239594235844004
837.6913193793716 4293.638569592649 10.0 1.6820530026844562 2.4966683438151747
223.2592062786033 7561.365414784054 10.0 1.2514024611215853 4.448097309701592
46.81420695086702 5924.292393837598 10.0 3.131737928438391 0.6530217422812454
581.4951747664937 1156.4443280492453 10.0 1.1886746388333376 3.776208915182642
600.1724485030871 123.12693671381214 10.0 1.572263658661384 5.459965612370147
170.6705040279699 4336.900184068128 10.0 0.26921952438472657 3.5655343527668846
224.70349900108843 8967.985767180882 10.0 0.25807688969477754 4.2818978291075
190.34958982720661 5157.064022299835 10.0 0.6656058259011822 4.0262613542832195
306.99061876430665 35.06875368906037 10.0 1.3615477051995122 4.417695843447653
851.9960770751856 4723.719051776117 10.0 0.8510567976879986 5.07934544265223
400.03112245554684 1772.1708292681915 10.0 2.7318869605710123 5.473632987359301
408.72081611437585 9979.31489880047 10.0 1.022386024149539 1.6733679455787847
