1000 10000 10.0 50
200
729.8627327811207 9059.535724685382 10.0 0.2661423896662722 1.6056588635798303
35.046476193984375 3909.756779741147 10.0 2.205690632977664 5.255017828154484
748.7594487501938 3755.983459094765 10.0 2.380286016726878 3.1993654368242685
805.2720595579889 9919.655883397862 10.0 2.471041559267974 5.077122448747052
85.48559184484273 1179.7026753613748 10.0 0.24667575463426883 2.936536535543681
812.7672646345612 9655.381581747753 10.0 2.0182977669374162 2.8385453336418465
29.017237193954436 4863.033432807403 10.0 1.6301642997494483 3.7084904457899994
780.6362175427153 6630.649445479468 10.0 2.198505814948376 1.378438502839934
848.1648189231905 6860.7915990216825 10.0 0.4211764586667339 5.103600811368617
338.7168252937024 4751.544029992839 10.0 0.9388056501224255 1.0735382638630127
226.93019460487685 16.819793438926922 10.0 1.8802667199325436 2.482984070409753
978.0113656977621 3891.479865011823 10.0 1.3096445599118127 3.18004418818078
715.549794090542 8263.372995155323 10.0 3.118239908489207 1.8596387786816024
7.131189941493643 9143.53022486246 10.0 1.3009180864818641 4.447530565700639
232.37996611272882 1867.4064355084142 10.0 2.9460611617230152 5.05249004771351
670.9118989542736 1914.1864756928296 10.0 1.6348485532469959 1.0935930801896039
901.7810420993357 7037.822704366057 10.0 2.9168390560190898 2.838993268876007
841.355105087697 3522.6108331649098 10.0 0.11377244695580843 2.949170600224613
763.1559847179535 1807.7453181233327 10.0 3.008272035937265 2.8343774985407597
941.0532370840104 4469.445699424359 10.0 1.4766649936994911 3.6066141236695324
136.3001480440381 2605.8778390205894 10.0 2.4625296738015545 1.0158871084088856
9.253313593000412 5039.238762093625 10.0 0.26699834602087774 4.769815921012831
678.2183968499885 8431.013037066657 10.0 1.3779765522355376 2.1599176200480756
70.71635928014364 5400.550525867281 10.0 1.814078757215804 6.0809512111293245
416.56567232471986 2043.7537918836313 10.0 2.574136501412427 1.2519967472498696
217.52823232328956 5867.805620123387 10.0 2.7021423095402026 5.2160699760798295
294.8673336771884 89.50881014695766 10.0 1.4703223899034237 2.8631717934851983
64.01860439590712 488.94777310140023 10.0 0.5417435293925792 4.3470929422499305
14.675593901453897 6566.824632419779 10.0 2.7692382368130355 6.26071998987406
484.9438544835859 9622.964191903015 10.0 3.1124041082619107 1.7890048730172503
209.81823759570517 6555.11722857272 10.0 2.991292502782962 4.972406932037262
797.0906101812421 9671.340952499968 10.0 1.4477001308705666 5.770501590313716
237.89581245296608 9615.86607119836 10.0 1.2128744401368723 0.8288413423852662
794.4558244775901 627.5104451394353 10.0 1.0246661334670322 2.0229954240132915
124.18365367926066 4781.3315275199775 10.0 0.6162765360637753 2.6633354914143994
297.159652287753 4608.355385057476 10.0 1.8012669173044566 3.2324227883093064
443.09494040753293 1544.8601728373746 10.0 1.943458394771529 0.26904093522216305
124.24782685385772 1031.8303593853407 10.0 0.8434627003856666 2.0930146316613993
172.36106140671748 3766.83968557321 10.0 0.15602288502492537 0.03169750695467476
650.539032864686 6604.764600595256 10.0 0.9626024922035585 3.1313629356294452
805.085451901351 5910.363680131695 10.0 2.6723564274674714 2.8820216415545126
357.6742669868698 784.907329899498 10.0 0.14450191405828253 2.1638366686374795
254.82723095518512 3520.6738745801867 10.0 0.3736938520504308 1.5612953683406106
39.52391362670349 9881.279584466818 10.0 0.16881195134833035 3.7326753056839346
338.8709278940607 2362.4370436390586 10.0 2.4270431447139686 0.3662941832024329
572.1090870308026 5456.893201317759 10.0 1.3460543265568587 5.0740741595676795
874.8384707593129 3128.9218443104096 10.0 1.714078891417726 5.561816571825428
408.1933028208106 5197.901691326797 10.0 1.3505759754950075 2.4060738625350866
675.7996284094189 1137.138552566448 10.0 2.3342946319552156 5.3349169913726335
206.70088850935187 6913.242409594138 10.0 1.205115119174072 1.4966388140463842
979.0374145372809 2923.0007634578146 10.0 2.6750589189144116 3.7180342479427053
257.1182631476576 8828.83676727189 10.0 0.2669158273656074 3.4767384231384666
93.62432484589777 4150.577979021373 10.0 1.114215731781352 4.833001293371775
609.0343689921917 1840.4066245087115 10.0 0.5498415459036187 1.2658894336406443
301.96599760619847 5749.493442481923 10.0 1.1000809767402049 2.4583518691447686
66.97649709941378 1888.9721939873461 10.0 0.6616309892024257 4.698863760394854
300.4683849066286 7694.536068621593 10.0 2.563861066058295 0.07720952036575836
460.69788659355316 3123.0933945152706 10.0 1.2615410200171482 0.9157217488756914
714.4846001351735 2341.5471618048546 10.0 1.9624397911491893 0.16924421175539348
851.0730340427273 5011.916035335128 10.0 0.7467235677188135 3.192357284120853
472.6979983899811 1733.6427994116843 10.0 2.0437271499637713 3.6119467877886695
581.7573683597595 9073.087378318382 10.0 1.5017863081241858 3.667530562879449
76.09740949011201 5791.836073939691 10.0 1.79623552218885 5.078596827735123
336.76723511361104 3379.6004470521225 10.0 0.7074944969736328 5.134721048908252
46.700879116904346 804.1214871380487 10.0 0.661801845604784 3.307023175103889
614.1364656881717 5509.633343615984 10.0 0.18023003608397553 0.7618541110856638
91.18426244057076 127.08352876568574 10.0 1.6102868408678264 2.701757961609417
275.80606377018967 7103.444059646179 10.0 1.3841837409553504 4.6505999760921055
764.5709140038102 1514.0928509236562 10.0 1.6020769525571463 3.1525313190283573
83.90284501883316 5691.382050594642 10.0 2.8091385346697004 5.23989222562414
669.1384829409244 7984.150356920606 10.0 2.7319060673605793 1.6556004457799152
383.56359965156395 1957.0814556228177 10.0 1.984133297640853 4.155626901072369
473.69940748150697 1645.4443292547894 10.0 2.7346919765955495 5.762451985735775
342.46090437145926 3099.8982006135634 10.0 2.04110632254406 3.0864086292449264
288.4111252677795 2387.6821822702677 10.0 2.8592951457587152 3.902553595132343
407.18677339105415 5460.650725840101 10.0 1.5368638340421221 3.897933553864001
180.2722730596741 5857.258015263015 10.0 2.7864671967366 2.5604381692023983
886.6505804516423 2074.731567664477 10.0 0.43419386389399456 0.8048037160529178
864.4613319409924 7629.321351390677 10.0 0.17654528308460196 3.0971645887527393
822.6473447355612 3316.6466300780494 10.0 2.5212685084124296 1.5380307992083506
856.673596719971 2990.8051834236503 10.0 0.6514756782030012 6.205291615271347
557.7525667012399 1300.0501950202936 10.0 1.6170611243309654 2.9199437614172115
621.613111902095 4248.48146840606 10.0 0.8188503593216988 1.6104080542327592
660.7001910262729 1197.334667956853 10.0 2.5277558915302065 4.908653458198221
502.79550508255556 9976.100627642376 10.0 1.9788194637746412 2.734022915958009
119.39956231333504 5142.836923671223 10.0 2.8408197643429367 4.231749565567605
468.8182334763242 3114.683119572431 10.0 2.9843964359149244 5.391042868900133
961.7478240843277 6883.72836988383 10.0 0.6588809703818793 4.547491838400793
961.2542414884623 7340.020610526081 10.0 0.050887853254486186 2.493272262224027
714.3940066971845 7842.646048798735 10.0 3.054770747605295 6.244322632087751
379.32546308625393 3611.453097286702 10.0 0.10442928631765677 6.088791470381073
359.6110535450494 7756.129137476916 10.0 1.389703398945268 3.3921829359626527
986.5123978437788 1315.9827102044364 10.0 1.637932453412956 4.505128553439539
700.4319194135453 5552.925543211145 10.0 2.94408295376774 4.363533255331327
274.25591874903046 921.7858569226267 10.0 1.500702381235937 3.8464181451091086
294.2061170157192 8636.227366865947 10.0 1.750707155033887 6.24819096776188
67.90757789710067 7555.188980312474 10.0 2.010383227768902 3.072641962458268
364.7330169437325 1233.9000048634896 10.0 1.6418009568677072 5.553330888153896
910.0848289298549 7415.166982976173 10.0 2.9860640488100785 4.787260241701015
353.12783747262944 4980.767760598199 10.0 1.103188719773535 3.587093473852067
506.5871417729775 1439.43056048905 10.0 1.7858882419388606 2.067512311659256
17.5770988418289 7397.016042095191 10.0 1.1107573570489953 4.19414674047619
270.0294657837141 3136.1602291422264 10.0 0.0851665522787149 2.622990691289657
242.13917297586806 6426.776220444953 10.0 0.5203920171327453 3.0823504887070414
246.34924782818769 9995.455749047946 10.0 1.2084279634373996 2.342435521682221
964.7466958194641 1700.9513631842287 10.0 0.9166286898470696 0.9663884298814396
959.3432751371021 394.5564186891071 10.0 1.4637972681507279 4.071870801805052
884.5668830303518 5688.349587707798 10.0 2.7699632541435992 5.209997387081384
958.3903184907107 410.9005692461087 10.0 1.7046351442657204 3.108808837640212
858.8758978067781 399.18466449138765 10.0 0.6708961228464645 5.068768466269501
104.51638947424601 7457.084279636697 10.0 0.15532919866763314 0.6981229842686053
149.6036915727188 7805.0069644259665 10.0 1.9021522871095096 1.4540795699533056
879.9583861890148 151.78041353875903 10.0 0.5801516364461317 1.5718362930118104
929.7055035506011 4639.129371932611 10.0 2.289727877927753 4.063501383270262
256.3823376633233 6340.6844813368825 10.0 1.544462145217551 3.4113505172151406
709.5163579882139 4741.605372199536 10.0 1.7136682857586638 4.5416053128510345
906.9130569791402 3681.545820559373 10.0 2.417968751114154 0.2478081119648234
593.2444544969431 4612.8298201691705 10.0 1.073209723520421 5.020928161587242
797.130824762798 9707.34724498534 10.0 2.864897815233296 4.537520104441507
525.7603192592379 339.81565080913657 10.0 1.826132833308722 0.7512749776276474
440.1916075818334 781.6999261329571 10.0 1.625656724442 6.255593544151827
939.8373368909615 6559.218751928542 10.0 1.73323926380447 5.591898392290525
351.22714070142257 1860.5092812337286 10.0 1.1799708650930991 2.5499920326435195
464.00037425434135 621.1629924747585 10.0 0.07381717825179275 3.366767233728638
486.1811189721941 1473.979599979377 10.0 0.5341328528310094 0.5911975737680658
601.1384065798169 7617.9387451591965 10.0 1.2506193950957216 4.963652821634924
700.2374304221031 8843.017132953846 10.0 0.0011051783804584712 4.637595767069682
538.037715631464 4441.628013934295 10.0 0.20508825018101348 3.071059571548778
510.9972053153703 2544.0963192990284 10.0 1.7869116694055294 6.190679972359575
495.9915926260401 3534.725407350957 10.0 2.9640008663594357 1.2921313068170035
701.560443887817 2636.6495470789664 10.0 0.40692747867478374 3.968158472042006
282.643108189747 9497.812464161176 10.0 1.335619965543332 0.6357516826513354
548.6687794547627 667.0432612459554 10.0 1.7233747407281548 0.3124324568089551
955.216919315659 4218.352858561536 10.0 0.6296167073108034 3.8850397372854615
711.0655051792636 4463.205059504265 10.0 0.22498484067122745 3.904117348469056
755.2965191437196 8684.665171878512 10.0 2.140091492270171 5.666460106650681
63.22911572305689 7133.96138722525 10.0 2.034819608260138 1.1060422517334343
725.3031602965758 2149.1423227131236 10.0 3.137643534159618 0.44541620559948203
9.636663431342285 2187.1503972037467 10.0 2.8468609518031682 4.3472144691204475
666.832745834446 1804.7724797007324 10.0 2.5036133700825722 4.545879653964155
64.71314302085918 9180.570702996623 10.0 0.42337935359420753 4.7836990642401735
351.00670249544953 8639.032858583567 10.0 0.9250211215139564 1.8978095901433334
733.6231224660097 6819.831560208861 10.0 2.6899692213487856 3.6193489886223826
140.9934953630473 7629.20981214139 10.0 1.0620852298960173 1.247068283442189
979.0610352181592 2917.1622987415944 10.0 2.6753148982899133 2.7304078255057336
436.8566421648263 2943.21490104438 10.0 1.319232593796036 4.575844139910055
809.1959863744147 3125.248552024259 10.0 2.2838935896758694 0.1716235070386456
602.8856255739566 1309.9557930974981 10.0 2.768652030072275 2.2116557482409576
771.9279871199138 2860.153925809127 10.0 1.1708062832278807 0.013193340543944974
287.56616521458335 9223.325345946872 10.0 2.436950229227292 4.859656834077922
390.61111988263775 9327.391597812337 10.0 2.8618131100605164 3.5463625946198096
296.3455995419698 2143.8706264439143 10.0 0.3579428953219588 4.983238160238649
826.4003771614248 3065.2075455177674 10.0 3.0824507989416277 0.7317750819386201
427.350219278264 6362.206786359636 10.0 1.4561227406512884 0.28975837361739315
302.3783991725169 919.1392228755701 10.0 1.4437336573130206 1.1850281326272836
930.2102802229637 6688.234492906826 10.0 0.3939278960087439 0.020734608042960206
74.61798155738653 4861.909222543351 10.0 3.01911255023406 1.0514181690499376
498.1493508544371 5630.227398384477 10.0 1.133188399878394 5.431654823733044
985.3371370907206 3572.720650128267 10.0 2.2655072502576594 3.604145007047506
953.4939535095722 2227.849464989229 10.0 1.2244089017891076 1.3996711095140668
883.3025155760832 6190.012480479312 10.0 2.21688457971349 5.625923847456811
36.75987888643162 1203.1649783236996 10.0 0.4282475559386419 3.951411460793621
446.63773490013494 151.739759842896 10.0 0.14213982647911236 1.4348277788984707
959.4715126365941 5593.705461489042 10.0 2.952757714481183 2.7288315683505555
193.192613697447 7537.242362854845 10.0 0.44973752507031767 1.4373122920348818
630.8701887136112 8531.652672507118 10.0 2.2249166843282144 3.406569698076144
713.6297468380772 6824.760686176806 10.0 0.1680347847309227 0.830315741264507
718.6680051018097 2333.2053987324575 10.0 0.7322147643536907 5.937133496328204
412.38467496026834 9478.66444644178 10.0 3.071353924868268 5.2911283039747605
954.0034071645085 5562.186623296246 10.0 2.016548942507422 1.1152673279487209
291.6558433912757 3280.4572111477014 10.0 3.0683397660577603 2.153036799595918
340.75441544233706 1231.9569145973242 10.0 0.6526572185013568 0.4086130918411567
563.5803856118464 6817.614261996089 10.0 0.7766488708227821 5.896585510625969
179.3663172307879 1809.6972448991744 10.0 3.111914544855347 2.475228168282872
125.75248540090267 2044.3243914359655 10.0 1.754488488808549 0.4810120677473501
65.34955720665425 9187.121799135668 10.0 0.10037154384814079 2.4212628780819054
185.2400920456315 4328.189730137153 10.0 2.193588385738373 4.735074875252996
272.6044154644899 281.6828623974488 10.0 0.24087721677031243 0.6264363592201685
566.2564819832104 1896.9523435080005 10.0 0.07951283796561368 4.792011662661467
181.72845410190197 1432.3330410675117 10.0 0.13507381751335443 0.951682296280611
486.64280633782255 9099.306835882273 10.0 1.4955821176021045 1.7789953842015849
663.4633430665541 7253.904894421076 10.0 2.245900661265788 2.2804972849112435
838.3179463558351 393.86255958964057 10.0 1.9568458393910289 3.568829213917941
577.4368005345317 2114.170623955117 10.0 1.18948980477043 1.4826930761677846
256.8520471707957 4480.317275237693 10.0 1.9857669746863689 4.600723298033434
796.3564745997849 4897.646442116814 10.0 1.18240243595681 2.3273108459683116
515.3195378110571 486.90653097219763 10.0 0.6877462664470586 5.630974119396181
415.811598401847 220.20076592340067 10.0 2.5118495574477397 1.3095073858132975
27.588402762456333 628.1882973635334 10.0 2.9761980228483558 1.1814607187577408
59.8388207884516 1758.5327197878164 10.0 2.4960868858041736 4.6084311696365505
496.2017886703435 6247.22824327308 10.0 1.4840676246500688 2.2547419424723336
442.4083948175331 5858.579124467183 10.0 0.6389048606175151 0.017009559428023718
990.0078993800985 6656.246008911397 10.0 1.7982262016785375 0.09252015216853632
594.9871485469757 6086.915487873005 10.0 1.6091254394357675 4.034110502186001
986.6949409032655 2689.786743854873 10.0 0.2173509162407455 4.519702087196243
420.33429375672716 1889.214017537534 10.0 1.0366385051088987 4.287442646443353
165.38692794741462 9384.479383819757 10.0 3.090081248930384 2.960560914113348
482.6863405894465 7019.817241435223 10.0 2.7337596651798837 2.3006578011420755
984.4567932218913 4699.44362428027 10.0 1.6464473708476457 1.9435638958829442
194.4875835362382 5906.494652796248 10.0 0.4971638367755595 5.047354717743411
