1000 10000 10.0 40
200
564.2619610175911 2284.083757807368 10.0 2.0458957310945953 1.1076996911049515
178.86800555913075 2223.3318876558637 10.0 0.10537592503570958 2.77501211566022
203.31132251221652 597.3127341442841 10.0 1.9020740460127097 1.4273663125223033
545.6182124982523 7603.148840363116 10.0 0.7053394347070405 3.021105455258054
544.2903512884888 351.87377445050294 10.0 0.4382807326471739 1.624528446710573
926.3271336326359 1040.0139319700752 10.0 2.8419766892058296 5.438548768156578
603.0480688918107 2491.862937243533 10.0 1.8315205718182632 5.020941569299372
238.07192935447517 1678.2206918447596 10.0 2.130236086236964 4.8037468544778665
475.91086241629387 8624.01178378624 10.0 0.6334854729018753 2.2510731514782245
954.9892723918182 236.3397282130719 10.0 0.11804665529642554 2.2815422573957487
745.4987926847951 6016.171379432664 10.0 0.9213725791141323 6.194590982010629
650.3525067060647 5360.988179499494 10.0 2.022860931267614 4.912200402641697
886.6025740028714 4222.382474937682 10.0 2.416152395999906 2.8685624085352517
25.03772231819412 2251.7158543570827 10.0 2.6966202449070367 1.3496877551026605
707.2779498208836 248.5962100029937 10.0 2.5697683018426147 5.228672781092561
582.5355542169805 1721.075178000473 10.0 0.7885470457264684 1.054983084461834
110.31373042777071 1673.1048012016136 10.0 1.576295119165412 2.5588909444072034
360.66435493717455 353.93122186090477 10.0 0.17915627563644218 5.807471219974845
710.2294496009222 9635.749462279737 10.0 1.1890751147443315 1.8236661969120453
380.14142230104306 4930.079157694398 10.0 2.5265738392745316 3.8797533038833483
90.95913730366722 6109.962411274994 10.0 1.5776186318273113 0.7859760053593038
720.1684460013028 6774.229063946552 10.0 1.8348332779018364 3.3937770337048536
739.3773218170033 2371.709541897702 10.0 1.2434535630193329 4.442305701238815
381.1871765160061 4197.422072743864 10.0 2.1639989195156053 3.5664689871100386
939.8236615395358 8079.395754514717 10.0 2.6579153599668186 3.117697145181653
344.961904716513 3693.9390519137196 10.0 1.847543553393214 5.185774400617672
164.7822676881826 2878.7934892122325 10.0 1.9375243498217396 1.780798401866671
492.14485251664877 3057.765735897158 10.0 1.4651447690983912 6.149176533732187
746.8720808807172 4947.058467933885 10.0 1.3482574538677425 3.214086692444487
287.48054883412345 2082.674382369459 10.0 2.4982737761358687 4.8657835733014885
867.3045938007014 3389.895050815663 10.0 2.534008291601244 0.04168108213890976
392.80593941282706 9009.988625147495 10.0 2.080460491805572 4.477946183901411
145.96509666136248 3905.933649092036 10.0 1.9817838965133077 0.7720274299191308
618.0017906870099 3388.0891415072833 10.0 2.605888738228653 6.1459751717373505
368.2735365032962 9632.382376177415 10.0 1.5968029731461475 3.4862033485626687
870.0522628958366 8507.725835915206 10.0 2.338296768310347 0.059882312068580794
133.98171093492962 1586.015006768302 10.0 0.9221727881356674 2.019387196916173
10.368503201964806 9077.199150185352 10.0 3.062596579762501 2.111977830482
463.06250737101504 5613.560033273472 10.0 1.1550691961510462 4.239683033218234
780.532783845348 2301.4704651193506 10.0 2.491983306272079 3.5225771933991643
643.8477668170598 5265.549238633037 10.0 1.631263483496506 5.9001787144864295
206.61911804230348 3029.266066286336 10.0 2.7605591879604905 3.8747622687967853
858.5709377403771 2507.6927355020907 10.0 1.6511613802695093 3.340982566532008
142.2470053209103 6132.238140772281 10.0 1.143448136726158 4.2752307970437835
371.47076379953836 683.8407535049895 10.0 2.4563645138942554 4.225082494930024
860.524052738267 1780.2419876441122 10.0 2.1884054643414856 2.29187692465018
314.61217842349055 6644.5924935191915 10.0 1.809567898131539 3.3458448254993627
855.0343695398328 1776.7952186378234 10.0 0.12213982613338213 0.4736233263010852
356.5808958812794 1455.6204518275517 10.0 2.6903404666629553 5.21210691087254
260.028295441866 7618.778802368269 10.0 0.5604826019486345 4.12970227027905
789.2076110633224 1599.7662862670948 10.0 1.85606564951154 0.7584243526407907
549.9701589315082 3444.446548133717 10.0 0.5404913006566725 4.465938999188659
817.4783944727184 5086.974764567988 10.0 0.20094057093648598 1.877572407913303
428.60027396603897 9533.7987847935 10.0 0.616010605108471 1.295056410743251
87.78720209811863 9386.12775296941 10.0 2.233107217265621 0.28216013333759343
67.66728286998446 4525.389587506681 10.0 1.0215012321043326 1.728291230332212
739.6871239195502 592.8388993473666 10.0 1.0497211209783766 1.516345375305537
105.48706126218366 7013.626958594556 10.0 0.6677888098746042 1.9414492178135985
516.2961491576849 5747.272682574696 10.0 2.523828859815553 3.7661019534219893
65.48471749458906 9690.626896158843 10.0 2.8108208189967714 4.661621574956555
718.5143029859415 2716.051984121185 10.0 1.830653637424843 0.03239625383541331
104.87564166458618 1696.6879837815595 10.0 0.603991609568902 0.9278717432581473
38.20776145256244 4552.313159748267 10.0 2.1554770011555613 2.1210235171290854
253.64193551693248 7343.444678223588 10.0 1.3529940655233732 3.3296323095785803
555.516687573344 7747.9744809397525 10.0 2.847882459938515 4.792236219240027
553.9606327825144 1873.7646618492743 10.0 1.4227012073065783 5.869049890176583
435.44274551944864 6292.277892498556 10.0 1.31145527652551 4.762840999951285
760.2396463892551 7422.451640443703 10.0 0.4601672853323367 4.774905033326771
108.87274528833302 5950.668689352162 10.0 0.29635385308876305 2.328677821943981
509.91808306036665 4841.817090504807 10.0 3.0115661652296697 2.538233644613202
973.1945461455787 5678.073431525805 10.0 0.4811974220171281 2.9107812936537094
125.18680958121652 9556.181219089929 10.0 0.3785813952247343 0.6919820634098319
897.6613955541739 5580.641221866789 10.0 2.9984090023962326 5.983402329887704
455.7856951831654 2109.367906897631 10.0 1.743382568784273 0.9941906704152589
68.66118205632033 3340.0078459150095 10.0 0.21866081347337546 1.8287810049421462
423.0338688110612 6569.25605833279 10.0 2.164348126501952 4.829077367912556
960.0466372632858 3514.148420043779 10.0 3.010507154445503 4.417551724001857
175.24908044662124 2453.446988335154 10.0 2.024764021588249 2.2111805727254725
463.682972868954 6628.8773767137545 10.0 2.680238456097275 5.771191161457531
14.712318989870464 8340.115112596743 10.0 1.6649721069128 6.18037892936758
465.36875687459525 7474.063444620823 10.0 2.2018396980070447 2.6274992282804965
506.33446877486443 7828.100006326415 10.0 2.5279932606912334 1.4508359063290068
401.2869396236026 4518.615397842705 10.0 0.8049209153679532 2.7566758841023713
428.1804047132251 1010.3037454256591 10.0 2.951749420217043 4.473351634520571
580.1415730633977 4858.307349352218 10.0 2.1278516946093813 1.5277566164581073
474.00762851668196 7124.458822297127 10.0 2.659147769164561 0.10161777864179654
306.13711148150725 1610.5030137864685 10.0 0.6898034218175865 2.5773799962854596
867.9750918613087 6545.32406814486 10.0 2.508356817010519 5.428928557874907
87.95600849636942 3169.840785799929 10.0 2.751764733527171 0.9240205507888568
301.67883955806826 2782.3757366328496 10.0 2.5589627433687463 3.994696957264496
468.8912526807113 6238.944646826136 10.0 0.19191652165776607 5.521251939642807
853.6703942638393 7647.0520003247775 10.0 2.295094708548756 4.0689236318697635
263.2899067753439 7048.2201388727635 10.0 2.1601196878709246 3.88520998637343
801.6144189399898 5253.618387300598 10.0 1.3488199037427304 5.054667313565095
234.46385328696107 7678.802727854781 10.0 0.7254010586259542 5.480081577673252
487.24182446182994 3017.7120368437504 10.0 2.994098819414939 3.1945560224857092
499.22414670391646 6902.71429331756 10.0 1.9847272052352858 0.5233446146901644
644.2543146936255 316.62894883343284 10.0 1.4758440405629634 5.9753519736828995
194.19518257414435 7454.2978237694815 10.0 0.41774900710740775 5.452100988410305
849.337169731856 7975.417991694391 10.0 0.9974647221616776 1.0626409062125188
189.06485271120067 4146.985532935258 10.0 1.2522680936636938 3.4378969237372132
6.43589455295035 4242.843384847035 10.0 1.8783473956414964 3.09770263663149
881.9269191243313 9749.469358562423 10.0 1.6118322468046518 4.598446605079034
24.453466712956008 5421.275173679402 10.0 0.13385956489754464 1.6665189974163939
361.872051610026 8035.331368772203 10.0 2.2234867961645697 6.019318281776792
98.52417541382607 1814.5764910353712 10.0 0.39197438577032384 6.029604420108309
473.98363494109685 5920.199982849166 10.0 2.8685898422722125 3.9773711509968717
255.02031619720157 2158.0439194909727 10.0 2.0053065288367846 0.4978400312911631
571.8944702157701 9100.491394106017 10.0 1.5184413111266648 4.983408315782052
70.44817316462948 2194.466842686749 10.0 0.684157710933971 2.9014035399243303
993.0609456894117 8107.802027212131 10.0 2.1739102827154553 2.681871720477134
724.3892922147722 5560.367836935098 10.0 1.637677675383596 5.47945561156805
541.910555782214 4193.012535209284 10.0 2.6561253323897667 2.31352626535582
796.6434846471293 7646.485148493157 10.0 0.15494073470668002 0.062453577365716606
516.0194702453329 6954.1656668302785 10.0 0.35413600955081576 0.08869778863136596
468.7297508873429 5596.562511469813 10.0 2.58206406666027 1.963237511749602
60.47581611196795 8122.1812660587675 10.0 1.3137756122814797 2.318607814137078
39.901258209803395 108.50504207740697 10.0 1.215667030516465 1.1301978685946208
885.5855010757441 8418.47125608659 10.0 3.1293924303110963 1.0771445771321957
917.8308676864295 7201.968028818656 10.0 2.7723353669624564 3.1644897647007744
633.0764122862405 6898.515410915341 10.0 1.4253289901315775 0.665393574770897
494.12321757747077 616.4366837671021 10.0 0.39244382738424205 3.931602904619203
425.95752863138125 4695.462927426884 10.0 1.3843898025427885 2.226486805438304
564.8097764368207 8003.863152990964 10.0 2.9751692308079365 0.6789882128662525
387.1889369587289 7577.819632593978 10.0 0.8579729264302042 6.225576486098494
205.9830743133626 6579.92175700514 10.0 0.8074725279030734 5.9121673557993315
162.3192381513283 4235.28501909195 10.0 0.34253281049921397 6.115938558564464
264.72621984703227 6397.943022354168 10.0 1.704233814368521 0.4366139404716865
731.2464601700137 9706.802296743805 10.0 1.6446602548439317 4.631676533938927
875.4942022137652 1909.5929141347578 10.0 2.485152985252351 2.3045398483088304
44.25870320750447 5864.880810182299 10.0 1.824761736293961 4.036882083313705
662.1031229709126 4976.357458031629 10.0 0.16046856968209283 2.719910848474491
267.510924638847 3370.2569158878737 10.0 2.361087398847535 4.913317403288132
535.4834618765237 4995.893871763064 10.0 0.32809163131650276 5.3310827922390605
673.0938430443668 2010.9540845962026 10.0 0.8541817130420082 5.657179465234123
247.3537974055602 4307.314578491824 10.0 3.0612969188445813 4.787385631357556
458.85162976001146 8839.804224414966 10.0 2.4922663322945833 2.709490629792617
109.97131700443896 9539.46276340621 10.0 0.7585882350129822 5.90056353411669
33.104076658602935 6024.4933003236065 10.0 1.318869251033428 5.681826417259618
542.1150386180702 2066.244281405014 10.0 1.22160332867395 4.110397788753661
549.430065079073 2824.1964491452964 10.0 1.509931602043879 1.4284782068799795
351.45829459762126 3233.077780840776 10.0 2.0477287060803775 0.3210876814255776
726.6682257728783 8606.857693543654 10.0 1.9981706787186162 3.748874630761878
913.4866602934974 2518.5253925635243 10.0 0.28912402059012765 5.3652363982543125
239.29102618879884 6321.186830208224 10.0 0.514762103861001 0.24924702213591612
657.117498462158 9295.166072736809 10.0 2.7347349111655848 3.4894575571872406
213.30882316583043 8337.426435112902 10.0 1.647176733205018 5.303992733156103
517.1773241430008 1353.7758113133646 10.0 2.9572691349263804 2.9060473796125654
612.859841683891 9070.958357261638 10.0 1.7310304335253492 2.371388876366205
263.89354111354425 5854.874186939002 10.0 2.0082545581193805 1.4330667765804708
552.6424463786998 1302.8094238339427 10.0 2.7190232755671704 0.31207230901646243
869.5564044018514 871.7037898520518 10.0 2.774838404701337 4.692057490672649
821.3459868455133 5611.117308988496 10.0 1.1412901539640077 2.672902852637599
322.50772271152306 8188.701173983093 10.0 3.0451663021121673 3.4255542657042506
151.2364418770461 4827.622473219218 10.0 2.7294420410907114 4.628881895586927
548.6124011073632 519.5234011306793 10.0 0.5482073181852026 0.27972302780969704
19.052942494584222 7933.247200027952 10.0 0.9646382764520837 1.8997097923311221
350.3693154653028 8808.694575364892 10.0 2.0281401745390757 2.03906945813675
13.371868304197342 306.82249590749944 10.0 3.1086926868544147 3.811542262020048
523.8173284620414 7780.930544575722 10.0 0.9244803486554483 1.68510132586043
53.5941574528015 9741.02797821846 10.0 2.708645090294072 0.2630076231461571
563.3932291806354 402.20877502132544 10.0 2.111861574806901 1.3543703041129396
995.712696079333 139.60678355235734 10.0 2.554153063297208 3.571346064254166
614.8974582615587 4416.642991403494 10.0 0.1511872944079479 3.1784071382469503
410.0154498875266 7309.915480263856 10.0 1.2153037063533474 5.001988647891557
586.723931288884 6623.225937540872 10.0 0.5016399237378403 3.3730128551463125
565.8811962849777 3764.8751155839045 10.0 1.5871049609964627 1.5149562031854273
579.5104109369797 3056.502755893684 10.0 1.1408374728854351 1.3824194233239382
908.8235271655635 1948.3836045140135 10.0 0.12135125847647409 4.788028100762698
44.36547979704963 5735.238564527951 10.0 0.4806809266684457 6.038708330948636
564.9397349107413 7798.252834198683 10.0 1.0349557613203828 2.696093988654257
329.8283483420719 9143.140271081345 10.0 0.8624604013219709 3.4181118580281917
657.9207955791846 9060.730914493617 10.0 0.03827593645750553 2.076530410261303
527.7179746325602 2105.696723859293 10.0 2.8329288521583447 3.443067882156591
473.7785626713733 5270.6773442692775 10.0 2.2928784909764754 0.4379036251175349
778.0274545502195 3227.2013374428243 10.0 1.8964121460487242 1.1063553672056121
758.446482296147 8811.44638326682 10.0 1.8635100888372493 6.017061796928651
443.0201666125022 552.0149599432756 10.0 0.22342384526562165 3.923699861655744
683.4101591926764 8968.547516633027 10.0 1.5108869846066824 0.9658072521492784
810.683786617327 8614.136919081415 10.0 2.5993530909883202 2.3318812611878736
264.52388326918276 3391.14135668936 10.0 1.6608656873551948 1.6297320525207253
237.6983655983257 8539.143280824821 10.0 1.2397115734285202 0.08121327054229983
269.1695280682503 3875.435175195946 10.0 1.2682930469212124 0.7446642878665028
892.0751153311006 9362.555414883718 10.0 2.0077137885481515 3.3305760965957627
896.9139531718009 5884.041104531395 10.0 0.6721551590357315 5.203568703961707
505.621476472669 1228.7017005951561 10.0 0.8421005168045625 0.6708697394182017
768.8210462840947 3715.35799729963 10.0 0.46563550174344415 1.3432378925391424
796.3893445425763 3634.1362870596327 10.0 2.200887917174123 5.5726655947654615
10.575110700531853 5737.040504325235 10.0 0.6148699749481232 1.713360095658318
471.2624386097855 4379.674239287162 10.0 2.466119464143861 1.8467715380986205
464.5712347117198 6597.617180112398 10.0 1.7039909597132623 2.135704716801324
968.8389204840257 7395.108250815596 10.0 0.27017181170474114 4.985157849193753
316.1293561011607 5830.321548257971 10.0 1.5446734772944326 6.157603542310843
352.76589747621756 100.6685642381655 10.0 2.2417865296427326 1.4311427608745815
668.9880531667948 4763.195775225343 10.0 0.02334945418490637 5.397732226609983
15.681596151691512 3469.288225365017 10.0 2.880173078118042 0.6374338937540432
855.2344699509521 6149.5334926728765 10.0 0.7119146843067937 0.6317366247716253
103.9219668006891 453.73657905442235 10.0 2.873930081083227 2.8016281549838533
514.8263549548816 3432.7201501448867 10.0 1.6947422697022847 5.52278471361118
823.1474389946392 942.6835049674509 10.0 2.1616311965700463 0.8988386013961436
