1000 10000 10.0 10
1000
626.2581443469961 5504.390383068772 10.0 2.5144449641758486 2.3764024625289593
683.9318802263895 2234.9096047652097 10.0 1.1331134238942078 5.2394282522981594
463.8718694148962 1266.2785079063165 10.0 3.033796306922084 1.2772414327286616
606.1662190193788 2165.050257342668 10.0 1.903351824664527 2.968832042909779
71.1428585475311 1133.6986247369596 10.0 1.0319667300187958 2.5751305599085916
798.949000770646 5680.49885526172 10.0 2.979925748340624 3.8736733080792405
89.3770421606801 3853.7041046533527 10.0 0.45253731319701246 2.8379348576814727
968.3246480161849 7278.602903450861 10.0 0.060782290978710546 4.89784137151953
386.37868188795466 292.6837030354712 10.0 2.557897415470308 2.717686937653579
955.3638479346644 5843.277463242266 10.0 2.5533469533832713 1.6493625656882285
70.29880418934297 2493.6826586057537 10.0 2.0845405695146026 4.144846862071065
687.0540164167884 5877.924341702265 10.0 0.8174455032811642 2.893553155592096
730.1068754992815 2250.936165705154 10.0 0.16496217381239933 1.482127656090284
90.14159448099058 1400.0944981843068 10.0 0.4955335843826549 0.33715051908110155
437.84259971067627 1115.6774013941729 10.0 2.907028681226721 5.9323415887316395
628.0820687673097 5661.957283945232 10.0 2.107614944766775 2.8983135445669874
297.8034112144002 6247.28247524751 10.0 0.43982649703494753 5.8354353699541655
371.2542970199999 2360.637038674789 10.0 2.7939669425818523 1.1839468660670005
577.8245368401067 9023.814557952204 10.0 0.5602158422208259 5.821726426426404
760.5952016540753 6502.479542192159 10.0 0.4848143898658631 5.926760537210354
707.8074606882069 5826.029482072107 10.0 0.26255749250281213 0.3326196762916075
474.81101743556843 5585.313986060004 10.0 0.4110508710679942 4.1123698313915265
680.6531362076304 2908.9072317569085 10.0 2.2725598327958423 2.4846676881735568
61.321670460768416 4262.767971480832 10.0 2.664352200061104 4.823180605202691
640.7563085004368 9774.768261997311 10.0 2.27921704424225 5.779402173036241
241.0941093857657 8154.702464824867 10.0 0.5659109166024061 2.8214033764754594
695.2171347457063 7962.041373884557 10.0 2.149505042895379 2.776392956307385
47.52115864098761 4967.826228810995 10.0 1.5388604488392899 3.6236055651540435
232.92629436042378 4663.742309993306 10.0 1.5233444087523473 4.205407495690796
209.50197535237658 3590.5547980448396 10.0 1.2834478269310707 4.062591756796614
286.6798736473305 3089.7258475383683 10.0 2.653144746105924 3.564346352406488
438.8804785382152 4326.173740452912 10.0 3.0606373878510893 6.115575945608217
723.4802836026855 3986.777631475843 10.0 1.305791892025561 3.466422645641221
532.3978695561549 5928.370602764681 10.0 1.8876292964549193 5.118325092955263
298.1795626891348 5230.602341217287 10.0 0.16218862369900366 1.6593722644359832
448.31563472119416 7603.198038296309 10.0 1.8890310529362762 1.8699035610096477
855.6210624763085 8903.77569972616 10.0 0.2534503356003029 5.856273109759523
767.865067112776 6641.529311438235 10.0 0.7443326826903832 1.7388476901890493
216.43606912002255 7773.720420438034 10.0 2.156478456945368 3.575092291207608
201.67997416323234 4846.069645675839 10.0 1.6214410914308852 3.1515089186065937
531.65129152748 5584.768459873233 10.0 2.3331420957627724 3.250431742406316
51.36816846149084 9416.986025155687 10.0 0.6740926037288039 4.546840858902482
141.26383623456917 8078.373620191088 10.0 2.1986243240540944 0.5579582276452566
786.3787734427203 6460.218097062721 10.0 2.6389173231849417 3.904034895176022
221.93950298511135 4155.535453944152 10.0 1.1659965789973896 1.9229520803419384
146.32081473796077 7782.530624152501 10.0 1.6143991787924472 4.219317617776156
758.9910433898958 9095.49799374094 10.0 2.248151952452408 6.277351432791019
428.8900021945431 4137.372891418713 10.0 3.119450548724733 2.1799052056566777
627.7923731175447 4244.784780616164 10.0 3.0349569598558452 4.780093981273174
873.5594937163105 585.6069318503576 10.0 0.95190119660276 1.6857618159222438
819.7850596200824 90.63408634606418 10.0 2.1975488641534566 3.2376901931201156
301.1912404606436 2135.1642383117496 10.0 2.223379093359863 1.1928270934736427
98.23341112137895 2132.895579990387 10.0 2.1916202713722757 4.41771871003734
419.7237268930404 323.69781838877844 10.0 3.0953087828540524 5.953133467503606
618.8842131998589 1468.4509182883055 10.0 2.1833019252165315 2.11606564515275
456.0929809077372 3908.2885886822814 10.0 0.7385237687253409 4.700701182809689
300.6876845628037 4502.22286295108 10.0 1.1393941255167797 2.7104151955312275
24.54237694247807 9326.270059665547 10.0 2.160681431504669 2.699338991332131
981.735556782612 8698.831753694285 10.0 0.39316813236392023 3.5387007607022984
391.4781594499826 9091.234703429369 10.0 0.7558467125060941 3.5773453242864712
645.5728272405989 3788.9656536859306 10.0 2.065543289494364 3.525283143185831
547.0263512152512 8788.28245365878 10.0 2.1717494174817245 3.590905064698383
253.03920180741125 344.52351779393763 10.0 0.5068438692201497 3.6678998869519948
743.447847221387 5832.574655659071 10.0 2.804838411529623 0.6969219102088132
964.7965455376402 136.59673173382902 10.0 2.408847646400857 0.5515210631682681
410.56742560829963 5655.257268536497 10.0 0.9478430337543541 3.537261127074892
789.6987527884784 5190.348297994283 10.0 2.066496738535301 2.758785608654042
608.3733199647786 3480.8141786596925 10.0 2.019428134907295 1.8744403887961696
944.1599899615572 4950.855538182054 10.0 2.4168546020183244 1.0865242259253516
426.94338997210247 2359.9131599084867 10.0 2.0820769681708824 6.1028578797477895
457.677893641162 3473.9767052510006 10.0 0.48069623853774696 0.9778584005409331
993.8542142647086 621.8083945741704 10.0 0.6131790338430806 1.136664599691959
809.6676549762193 1056.3037244722261 10.0 1.1307801697790258 0.9554905704507617
999.2293883952506 4410.360823819228 10.0 0.03192018455361038 0.8381898066708128
632.7634315182248 7218.265107394573 10.0 1.3741327553414597 3.4745291899190587
898.5831506038875 3467.7385279270466 10.0 0.5354506831387926 1.1641327511679562
767.7434122432755 4454.441779193108 10.0 1.2184115673988127 1.6707214725664297
203.61565553203997 829.8617580108536 10.0 2.7247996533409578 2.4854691330821304
205.23446288031442 4665.154126707788 10.0 0.5884392791199607 0.14810465687589935
521.1163538565814 9597.651466651174 10.0 3.0120678136502246 2.9308427687965968
699.3529082417497 2683.390085621511 10.0 2.2346581171720383 3.8571716946458667
250.1312540923153 2448.148566834235 10.0 2.143347468314688 4.404091587758976
88.43771395468303 3811.129519341688 10.0 0.5199493092627173 4.933226591331583
97.55080021019124 2049.561500061908 10.0 0.8333278498130183 5.382308495339448
608.0319909895605 4779.131802308115 10.0 2.7301040792563107 5.218583007661486
822.27428288014 3044.308672453375 10.0 1.2752383898005453 0.15393909746821924
731.269420660604 44.24729921511994 10.0 1.533335444067559 0.6657260768623793
868.1073168203058 8764.115351365868 10.0 2.6592552114504797 5.727207236240985
321.8216650558705 7838.316896155931 10.0 0.21198765576138776 6.185792687930989
795.5482499074895 8341.229867721126 10.0 1.6090412010596342 0.9798835592696259
134.56311470213677 2882.7191575901634 10.0 1.4378508388679487 0.015600806759424126
672.6202078939378 2379.8193871171757 10.0 2.948304897684497 3.4842131300392136
949.1090607741988 5182.631127787516 10.0 3.094774581417702 1.2560701391560076
834.9046627370313 7851.6091263366 10.0 3.012363013202457 2.07360558508184
871.3838150171373 6815.061978119542 10.0 1.4553773228336577 5.71722023439817
674.9329527155251 5379.828035045713 10.0 2.752869084360815 5.142422707022417
588.3747380312666 1124.7252953351726 10.0 2.804045948344758 3.147369898758434
371.0919329115395 4575.521913569407 10.0 1.8551200690120218 1.2852840548792266
611.228572428452 1241.8086906512094 10.0 1.401520322227403 5.1852448625084495
716.2001767813721 5590.297210053464 10.0 1.270973389654941 1.1610383325034634
791.8463618844755 7335.708238427009 10.0 1.8522778612830173 2.3781298439385368
455.91054231588004 7549.557734497819 10.0 1.5151004185819081 4.31171051906705
648.1330918258135 4518.783220504911 10.0 1.3585114722292186 2.6578518099877733
797.0959779989207 7030.298054513219 10.0 0.5656650123155745 0.1313123519705577
283.05841473189554 5814.202186758529 10.0 2.0679354673657895 3.6442832131681193
996.3743001082128 2247.514096651203 10.0 2.27909782771194 0.6528661651669614
932.6846330441103 7101.935435401404 10.0 1.9859347788383224 4.044263745372261
188.92839188401112 1113.2944946424639 10.0 3.031739347284106 3.861822491330883
428.31826540972304 3456.960080720761 10.0 1.6725686380006914 3.905000479197771
867.7781149035039 3832.655518073462 10.0 0.4847451385959154 1.4431479752231382
107.9412872955845 8793.741081933344 10.0 1.8984829767071256 1.600473097414088
673.6601224160031 3200.1818562376816 10.0 0.039008681675244836 1.9268967713404608
962.078557964312 3231.0462796951942 10.0 2.7767046231679355 3.283349291643406
405.67176811928886 8261.534377057846 10.0 1.6154371164870993 4.068759548247588
49.25738328679152 5091.163507828155 10.0 3.106315959582659 5.557049240010351
412.83554600133954 9503.89004154192 10.0 0.4468004359418439 1.3861478804193281
466.2157189330973 6947.578199323958 10.0 2.591001456803488 1.6579805787031832
776.7400833644549 6239.3741250937455 10.0 1.7952491882560326 6.093380124519902
408.01511987787455 7635.176350439055 10.0 0.9560775751731296 0.1769173617101938
945.4140406996146 9345.547616461135 10.0 0.02951470027050077 0.5689340308852171
103.21473959660455 4637.033124586176 10.0 1.3393834545251304 2.9369902725875283
728.5892907053704 5027.014788519683 10.0 2.0865011671444558 2.518667069436766
659.2625817463428 3761.851587306755 10.0 0.9840717717486247 3.3138871379220305
814.5093501395045 7762.208670774474 10.0 0.19818866835682128 4.313115797899969
103.26031515793433 5526.114014698585 10.0 0.17062211423568113 5.022809441121705
218.43966776574564 3099.4220254811967 10.0 0.612094923807684 0.9371097424377254
153.25789218619613 155.00661579833653 10.0 1.420540204547242 0.1356711920229048
323.0354962146227 3466.142674855899 10.0 2.190640304913241 2.1182931163310363
505.2341396840422 5616.181079868788 10.0 0.06393701145461476 3.742454882107299
420.72439060499835 2655.757279502019 10.0 1.7725336819773767 1.1701596867941115
670.9196893069094 5600.416992840052 10.0 2.6060994747956423 5.480396460421426
918.2586370622683 7155.686066308452 10.0 0.2921361722395432 0.3197106535932857
651.6184238640415 6863.244138012115 10.0 0.15781954334905482 1.3183618919795785
613.5947061338362 4981.010892313695 10.0 0.1461226068229647 5.365085159502318
983.1837542689242 7841.590438901473 10.0 0.9088359373272927 0.3776016014525468
705.2553993162941 5177.657727179558 10.0 0.7901207138957367 4.6102714152721065
937.3057771455598 2959.517018030815 10.0 0.21446861888228264 3.671838702801123
444.3312547037007 3659.198846495906 10.0 0.3334070799123645 5.143470536610743
914.2659629190003 9537.102031725191 10.0 0.12878199279224503 3.48591542420823
589.2773493579631 3541.334849984441 10.0 2.2603583224938957 0.03455264739218528
312.3151934788284 6716.536617358769 10.0 2.5074504148094627 3.4175467975055365
73.66174403574732 638.1197851662201 10.0 2.0600142124752163 5.491625740337723
408.83156827600874 8319.494836633026 10.0 1.1198646412850153 4.128850091453484
547.0218047304735 7283.99314134542 10.0 1.5871365837120892 0.7114492162248427
38.414461043469686 4049.841621882746 10.0 2.1370059203877227 1.9560841337662738
698.984773323689 145.67744961988427 10.0 2.3741762173534036 0.5699004364258461
103.07052329452205 5955.739342391974 10.0 2.616050353824552 5.11453355199939
526.8087100456677 188.00920257866505 10.0 2.1555867542812024 2.7810396770472403
199.64861597837324 9565.21632716401 10.0 1.9013242915989608 4.691224568023954
956.500053379659 5457.762052914535 10.0 0.8017686750781057 5.113462770424668
899.6791791823298 1609.2596747611742 10.0 2.2661107335674724 2.5517815568376245
477.6640616706646 9849.524565687812 10.0 0.6541755655335765 0.7968964794224797
466.7748647977533 8746.495165117754 10.0 3.029093052034185 5.0797776370753365
702.2446279423259 3517.6978164630214 10.0 2.746474737095368 0.0528721546533894
46.7483220189745 4203.517572517349 10.0 2.5893989068135346 0.051884001429103814
7.309218092742542 3098.6725023514937 10.0 1.1820558641499095 1.5903959412029045
615.6035955137786 1744.930543853549 10.0 1.6184581349384424 4.637957330736377
672.0356847431221 2407.250038617582 10.0 0.7147234157202673 2.8411542240533008
220.557272003829 8887.163439184462 10.0 1.4322839039292006 3.9090281892647236
169.05681866879064 6771.368276457059 10.0 1.6834031308482549 1.0495090358357935
299.24567863144927 3770.123181112954 10.0 1.7779658771585143 2.9308158622887266
520.319293228919 6669.1965381227965 10.0 0.9096430533259536 1.7351876661637948
112.27433590635461 2600.7466473579775 10.0 3.053558663505361 2.4009549004111177
877.6127072622992 8832.660679512108 10.0 1.4034249673311552 2.351888349635307
574.266050565141 7082.514707786867 10.0 3.0579873820856958 4.668629946701023
737.9255979323658 5481.461013745684 10.0 2.517047789983073 2.2172223247486884
18.56356056447883 3744.9896404778924 10.0 1.144135599327504 1.4664742248427254
453.7841513405344 4851.647009602195 10.0 2.662505878944234 3.395622002177219
680.7435422239138 9587.442317995188 10.0 1.4425330703657415 3.0695371965596756
948.7301620160915 8682.808543600391 10.0 0.36929119696605966 0.20256290472927876
936.0975862654162 950.6245654518063 10.0 1.3252718057455588 0.5209172377552903
798.0944086859595 4827.949482237977 10.0 2.2360979279344546 0.551541758927501
576.2369304138423 5030.757477385582 10.0 2.330660787294114 5.461867190760371
85.22164725528292 5650.103596696482 10.0 3.1330051378648576 4.555530504464818
659.9768607792508 5949.791616564208 10.0 3.0147107433632208 5.798891892633939
693.3035001608723 5369.755531783358 10.0 2.185488192018448 5.595495069997284
723.6572344091114 9796.005336890035 10.0 3.0959771817881876 3.7367951887435775
942.9755994906396 2027.1315252863164 10.0 2.618075090691919 5.241145296371452
386.05513208889784 5549.001400351927 10.0 1.9217982501621178 2.6845296479471172
735.8350767665502 2223.419395761459 10.0 0.8695339455276195 3.563948176737183
633.0462949447777 1303.167459642449 10.0 0.20210358409757828 5.890247281670324
614.0346897289968 9304.981675366369 10.0 2.5927983627989 3.351458117381535
317.1710782554086 7703.658117696115 10.0 2.175997303128634 3.2681494654472267
396.1098652846396 8154.626248637093 10.0 0.26568217952704126 5.470962231419364
657.2615983782957 3008.967190505004 10.0 0.4537538764453647 6.131941477561049
299.19498620851783 2253.992785884734 10.0 1.8618703904841 5.617159035653414
773.2862308808144 6694.146319845571 10.0 1.9604867865215119 2.6249294292731276
707.7849697944761 1181.120747720903 10.0 2.896734618026989 4.249388548054714
541.5673683715504 1008.7374446858599 10.0 0.2551089573510257 3.517311387923931
999.1986374080715 9207.261794241911 10.0 2.293035678189441 5.3956115154735755
305.52925922373475 2403.4795247378706 10.0 1.3455303740153421 4.036809961345975
85.89981137729086 8156.995148317772 10.0 3.075748357599581 0.4206947949385928
227.13176863120222 7239.850840942418 10.0 0.4197305774230146 3.128862155962586
584.8327499339528 195.71403642811512 10.0 2.522493124219233 3.5423861210432146
314.1463243951035 8696.512258240224 10.0 2.476484917703184 3.2018881448979326
773.9279534986729 8708.54138396206 10.0 2.3142019884032163 0.10404991445496739
408.4305966869569 4286.711806841092 10.0 1.5541414469246493 2.9485552590900723
745.9345134380135 7934.737449500308 10.0 0.9010021563389689 3.1928499531120593
670.3577793054997 5900.713061618483 10.0 0.5456526491440333 3.6879315203364307
419.735520874433 4521.666441187411 10.0 0.19874043399241081 1.0726302422604628
344.5570589258258 6787.312220695517 10.0 0.43542618070921507 0.9787388941278993
319.30252041313867 6662.377423637694 10.0 2.968299830821966 0.44495941050706667
842.1211622100142 2388.5021160187557 10.0 1.67629170225012 3.939752199199127
280.4455338170445 8980.869166185985 10.0 0.006407592646321566 1.4146668111634788
424.437753542247 4441.349919630951 10.0 1.520017376722461 0.6204759786353798
495.5145267352258 3829.095805548558 10.0 0.4691067578583821 5.5007746702162805
23.800297586141106 261.14879009588645 10.0 0.17454424001476881 2.9643323640076704
556.20885096665 2159.7794719325802 10.0 2.354828873602384 2.524899910576869
985.9551370755506 1619.906870025204 10.0 1.1721683218725163 4.884492977934429
404.6511090592876 9639.090998490385 10.0 2.0213337006322147 3.1605103831385812
769.7408098184958 134.23425168939463 10.0 1.54307877780547 2.7025492551418613
352.88099770031897 6163.260616325926 10.0 1.0245101714354117 3.284847452126937
888.9759455435441 8576.693631342825 10.0 2.731575222937253 2.57634047932459
580.9260758864434 9443.182213641343 10.0 0.7683576240194461 0.32397650839217057
631.7518187223623 24.674449681102438 10.0 1.7210574100943443 3.9459107830280598
773.6054837165844 5821.073582771634 10.0 1.3736062057098 1.1398512988219298
342.28608426228027 9260.85392938067 10.0 1.1590922409148128 6.146026633895029
806.2226115722591 3983.254371050203 10.0 3.108276752230569 0.2781843744227453
300.4937796531667 3339.307712865385 10.0 2.6610393666111927 5.2230770580486485
639.3033490249372 9733.104680793927 10.0 0.08410127024366974 3.214493883676146
484.4317106805245 731.332244651246 10.0 1.6631890785084018 6.113640344653355
832.5359802908808 2488.266853914387 10.0 0.6904202896270913 1.160488870606977
750.7728034780041 965.042122954668 10.0 2.981764878525537 1.5145760740369592
338.06885638389116 6666.153907984528 10.0 0.0668290257377181 0.3424950798758947
218.46644317369768 9172.803894363235 10.0 1.6213163915683106 2.292186865688131
483.32242487651456 3621.8242535409818 10.0 0.34724426282573795 2.8893066378986876
890.7410019238007 2460.5683986672157 10.0 2.9667277351902617 4.786862260926332
303.4715015509739 2302.288767154503 10.0 2.4058685785388922 1.400462098718033
800.6050310734191 7513.167980528186 10.0 0.19882821242172372 1.851897196739763
633.7542977951532 9281.309775542974 10.0 0.43507458593966325 0.5712570488646969
215.0032084794019 1349.6332990082237 10.0 0.3465907166625379 1.5227164936958089
621.7642891905774 1338.7569076723094 10.0 2.045853160497597 5.423378316745249
682.7831953600092 9642.602235617936 10.0 2.6787382649239033 6.217154932903575
569.8813869936496 6248.580487706832 10.0 3.119088467806248 5.225435482809152
961.6299481917143 9515.874961354526 10.0 0.4273898104131032 1.1860265068045917
267.99823718676805 9939.464818051234 10.0 1.3593594511869016 2.608018594755996
109.12351335807868 6234.18147940626 10.0 2.223551770228042 2.504007254790668
226.69857818716454 692.2264211882213 10.0 1.3414762224593633 0.7186277754916527
273.0765594983542 5699.22397413901 10.0 1.2946183167441294 2.8333529370111323
471.0431019104717 3538.0160877811195 10.0 2.3244678511765295 1.0626978265253757
966.3079658333966 7166.05648324512 10.0 0.33022768595966795 0.33896422812022525
805.1197567274451 521.3907683209917 10.0 1.733841327961464 3.4158791520607896
861.0087139659627 3093.8629570715793 10.0 2.7878771374042826 2.3943938760048455
707.5143467927796 4992.314677328182 10.0 0.8744406914804227 0.7635371733195675
387.85631947658896 5545.19793564128 10.0 1.5756236888931752 4.10334161775198
267.8578521943831 591.153933754307 10.0 0.22163250060511241 1.4933379743665447
675.0340135592214 1047.7515779366042 10.0 3.1177764567257373 6.063828790176111
824.6065404688871 8090.727906390724 10.0 0.6982758439130189 5.823433861600107
612.3109929741806 8332.700964279124 10.0 3.072775096163101 5.4261509696853
214.21133118465852 5759.47763912176 10.0 2.997592446377494 3.2496384360268826
75.34001561785719 5863.71216308948 10.0 0.403846982218947 2.6806526122515812
791.8326555014448 1409.815195381008 10.0 0.9390438235504263 2.8171045880604755
595.3282502047886 8570.652673181261 10.0 2.1999525099001622 5.350313283326016
633.7567136143756 6795.715563247645 10.0 0.18723797240706386 2.778670289457753
9.238350265508345 5702.079403425166 10.0 0.7042582183478511 5.050741241969313
581.6699754884772 7523.616525163031 10.0 0.20150862159146699 2.551573810197628
875.6752511738867 4210.562918524374 10.0 2.1821475052065753 0.19875237435710194
38.94753721878297 4140.682545769097 10.0 0.5913203245024251 4.375404875967076
691.615280427741 4584.911250092284 10.0 2.692213634602549 6.274611004629671
679.1120517623248 2564.5047128654865 10.0 2.731864929550805 3.91043877483901
195.13390691088216 8543.356311453494 10.0 1.3878169626142147 3.396996947803172
476.6193753683087 4518.288240132815 10.0 0.270760916321197 2.0022200308896614
289.28820527031587 501.7631606211415 10.0 1.3905224980306279 5.018409518686055
720.1269108452863 1135.6002371712636 10.0 0.06605506531841819 2.2940234170389977
372.31044309314973 7230.927906586341 10.0 2.4692035508768204 5.862920477593183
918.401332884002 5398.732906286356 10.0 2.7837893238617366 4.92191086468044
109.268755258216 2617.023832820524 10.0 3.110367602300173 2.338766975053075
759.0216244206692 1574.7482405544133 10.0 1.9740920475846733 1.814716866744355
930.3516335219272 6939.260415539356 10.0 2.07632388593688 3.768917455735973
530.0336547739348 2313.266013616261 10.0 1.5398906475197476 5.8248284301824444
790.9319349430539 2578.815481181318 10.0 2.8995827392459668 4.619027719820588
664.7129810489281 6570.057484947185 10.0 2.032257969091193 2.973164413015569
978.567070150716 573.1051061437631 10.0 0.4145310613181736 2.570328261177196
319.59151494578595 4020.5066855575355 10.0 1.239584197414919 1.4058904156734913
2.0914997433708615 4929.453812909565 10.0 1.4694595747484755 4.3425262450901725
145.90465450966173 4127.003123482268 10.0 1.9160863385765665 0.3728273533024651
847.957670831867 4112.223928660101 10.0 0.8005235644764311 0.441706940395694
664.6152158636086 524.3271034615793 10.0 1.4310122484831267 5.701201058003221
138.9817827846678 1617.4726954779462 10.0 0.3390271605379715 4.676355607175245
905.1701758654743 3887.0909786302764 10.0 1.7371461170056504 6.18087682144481
980.6505961447019 49.19413558990948 10.0 0.7875950099611644 4.528004716910244
218.1465681807815 8943.298348181916 10.0 0.3028034014724744 2.7772078331565564
530.1454875114271 5611.210907992493 10.0 1.9003421757908767 3.042624331384863
421.9427448784041 3798.084444319536 10.0 1.9767203399672235 1.9460490990474475
573.2401804244029 2428.7775557529512 10.0 1.5636634854564482 1.4708557455679456
693.6714727008859 2231.698902895144 10.0 1.4344507912524787 5.276804300541428
644.2279899635105 8613.959858787432 10.0 0.26762241901041345 5.933834848931726
864.4107408400857 2135.7946825904496 10.0 2.8792126893728893 4.127429299721392
474.03537618056424 8488.849232717726 10.0 2.635357062840589 4.732075277866287
28.968831326377952 5752.084997593238 10.0 3.0838532920164665 2.0524846457170347
801.6776664291925 7880.676814102333 10.0 2.1801316966572815 2.7157516375717
630.3198343359021 9877.431358069618 10.0 2.876077896525025 1.431526431414246
834.2132425188356 1902.8907174975318 10.0 2.218507418311382 5.92677761462018
428.8656901375098 6699.424210857527 10.0 2.9987421373429126 5.37326150396246
890.3527009602484 7136.256559789984 10.0 0.9897966807476676 2.090315744983847
16.68127526002905 8426.518753141083 10.0 0.7526657761725947 5.860279453155773
12.878812841778053 2624.045407808836 10.0 1.7642565221499602 2.95370721867672
786.898562447434 1376.7910623156376 10.0 1.4732332901517928 6.068190748437289
585.0339778683211 6595.370213234297 10.0 2.6937235978896967 2.413308910684718
518.3862751249866 7689.371824890904 10.0 3.1287740246085667 0.7000955641041126
236.03108105861403 8330.736008397778 10.0 0.48360760784072143 1.250226776802516
985.8811031968462 5322.625713368483 10.0 1.0787099613684128 3.1109168324361223
570.8442156647648 7083.862319287337 10.0 1.9098541868840424 5.822507774637367
255.72687854646946 9503.135705597873 10.0 1.1245956465209823 2.221817146338226
509.4353819753551 2473.844484963834 10.0 0.2907745180094421 3.8799250573721262
577.3779484236502 1289.5546586002392 10.0 1.4982381312657063 3.9726797596858234
270.5734840049909 3261.7130102538117 10.0 0.4727434333668448 3.919699433845381
30.822899220362633 1415.3887212762695 10.0 2.605857977829348 5.755353040767764
285.401934897305 3925.455480256106 10.0 0.7449757978512478 6.160808253126978
340.08490607216055 74.77333336545988 10.0 0.4600895248960901 5.16856346917665
575.9108726693236 947.5621751849806 10.0 1.10521784854851 0.9800021529690782
512.9551513599392 5815.305426497676 10.0 2.19842886510918 1.4929407647715203
383.4706622026517 3229.1604356274315 10.0 1.2694336223327827 4.258851505812932
217.11523737152248 9201.992947233355 10.0 2.3411689067616344 0.12087211462428955
82.58242433906781 3544.7954149645643 10.0 2.8694513560211585 2.43186174124011
52.805043648467056 9416.385392439008 10.0 0.5989299764630965 0.3307778957704316
665.0022605354013 451.9260688308024 10.0 2.7935963211078167 2.038949357722803
132.19234915831302 4454.948041516327 10.0 1.453622340489242 4.914859788796802
329.3952790137317 2569.1930497853555 10.0 3.1098476967993403 3.165241240320709
625.6002451345813 8090.74126615155 10.0 2.4955214847671017 3.7755793764585266
961.6754873647568 9637.524600354875 10.0 0.964602188377805 0.46530031735337263
184.74868107648902 9262.467825620812 10.0 1.275683041478356 4.55743885668708
541.1881865315909 7278.141806487506 10.0 1.175340816936429 3.942339724764234
403.16668384074273 2054.9515399749084 10.0 0.9528406701274199 2.7390598138804156
757.8907597684838 4861.525504781163 10.0 0.7731151379007933 4.1087445882244955
723.9308100064204 6935.108833528856 10.0 2.08251326188112 5.092835940437662
375.6882009290828 8401.408217183001 10.0 2.3503163257545614 2.5037629038217406
454.8869004365229 6407.475274381016 10.0 0.09737250017210672 2.0787505062478484
127.07990897807497 2887.85199091257 10.0 0.757253582763887 3.920352009034471
801.5108089759144 753.3513591019658 10.0 2.530135287053274 6.221225295963215
174.27353428728887 973.476038846317 10.0 1.5738025487752179 0.21085240874419867
77.56445150291536 2017.6282527075527 10.0 2.2758256948647935 4.911702710120326
421.92238125835337 7426.897516807471 10.0 1.7624833457600693 2.244704292069079
503.7038531026485 6907.3573605273195 10.0 1.0552848597952953 4.376087185064677
216.64278613233924 1267.4441920983847 10.0 1.9248017471243157 2.233021960328676
254.19466786147171 1766.124218565296 10.0 2.098013624681353 3.8249706500535914
218.46734122913347 9995.206586550312 10.0 0.9875672497310692 1.5330563904539474
661.8922141290445 5288.291696551437 10.0 1.8035757552948966 4.269138220635539
479.3904664333578 2830.488124910272 10.0 0.3295197555182255 1.8553271840903478
741.6416860118817 7137.174415891029 10.0 1.501409206939035 0.9740185858270918
14.16247484106281 2376.7173700670974 10.0 1.1617010586254672 3.8802658150161484
442.25523376764966 3131.204682844554 10.0 1.5240307218808768 4.34531781922242
398.4885365264622 6620.884973755639 10.0 1.7515516498791834 2.313338613294764
287.2217303262514 162.1545958601589 10.0 0.284277631456806 3.6619804308540767
179.78857558422968 5685.566667526428 10.0 1.8661131172394068 5.677527335006791
314.3058495517325 6509.478278175714 10.0 2.9830724753005273 3.2717183645580517
135.67448205488031 246.59812636939392 10.0 0.6039649908908082 3.8986915754363767
474.1925342413723 5714.831071502975 10.0 1.377297917628708 4.82454758868817
665.300815449791 1030.4581869015694 10.0 2.845257500829238 3.0888764710736636
898.3330845952242 4680.835229846293 10.0 3.06169561118867 5.469311864526081
848.7453889339625 1305.4287111989715 10.0 0.06911691751225976 3.459200284901141
696.1491612193024 9158.14976883224 10.0 1.0085404956646917 1.8275617571211384
959.5758587290126 6780.59152699032 10.0 2.0288419458997256 5.209867956559704
191.7510153520693 2284.9084216671476 10.0 1.0889130766271558 3.6963236369749617
465.75847682650493 9826.723806252796 10.0 1.78196221903635 3.151943628663554
760.3259796070985 4342.5886470111645 10.0 3.0317105969329003 0.170235763123618
804.0655860595213 7433.155814700422 10.0 2.4018564500208797 1.5013557881958033
674.3538522965329 4392.374671310332 10.0 0.7079396686882582 4.65669963922077
463.1377548522565 4814.6532137690965 10.0 2.0051680658210667 0.17498937128390055
619.8049031544094 6956.073115032739 10.0 2.439785992175335 5.23559700156711
160.35689972754975 9082.385239885678 10.0 1.0190659916478022 6.020486530468106
792.4773346901445 9405.651114390226 10.0 0.5627235561706018 0.2442940096209113
147.6869261914805 9893.044146374805 10.0 2.150017102889048 4.60164728525329
734.6299046395114 8225.451688195575 10.0 2.466697376073259 5.2297444928487895
931.637632577913 6490.175221134071 10.0 2.575467186918119 5.661312126450005
322.06638728121095 4811.153355710219 10.0 0.5083635438876767 0.6617060807487449
942.5086235389577 3051.78120080934 10.0 0.6563762075490122 0.49424707865299133
561.8278100543642 3969.5361312072264 10.0 0.8744030060592314 5.000181803346951
938.069059720618 6758.264045385288 10.0 2.554838311653122 4.042171041206564
110.64895698051413 783.1151641575096 10.0 2.9250591055679216 0.6084681138010117
176.82984874856 5494.766776335887 10.0 2.3600457017143923 4.2354841888975585
674.3352019853362 4003.70407625821 10.0 0.40322891616369444 0.777480003821506
646.0643201301109 4601.9749894886345 10.0 1.2174391292766253 0.8186156348150829
698.2161114695788 6638.973213018936 10.0 1.2816129791999429 1.0606954185182216
879.7336241189753 4589.4458866478735 10.0 2.9359894828248834 3.307438051010452
8.831797268047392 6896.062402433198 10.0 0.9739731100131618 5.7960178014197155
151.47330693070572 4225.5213823929425 10.0 2.873766649685816 3.8112562005635913
317.00851150021947 5146.31217185203 10.0 1.501577999559787 1.819200160936432
77.79696707929295 5917.892310532634 10.0 0.25372324254091916 4.854527441941253
742.4797997274284 5075.175474278709 10.0 0.34531248223441097 4.271680720760757
916.6736910920688 2798.874235439445 10.0 2.0151637310362336 1.6918901208148887
770.2089514115635 9681.373204649353 10.0 2.304622423621696 5.666770687275161
96.63506161457991 9429.457198879298 10.0 2.7997322727963763 2.3932515468942626
298.5697718953825 5289.354141707958 10.0 1.65571518179551 0.24093357898832182
761.568294601595 536.1929622982542 10.0 1.8543740248995606 0.9004759092280865
689.5412435360295 9239.124309674195 10.0 2.067354934985387 5.86028393286802
366.3516934866718 4694.98110660644 10.0 2.1801943814550997 2.0403849888746914
981.0726606275979 9417.506916853199 10.0 1.1463211192440323 1.0400392832435241
608.4885672445179 2375.817325903291 10.0 0.8733928129024515 4.270836355480172
671.7754241425226 6294.894512624373 10.0 2.3584790479967634 4.081540673169594
230.89597160192199 262.56684180623324 10.0 2.380992532651452 4.587070142443489
738.097864860804 631.5568296384299 10.0 1.6178844459947856 1.3978692546233873
481.00447246555586 6261.823220088889 10.0 2.3564871154229925 3.621723069014057
794.1390350476848 2517.5687093745137 10.0 0.29429581594141674 5.439747241850865
261.32522376719845 2114.9175279476817 10.0 0.5416624505093016 3.109066822193201
554.25797880982 9910.415989951205 10.0 2.927091336671422 2.699826587461141
256.6405215417761 3027.1399762480655 10.0 1.3552892312171674 2.021205455695188
8.634786369004054 7334.346511058032 10.0 2.7012774485301763 6.233609184160924
572.9742083951614 6228.234142191875 10.0 2.495480763842556 5.537937353527639
971.9393537876304 7905.526424581285 10.0 2.5089765691753563 1.4494339246871315
673.4980827265429 2878.2304616111855 10.0 0.9222448094691607 6.03412384961078
915.2644439575931 4347.063228843725 10.0 0.8246546489486335 2.7473684340075786
646.5305900047559 232.6772236850283 10.0 2.389859243540475 3.6533503583068647
241.4791715524788 7157.962048025462 10.0 1.2130489156096693 0.33466261151156124
90.78400261745823 3481.3343416740317 10.0 2.6345418864353936 3.6605687103726585
414.1589787635372 600.0724768662735 10.0 1.4015947050737376 5.372822666156394
153.0165369558889 9174.391336219001 10.0 0.2144720940841837 4.735432795767825
600.2487386093404 9667.093182768902 10.0 0.3159597370852136 1.0582983966948531
503.2453087802914 4650.272644130132 10.0 1.2536531789806693 0.22201996135856503
736.6148514739427 3699.692852002291 10.0 2.5724296109849942 4.650249512292912
282.67673199093343 379.0911676722109 10.0 2.259245306100108 3.355054474863155
180.64288970706278 4810.813256513983 10.0 0.7062879698588074 0.9234919288405419
309.5103736085105 4635.815486952507 10.0 0.7992492869950828 2.2393998013655017
355.03676769981274 1785.2150397074163 10.0 1.0237339948046607 5.467167053893485
77.77257951622441 2417.2100857947844 10.0 2.93141078348116 3.257789645755899
46.97588051078372 2617.3287939436805 10.0 2.670645667549084 2.5992718680399376
334.3362190434501 3016.6127471074033 10.0 0.201205261014642 2.7101176117049834
271.7864492263338 1351.474188791827 10.0 0.5181206541953075 0.6096279092128277
269.2825723706398 3170.6121189134674 10.0 2.90949820433188 4.51855397673239
861.2832106560852 7388.511138397622 10.0 1.568715142452008 2.5085026873420584
604.7619994080177 5191.686254289709 10.0 0.3659792958704918 2.341623011731573
186.93780130618342 7922.981818187128 10.0 1.3904033939363063 6.18816391539356
117.5090490492694 2000.8657969343146 10.0 2.373206817435526 3.090805830925956
678.0300253853914 6674.81087203625 10.0 2.9591620695256435 4.962174861293691
380.168923124259 3474.4850743019783 10.0 2.8122322879626953 0.7680242866618675
44.93830463250548 4579.622098582003 10.0 0.8552557128073373 5.000338805062108
756.5910508095249 1019.0803741838472 10.0 2.2958797326489986 5.8919049177616785
367.72553697306955 601.7359030685942 10.0 2.1985544025907133 2.3497687554385163
936.2462333351734 9788.503062513186 10.0 1.4464860107615107 4.873659229541532
460.1766245409725 3333.9106462814616 10.0 2.555570487605443 2.0334331864692334
542.9236437381419 457.30465760606023 10.0 2.8040076114024663 1.73436841586328
169.4438459188401 6547.889420247537 10.0 2.3407126129786295 6.2086936296328314
602.8636125092278 4964.459804984318 10.0 0.4655416243012171 0.8165460483232033
521.4564895949986 4359.814562691011 10.0 2.364796223354625 0.47010850698312234
907.4831767878521 3141.488812844343 10.0 0.17455693717081838 4.34195157991004
872.2508266333738 4174.5733025680265 10.0 2.7922509539481375 0.36750197491538134
555.8496310479578 9639.04189252275 10.0 0.2661951060493076 5.990639758888284
475.3768023012008 8073.1364761405375 10.0 2.2795302221877423 1.869608645105868
212.05921339120292 3066.0080306211944 10.0 2.8904762143649925 0.9461438296529373
125.537532101488 5806.951992279229 10.0 1.13580919333812 1.5168467288100669
862.6766645797513 1755.2098175776187 10.0 0.05693542950588205 3.00655871357743
788.6180639114957 5063.459084275053 10.0 0.5660887397413582 2.250164733758074
109.39217552662895 3069.7490219912247 10.0 2.351729222431002 4.383415390644961
378.2595289270787 7166.779438913842 10.0 0.2669944678499837 4.155102449239031
282.05184035555953 5664.063564936267 10.0 3.034458385532343 3.8766008520100077
89.1349419484756 8877.655039889658 10.0 0.5725556313197301 6.063752117653776
907.2178103732839 6613.7588209268015 10.0 0.3436179946329737 4.489694203577823
947.0828258614576 3456.6891888403584 10.0 0.42467953600454605 1.545802456463659
317.41454173775605 7828.275166366183 10.0 0.563051916906695 2.5014145519510023
486.2551965209039 6654.957039308154 10.0 2.0779934331914647 4.656123350658239
436.2174141216081 8660.456564788592 10.0 0.5854117490808329 4.146038119181383
713.4357178122639 5796.046204727989 10.0 2.8181966939749903 4.147076211882572
24.339762976989586 4127.079502023175 10.0 2.901093964984983 0.8122905015830502
769.6847344613305 2613.5907210084597 10.0 1.8823548324457993 4.035120612148059
921.874714459882 654.4069860822954 10.0 0.4875967967447795 4.887018976525338
949.4671190276531 3008.360936464858 10.0 1.2894807436841118 2.106010465072156
71.84806678566858 3762.8299796424826 10.0 1.806531698048784 4.8965185695619144
987.4191563642753 9388.970896035524 10.0 2.066298268833686 4.557893455368219
360.2385996234829 4604.657031111893 10.0 0.39650755955426875 1.762078561608878
772.9110799819612 3760.267059139809 10.0 1.2800705172195683 0.6232342302123756
557.6216008156958 4769.116930844466 10.0 1.6806224822746894 0.5305853397692235
902.5611185221464 2223.460141626226 10.0 2.358962275129745 4.79365493332661
897.592506120129 1268.634934977142 10.0 0.4812087001386678 3.157820135507632
730.8574805122619 4052.061164454279 10.0 1.700318646115486 5.665613118814971
77.12637420612766 6120.446712898111 10.0 1.4402115941680596 5.510586865901614
829.0444708837919 1007.688789470792 10.0 0.1756438090388829 1.2876393643018045
714.0297424247921 7437.611082363073 10.0 2.5413870919059462 3.3246041718190527
12.429085470332502 5059.803735011968 10.0 0.9618669056686245 0.8677591638896163
546.640905959468 1443.4851667268422 10.0 0.9459747126151755 0.8595181121513378
346.26420991078254 5173.439065325561 10.0 3.0377697208790893 6.217413448588978
910.9351882285353 7323.723112813092 10.0 2.5990876947929693 4.996821360517246
790.3647468231912 6328.98460523599 10.0 0.4698496489959233 0.4453549268563563
280.19096947511434 9329.862525430204 10.0 2.1414944430969065 1.6636292811177769
392.61292433426786 6438.090325239041 10.0 1.5388821748951056 4.40172275827091
902.3732723837277 3048.560725631504 10.0 0.9778300729665127 1.0006540047647154
191.508953367882 9319.749854175441 10.0 0.8624353907744815 5.332699169888813
820.390679109116 5250.541039920121 10.0 0.19078233840629197 0.5024739887646188
237.92344323975445 4400.627698071242 10.0 1.8168067293148926 3.5999126428329853
810.3821326880878 9233.316070374152 10.0 0.023975743285681597 5.955514871387077
396.2075566971516 6303.691247788478 10.0 1.993282068782778 3.9161413050000737
23.18980700153439 71.74524716592967 10.0 0.7425613469854301 0.2425425245585509
834.8176194245864 9989.212420672759 10.0 2.8638715702217983 5.314330552426407
364.1740841674265 6690.494284003322 10.0 0.465920805936832 2.980678594822186
366.6097851747314 9612.198305207712 10.0 1.9445163708778328 1.6554423350032272
896.5273376219882 172.45450851913978 10.0 2.0602526226747004 1.10599548385445
48.9616131065751 1760.316026391965 10.0 1.9273825405779395 6.051449330672513
803.242269197219 217.1878254914028 10.0 1.1235024397119713 3.3274429511407915
703.876478864995 6236.372765470511 10.0 2.924218503909208 1.053245057147549
692.8913568909289 4163.458339658593 10.0 0.13713029574501023 1.704758612053546
268.22710228907187 49.41488513744652 10.0 1.2968171813063152 0.7673803566893979
284.3736161228754 5489.912745228172 10.0 0.3968230053558029 2.166925359601493
134.2945826698959 2778.505976254837 10.0 0.48646832188052735 4.229285732330022
755.7849406005209 1207.9737125921208 10.0 2.6594776151593433 4.615200384818009
890.7589934771912 3973.249639849835 10.0 2.3405701644835846 4.205737791314509
292.5680542246476 61.007410772322416 10.0 1.1052883412499022 3.3210935084214723
124.29794982725062 5755.117789010311 10.0 1.6270455179897674 3.541827609074071
620.0986605333155 5943.826341371488 10.0 3.12305765262782 4.502245200428148
191.9493123702174 6283.645590575318 10.0 0.9294176917781956 5.304852982799504
555.863873268461 3456.5943594995088 10.0 1.3981006332834622 2.9812853097717227
124.39429930817269 2251.559270164496 10.0 1.0689493386247988 1.097020003115385
866.3890600782079 5007.191704689673 10.0 1.4966977827301196 5.916809507020062
70.31729688193688 1072.8957397743777 10.0 1.5254595400168358 2.329195014658849
964.0695480176385 1376.1043095714142 10.0 1.5813356232865565 4.67084860798809
941.9984686746899 5928.177365759239 10.0 2.131536378200722 3.7391085237690205
229.0634495209629 157.9013932959261 10.0 0.747151899153624 4.793117714053884
172.2957446429606 9330.707020406388 10.0 1.2418540042320931 2.486066544487244
991.4015434177774 8993.3616586736 10.0 0.15806718567990402 5.761642048513832
743.1719549469649 3378.040997976439 10.0 2.0726626881848773 2.946275671808389
458.4709986575697 3006.3108334209055 10.0 2.78718580732459 5.902527094856131
895.9237714472287 7352.7079931565395 10.0 1.9928082613543037 1.7355408700574173
123.02856984135724 8359.23467427179 10.0 2.64348368272411 2.6682860219663795
183.2685870179246 5836.231350268056 10.0 0.023295485461851975 5.60555374235812
436.900074576361 6341.728460717671 10.0 2.276090192244816 4.007232005258869
773.4454963549589 3000.5206205082977 10.0 2.039139451713845 4.4838987215558355
785.5220127205956 4905.845830532408 10.0 0.7434956260065199 5.2953851139850245
166.48664999026695 1240.6940314103765 10.0 0.8110562725446382 5.711072166189544
48.48175755367079 7062.409548468229 10.0 1.8345646356492127 0.9704766251791765
732.8153314548729 4813.3927649001225 10.0 3.057720660455213 4.620749891426237
281.2126036237776 8052.346687749976 10.0 2.0074474277388497 1.0474628129879098
734.3269771481027 1644.6531929883502 10.0 0.5355279837507677 0.6581925042377599
302.99969152522243 5707.110592236263 10.0 3.1208803991734198 5.416203686848256
738.1092727886721 8971.394167681281 10.0 2.8896828771277434 0.15646900229122299
226.45341473144643 912.2530674503382 10.0 1.5699857801568535 3.4900915034917244
582.9576428625862 980.5885688854577 10.0 2.590013575353138 5.009644240736255
213.6061722757021 7588.207156692503 10.0 0.47185866299721935 5.5133585605582205
308.8425426150516 9110.17479127965 10.0 0.6709094824785976 0.6192434910204229
993.7889904479388 4102.345515058814 10.0 1.2254398924613863 0.3082528216645634
709.4845337252154 8175.77580930816 10.0 2.8686879337098854 2.0433991310412227
928.4443317854829 526.3746630720967 10.0 0.6706103624417173 5.991037945886119
418.19351595802533 3987.285599087337 10.0 0.20765695327453917 5.220582003693548
658.0308173139426 8653.129760220985 10.0 2.0072853130798394 4.765447813578892
687.1284610104752 619.387054606867 10.0 2.2786082460855046 5.869880941038405
616.1768881210795 4186.829956595585 10.0 1.2967936275845333 0.5791820773581229
270.13374517504974 8000.06199658149 10.0 0.6017270528611397 5.196361542607956
946.238960856722 3020.860378525796 10.0 0.11782166338443074 0.17685271027863422
69.30837488356734 2981.1571878172726 10.0 1.0034884442503265 4.7822465383839114
605.4208275699818 6017.137602661228 10.0 1.486818268448486 2.3969266029183856
455.46443272223246 9555.069412139725 10.0 0.828728507699745 0.8986323616917177
691.6100854448474 9201.128176171625 10.0 0.3452316219351371 0.449596805187157
422.6308666177444 6381.609879963378 10.0 1.2227762360458594 2.609632509982444
278.0885033076062 8786.57651596611 10.0 2.692495007680136 3.483312576031728
986.7590168404989 2289.1119861255816 10.0 0.9906678963443554 5.363849770883678
291.27162617943293 2944.0085408604746 10.0 1.4149269565879028 3.6370830458999173
488.7859513706644 2913.846780883479 10.0 1.0072724981915187 4.135324424186968
216.63497923301122 4727.071169386965 10.0 1.0089264663070787 4.842026547696654
712.2120564272337 4141.802803622123 10.0 1.813667084140951 6.083196298809777
667.9821500747832 3070.772621565453 10.0 1.969869022477821 5.011764648983359
975.3490197610595 516.9006751429728 10.0 2.953237674782615 4.270113135063094
105.21158172047429 1275.6834338130195 10.0 0.9167698542034326 0.7612399071837788
608.3943629393298 9279.697682470423 10.0 0.8200101512470006 1.213923941419477
235.73813749644802 4892.162156735402 10.0 0.4763242276088454 3.682929812165624
475.489099806748 3200.6493992843375 10.0 1.4266708589381272 2.9719830055897907
884.7256667375106 3418.6682526804902 10.0 1.7441857261622151 2.231552067666923
451.9143271735841 7871.990206932967 10.0 2.4532790576146777 0.27597319961913125
369.286893284042 2728.224598175418 10.0 0.05063093043640478 5.901088160589825
16.583421773411324 1622.292979105877 10.0 0.2540387267682946 5.071430127864958
661.8067587915248 7637.091139551987 10.0 2.401564899631923 2.072662754354236
369.9856569912745 8717.77165776644 10.0 2.8866709751797632 5.04183259517166
877.5456993175385 6529.713522492232 10.0 0.9282163723839848 3.057809930680903
737.7380847684576 9014.392720370526 10.0 2.739991660058892 1.8608168100183555
871.6787860336173 2454.0081692930858 10.0 0.8270911367096415 4.290887774575467
769.9011460073096 9724.850101756867 10.0 1.3507755331339715 5.177156028628499
980.9273053845849 7601.048444145823 10.0 0.9952169937417328 2.920834652691328
196.21511565261662 7464.474562624706 10.0 0.7156036535111774 0.4212075402703772
194.93874679566758 583.2092824099034 10.0 2.280303324828297 1.4285906019501946
147.41283832239927 1240.1342286525462 10.0 1.852495781204083 4.340104570992663
292.5716316889689 8424.840214089116 10.0 2.8119053146117063 4.148705660455435
802.7656893012677 9546.191704238236 10.0 1.887044714763775 3.2973159925748408
728.2413977787648 7679.522443856116 10.0 0.3553447061317534 3.5780873899135788
274.018432836054 7231.5794768031465 10.0 0.5727249906676004 4.482778800931595
303.48358614268955 1587.9767140835831 10.0 0.42438584879322044 5.191119020924635
885.8696666776913 302.05387474007364 10.0 2.8077024060775297 4.494006224495646
908.8904332795618 2690.682307093889 10.0 1.3997316376725906 2.8210949379217376
263.1538451840264 9321.696074975995 10.0 1.3542799527203007 1.7618169390064076
871.5774211247247 2809.2716034055175 10.0 0.9424321204102798 0.4510949730345992
884.881279354893 4577.714984305441 10.0 0.15073508297486118 4.935943202016139
693.3357307714587 4810.759881635841 10.0 2.8032525424913937 1.8990242930286765
15.292173169354717 8672.620266948214 10.0 1.1606252081630914 3.4829394080494858
214.62708581411349 3068.676490472071 10.0 0.7728507825600849 4.549677730159673
172.08120635515778 4707.825781411055 10.0 1.0121503218361472 0.26650139621956465
489.5769534132607 2035.1555137480416 10.0 2.126016338920101 3.441558720114707
541.9487453120419 722.74640919474 10.0 0.48326238481219275 0.10599020879437276
907.1228646699964 4838.0537726721805 10.0 2.9021722395099654 1.0206058436244738
3.634812339337601 3553.4495070017115 10.0 2.399276150527991 0.6761918232332843
343.4733381219542 6317.15346668048 10.0 0.937335463807406 0.5942236739300149
668.5925132876924 7774.924784549594 10.0 2.569466200513869 2.266222152791381
381.0344436196431 7413.514540244966 10.0 1.4012395470351022 0.7889199231373543
99.45658439877259 7891.036596360489 10.0 1.1656840506998274 4.220792451653169
878.9597511659889 326.04011208179685 10.0 1.7946460627569243 3.602464732317993
616.463751002203 4436.217308730815 10.0 3.0411655885673277 1.4401519065437776
430.48000907369874 6349.315509235308 10.0 0.695938040991308 6.229983779594438
351.9809835166874 7152.966847838671 10.0 1.4058385517937957 2.168996678724728
492.1690336308082 806.7843169879374 10.0 3.0748563641447766 4.962864365831106
963.2978293345087 909.2208899895926 10.0 2.8916916145074585 1.9108448554965776
220.3017001436116 1993.3229556478404 10.0 2.0598231504018374 3.331035242245503
163.83934562060864 2519.649596208011 10.0 2.0307163733531524 0.6716174031594577
299.4605697014013 3541.279206820874 10.0 2.65369478589822 5.663608927139189
482.9554018235112 9134.949277669499 10.0 2.4488922736460923 1.5105106334572247
298.547302302536 2124.033741527174 10.0 2.8817405977175947 3.9464116207201125
914.4431973042567 1363.1892667101308 10.0 0.6527080337693326 5.345272660267627
339.3550554101369 4911.148508147063 10.0 2.5790786455766 5.124833926640246
363.9587554300304 6787.278689588024 10.0 3.008150624770623 5.963416254284342
112.85821974261067 3689.1646833410364 10.0 0.8544569543625435 3.057969873943572
55.473799954395055 2042.6117649489017 10.0 2.7842302360458953 3.3280696214129173
528.3756392132296 5062.11337337628 10.0 0.6013349175389899 1.9627391302156336
306.9344530336489 4118.957441757839 10.0 1.998140325333558 4.572481834142138
530.7636146699065 8645.79901228965 10.0 1.5135036864155569 4.978737439078657
335.2777509192828 4050.6546083522276 10.0 0.22173063527394843 2.4975488272097244
870.7951140208766 7669.922444115692 10.0 1.5469969531923664 2.435877782670266
0.9622304115453062 8659.175184605245 10.0 2.09967023129943 4.638933553086354
863.8808998015555 8902.099835813511 10.0 2.4226986095369085 2.260868206033331
652.1691260064711 8512.118191500029 10.0 1.8672934678516269 5.328776053915381
422.2896002653166 1307.8459727429947 10.0 2.983082633967301 2.0161032484791397
478.8300806440938 2762.6971846096194 10.0 1.3308955968699525 2.09289910201861
896.0223381959045 5360.581883120307 10.0 2.7010290346527257 4.697275290244122
36.63770882452522 4033.7816870913034 10.0 2.3197111669572554 2.2155811660861695
507.49835492836536 7415.728712286424 10.0 0.7249482064939169 6.0576182802787
851.1956228047743 9010.55970255617 10.0 0.2272108052028071 4.573874219151892
415.2081154941394 6062.950102898623 10.0 1.7625825627362233 2.178012280472684
262.4634485297056 2905.878292638047 10.0 2.9031563248194 6.2460946372276975
691.4897288801652 9870.609248709625 10.0 0.0505510694842415 4.74112428509767
919.6538219896212 8462.328778081963 10.0 2.553879641061503 3.288503168844425
749.5854002856445 8436.497439120458 10.0 1.4066919314859274 2.7730707346879697
586.7372130328304 2655.136602914362 10.0 1.8812468793392108 0.6272816772969223
5.133607805280049 1158.9003366775742 10.0 2.775990062663391 5.965629046244708
168.71075521240542 6759.920706881688 10.0 1.6974201840539112 3.6014154298707575
807.2538619836722 642.0657337402291 10.0 0.2627191347961363 4.669929053391058
118.78781531458071 7949.381328132437 10.0 2.551191802634633 2.961996965339514
924.3798524283928 150.13016429772597 10.0 0.037455222354317634 3.6657995512911117
636.6638031451589 3082.9847321138327 10.0 1.4304319745360685 4.403375296166901
119.99734073751999 7023.571320912229 10.0 1.0098322102810546 5.638404540800243
318.0152904975054 7853.69864775759 10.0 3.0897009559897346 4.475925333154861
603.4432372285091 6472.248495644105 10.0 0.624715223250565 4.0769727139497975
165.38797713140153 6955.85025968719 10.0 0.3640294122296199 4.796562649142874
390.9217960410833 2659.0900228142755 10.0 0.5266433388217862 2.8989233909472016
120.63032681717655 3438.1622511546784 10.0 1.137382512255826 0.9643021998850942
861.8944480574091 6488.494785337922 10.0 2.189161589553751 6.2752663745740325
529.0286124400643 7906.033605538773 10.0 1.3489390454147467 3.5394630437123347
45.99945208139944 2013.5065389665886 10.0 2.240616964362455 5.38535441182346
195.3000963616577 737.1244609084349 10.0 2.1260539624270756 5.502670179684729
425.65739943266954 5875.8268495743805 10.0 1.1449826841283086 2.9662382240100658
941.6002116932765 2974.3103098733527 10.0 0.272166501225833 0.6761472690374908
289.5192664870516 6692.725621342646 10.0 1.9825620139738636 4.995333108645692
827.7002099078012 4060.0667018706395 10.0 1.5038350226661357 2.0809673189901967
921.9127746477086 3804.915234496313 10.0 1.9935626997710172 4.663681512509817
443.4915204243991 7076.346983394385 10.0 2.943920240992682 4.491532335378396
163.4436703223693 7299.446897917213 10.0 2.324079070838841 4.21744768532274
933.9729523165672 4654.015201892832 10.0 2.119081176349359 0.3821728114159119
127.90796006220594 3721.696948921109 10.0 2.5091573098885522 2.4355601567966354
666.877006129661 1215.8982734617496 10.0 2.5305487542654403 2.9519180327913315
110.67143776639365 4390.499991890231 10.0 0.420091647505122 2.7459137197598356
703.0918059379452 9717.517379390387 10.0 2.360507024732781 0.06835808723257566
973.6728892851617 5730.4945963912405 10.0 0.3389425219113459 4.305564681282664
480.0344204384316 3549.564256310529 10.0 0.7856975649537674 3.3033597666358405
542.2068568399609 3535.744481440766 10.0 1.1927396180299903 2.773000318688393
368.1322694760596 6766.181525441149 10.0 0.6065933212045987 5.945812735781806
798.6425944627144 5578.695020589705 10.0 0.5970817933408401 3.938619347830233
10.568675370126401 8303.112204138546 10.0 2.393851086336322 4.739389960899113
908.2352533349695 9478.530602191673 10.0 0.878764611749826 4.684871482230926
606.4487264452977 8349.779109866398 10.0 1.8471110054436515 2.903057885402671
362.1856376562758 5242.993052055831 10.0 0.8908690598358143 4.1324564451682635
547.541981523686 7539.358778254948 10.0 2.8466113626140137 1.5274630526107014
773.104666780153 4397.724045146237 10.0 2.201442592240727 2.5856217156781804
68.75781770287803 2120.9091897534827 10.0 2.914817031273499 0.5774907123403301
108.03893640104012 117.19625838213177 10.0 2.4736315823440953 4.00906830275062
822.5102556502027 777.6168951207618 10.0 2.83843644266641 0.8861587027965125
394.21365609161853 5271.29149733554 10.0 3.0476005365466685 1.6406551658077053
537.1278784736036 1255.2248459143289 10.0 1.8804154886707845 0.09580493859609553
182.64885678500121 7801.592858560558 10.0 1.9713004235955691 3.313113216790623
169.46567094883113 7464.703167462113 10.0 0.4871528405367262 2.206070500427938
304.8056893935661 5341.449830902976 10.0 1.061217874290582 3.8323309704886
211.87465593363663 223.22440399463738 10.0 1.7656542087385647 5.410300012893409
707.4185218944089 3493.881534879463 10.0 2.952556700422205 1.8261259175156948
63.68564065862148 7297.509273217367 10.0 0.6491496205372113 3.5878236845229674
400.6694549075167 4681.378121062042 10.0 0.016445581667461445 2.968582173855823
627.3634340131656 913.6011072402583 10.0 0.7205744452493827 0.6912647416169467
804.8613430762504 6981.6645579816 10.0 1.7894590815520919 3.3213129258938645
539.4878102631826 3397.134942638198 10.0 2.05934656908312 1.1397033034854793
30.745577197786368 4863.490183247445 10.0 0.6912830781020498 4.6524691811474925
696.7171854383545 4108.160256123287 10.0 1.6516370806181369 3.731175483378264
878.6609006776217 6236.502660461204 10.0 2.7864256305737864 2.067780339193134
986.891587299399 3334.583979154916 10.0 1.5658437570801835 3.026042276265473
591.6395376075324 2729.2727703601026 10.0 2.9454514875719906 5.239223010900467
385.43107138753805 1308.29375654404 10.0 2.0308174907192957 3.723559706593196
647.6369283928342 2609.532180540821 10.0 1.3165116340084646 5.291272761030345
827.1856499766549 3008.0223454305665 10.0 1.3220866050125313 4.85929363573981
126.04097024872286 8260.68339513578 10.0 1.7237022888579114 2.0374091430025545
513.8932813110856 1913.021389834697 10.0 0.013983344276549896 0.18641608841820112
433.6177066920561 2628.6472325426967 10.0 2.5092266135981878 0.48523450245702876
567.4018741908208 8371.599432190891 10.0 1.6577857558727984 4.9756021237238555
425.04892376409884 1553.1115774334557 10.0 0.5465073099449045 0.19669319443403604
188.81190744112575 748.5927695942895 10.0 2.731390151172523 1.65852235207889
203.21855985768943 1397.2395280799299 10.0 1.6624622974026548 2.660677018003207
733.6954479650055 15.8303491617795 10.0 0.04894505756909597 6.186803163083881
134.4036774569952 3889.903441937621 10.0 0.07662875157272693 0.5742446398023715
363.54833827887256 949.6509539305342 10.0 0.621977194267473 6.159780213546722
863.5267024976362 2594.505757239598 10.0 0.20595968148531574 2.4640732414094435
183.63127017462034 5599.542590875472 10.0 0.8993858627727898 0.8672521060894816
364.6247020070873 7918.448250664181 10.0 1.0314776672807127 3.137297719344432
27.35659736484708 7191.95987377689 10.0 0.48844836618040716 4.256300389389682
311.692353579074 77.31440862498329 10.0 2.238443346453753 0.5172426208556263
297.37650689688456 5133.384618653938 10.0 0.0054525278381776475 5.348934587049924
305.0546977168387 1927.8261997177149 10.0 1.0209084877669168 3.91072203597542
523.5292755325058 4276.694459697717 10.0 2.6050062188519933 1.5886359952881108
738.4259019158973 6083.636275087863 10.0 2.633997105758404 5.457115751166843
547.7995959574172 4114.895837228752 10.0 1.8233628979182848 2.253183090528445
341.81023927987195 3228.020982072991 10.0 2.589208880018396 1.1775637218511277
496.449393543603 6066.29190255966 10.0 1.9883503241808043 1.172904712837039
685.4016521010519 1037.5361864592492 10.0 2.845997134012852 5.10015492529748
949.4752302873364 9515.139828642665 10.0 1.9949622176366928 1.2457129091891666
179.63824476029967 5630.6937636194325 10.0 2.6161558322239813 1.507782350170525
967.5486942941866 9771.866506760807 10.0 2.836367834990724 5.165057755358789
356.5675175844083 9955.729620063077 10.0 2.5723231591234956 1.8376191040390402
886.5958490820888 3616.901066950237 10.0 2.6761218875153534 1.4450803208169793
467.6791405009456 6031.518199939533 10.0 2.347044472467026 3.6240327232345733
40.17219322787524 592.1876144770044 10.0 0.5814208265223105 1.530778643466928
683.3611153815922 455.69964415868026 10.0 0.2685708852083751 2.3059287898406664
819.7892120789145 704.4425060143644 10.0 2.5483193726609197 3.139419248072155
429.1358651436882 5094.081187686997 10.0 1.9233756731636815 0.9451964547489797
733.3488751977055 1704.2169501408478 10.0 2.244066271146224 1.594457000820042
643.8321208527401 7365.376503992033 10.0 0.9384693897303387 2.1728358163568577
371.84225811862615 1604.8264990902717 10.0 0.783307691055601 2.838011565048227
994.8494056659199 7035.343166582684 10.0 2.9761464303092757 5.949256514907854
444.4686644364214 4605.213208262941 10.0 1.8350031155090116 5.945123084235978
335.6707558913111 8934.381862112523 10.0 1.3563727473876495 0.5969190689318504
292.3312852446012 1080.7985286563414 10.0 0.8237067678777229 6.2152084143991
940.7804705523538 3512.661771824498 10.0 2.002983586635747 5.24932839272819
540.8658091962354 4806.394869392937 10.0 0.34063678313338663 2.371901599710675
303.14267129327345 9646.831806996584 10.0 1.416513345585124 3.5196978474696974
801.1582809756367 3075.2321818698492 10.0 2.983942766201432 5.53962859434337
529.3973969597214 6612.379954498276 10.0 1.232658852107104 5.604070727605539
580.3082563749698 7878.168024248671 10.0 2.7480192141392688 5.2537618756567666
617.9299923386691 4635.706900122652 10.0 2.3391067320447925 0.08240395738529106
810.9936039183422 8807.138128362427 10.0 0.008703107650363882 0.1284503084773006
154.97040363307457 5939.972684031028 10.0 0.8486687862361554 4.358067438194458
660.393396108186 846.9154062173156 10.0 3.104739174376968 1.3150808039480157
213.87857973962033 698.7805443181372 10.0 2.7288840376220613 3.2735956908566592
528.624755948748 2719.2349397068806 10.0 2.2924429830168176 0.13653553249674924
492.77195860568946 4811.7599067845385 10.0 2.417011004626572 0.5511090164888613
396.8501837778835 3943.349686966574 10.0 0.025262416880185115 5.9505418279335744
975.6516922192933 8916.112304395156 10.0 0.3400327890677257 0.8695765280947654
935.2116398439034 1277.0815270379487 10.0 0.08296192107599434 4.255608615738233
652.1835224528966 548.180172853876 10.0 3.0978032144788394 5.855666477459735
30.747319062804035 7702.4257452536995 10.0 0.23222272130506857 0.7831042523918899
81.28974524801258 3869.1035723718146 10.0 1.1183423683106686 2.021582826573058
645.4478478780455 9619.774251565039 10.0 2.4699221661598054 4.730565586153619
833.708451032997 3868.626495692733 10.0 1.0610986615750564 1.9354853343327587
164.6076980971759 414.82003006519386 10.0 2.278680281439019 0.6408639602326449
98.6763522010441 4461.114161668704 10.0 2.5338318407356484 0.41896163108087403
645.6283464617907 1062.2043121343938 10.0 0.7910661250595385 3.984949814061758
989.8912439797813 2387.845860175929 10.0 1.1113223201836302 4.446524043131118
627.4292653977703 929.9691949775535 10.0 2.8628495984227342 1.7669864173002467
335.9106851909478 1339.6434810651426 10.0 3.040138257893771 1.683190654958384
410.6232662517023 4448.8789116135695 10.0 2.540190034628243 2.014889303942848
990.1428632751682 3213.900516453898 10.0 0.099976630851231 4.343972970361698
968.6119451843041 1810.6713565003317 10.0 2.1733515330349586 2.899861914907721
945.5859991123073 5920.072786642253 10.0 1.5323503162767445 5.037000037979387
899.7581181052038 4359.303743406628 10.0 2.2591882025253316 1.6753863075766389
789.4725763873807 9647.692028174673 10.0 0.8213020038629172 3.265246279339712
80.79091286350793 7839.252137069895 10.0 0.4110075319650977 1.8341126145391882
282.9745200645142 6010.969927323187 10.0 0.9404541494621593 5.222039967799371
931.6001592093521 9164.930448884534 10.0 0.9407040508915384 3.584624861269153
101.12578008227413 6984.047255509464 10.0 2.5546144510666227 1.6172798047201482
451.57612472047634 4875.290649816482 10.0 2.7659363484249457 2.0199695075009347
18.118392678801108 3040.9581486324546 10.0 1.8212247572028257 5.240317000026884
437.65096153753746 1937.6636068069142 10.0 0.11396362305699219 0.07107462925772491
73.1282593932332 2414.367390568948 10.0 1.2400423427073257 5.3415772232450305
544.1980089597486 4064.9092249006626 10.0 3.004822322389112 0.926685922160119
501.82709613145647 5887.145154878205 10.0 0.08572895931321188 5.361878997976295
94.94532419513935 9209.931501566149 10.0 0.4589196791901058 2.7209094469546384
468.73656137467503 4030.8401197160724 10.0 0.8584583585922196 4.2331178533559894
807.0595341629604 6401.626057855351 10.0 0.6462273370795232 1.0106923095052986
885.5809786659339 6305.116378565229 10.0 2.9996080092482127 2.956269613684692
837.556432796593 2586.320446736329 10.0 0.23631793885644164 6.136368817692947
850.7947593106348 3932.2124540837544 10.0 3.0288851050753385 0.35294059769518427
812.1944241950662 2638.769215311424 10.0 3.0292595486314524 2.447786171893228
495.3410223825642 960.4898493354252 10.0 2.1950828180863184 0.00615755000107697
747.0071839174777 8206.769162154242 10.0 1.3876680641362948 4.143990873490467
269.9973168057971 431.1280280936125 10.0 1.526910197873194 1.7114024283835518
22.631646219003485 3553.453264705665 10.0 1.2800253737975547 5.9036936856526445
959.2649947580627 5062.034227057689 10.0 2.654849183254513 2.5951785997601133
821.5878161826598 9061.328494444588 10.0 2.8847654262790257 5.045641080231535
957.0583423316097 4363.025513214429 10.0 2.1444647677333846 3.2132610669126414
688.6662388740233 5562.1197945697195 10.0 0.2864771447560454 3.3518528975749886
589.3297112233508 2596.3487324685075 10.0 2.4245112567455624 2.9452129225914576
124.57985544106953 5156.481489100433 10.0 1.7491174724759733 5.071632518292886
518.7870032594882 4496.600009605521 10.0 0.3467220494077248 1.9884706794159768
373.0361900450444 6687.639217696869 10.0 0.5798946041875178 4.06230703517775
516.8595950642047 8164.105645915522 10.0 0.02257146346254227 3.693356339102496
811.3861281579533 6533.026421822104 10.0 0.17047712540252485 4.858939057844398
138.06918133749136 7045.827639162422 10.0 3.119914472376294 6.267986511973044
605.0057740049635 7877.974676750473 10.0 2.8088357656248624 4.655523551372238
81.96149739182968 5417.856044756294 10.0 2.844440086598113 5.868770566650871
535.5672528065344 4135.523310655176 10.0 1.4457248613400135 2.981056218386217
277.7554664680201 4283.551030284884 10.0 2.3330865107773677 3.2470590423912924
163.3550722584407 4676.409765947634 10.0 1.8188342529767798 0.6105101817384391
976.8657697327806 7101.396916767163 10.0 0.4321489335458562 1.4101169401874998
733.7841547736639 3533.3018972707773 10.0 2.5920800007375218 1.087028948823372
388.4553174231832 7256.629196140108 10.0 1.7155432000302098 2.174945878101865
488.27567063657693 4243.337759138075 10.0 0.18297241546703552 4.669708029091772
643.173626491128 1690.7013631956836 10.0 1.5699376002020844 4.781092105457115
289.6470890672026 6493.031916952091 10.0 0.9134011570578047 4.941681608914174
120.23754596002422 7602.647857613445 10.0 1.6314202347905011 5.01618738364947
722.1726742035179 2729.613759888583 10.0 1.9134229141645431 6.16721655853004
423.01058121603586 1636.4119659624887 10.0 1.6880247667521204 1.161952615874821
76.47061203158789 5402.857221908971 10.0 0.3824095347338601 5.659089365252497
538.2368933676102 3468.1947558007687 10.0 2.9124304036707693 2.0728169414719875
879.3729580185956 8001.4691030207105 10.0 0.4911258382917977 0.08564925332868735
964.0863962590047 8207.895009332577 10.0 1.5258810093540918 2.854180161615889
878.9350161616477 5548.091597252299 10.0 0.5600741004976321 0.8195491261344562
842.1671092279139 4528.694664130283 10.0 3.0452504670875253 1.9922851643271868
644.7397208092333 2716.989125188882 10.0 0.48350856150980875 1.0186189869606472
378.6610615330417 7938.858759805677 10.0 0.08598412125795422 3.411580155349843
193.65404175014567 238.47619512228357 10.0 1.0388832930887335 2.0629765427512634
89.74001830043177 1109.8090920027514 10.0 1.9923070196779462 5.054909466794288
301.19312548777833 2754.151547784036 10.0 2.06441454527007 1.1981468824784518
656.4171525510455 5674.533792568945 10.0 1.1479644812515342 2.285408451722961
408.64861949989853 3787.001045662288 10.0 0.9896493611346087 0.8843937431853712
423.9910747194333 2410.3979232353513 10.0 0.36720223408272085 4.563853685644398
286.13742139303133 5990.429569982169 10.0 0.2725196159915706 1.3922957502956752
831.2383814788907 9220.414842971322 10.0 0.35641748970733317 2.594155109640104
861.7270836847207 7340.288037134987 10.0 1.6658277355973516 2.587251938813896
304.51097882075175 8827.042616780098 10.0 0.9603537502526447 0.6296696593528657
876.794123573381 6433.955425106807 10.0 0.5790316917574055 4.717282653989133
401.8944082584386 592.5669397344191 10.0 1.577069507158832 4.009133257527232
277.77150568190814 2560.5372278259965 10.0 0.8697774066964985 5.872475179050491
242.583587566111 3380.133279396853 10.0 2.6192738843608283 4.35825804329731
504.4415396841846 8706.248200101543 10.0 2.069988506683183 1.638406967539031
506.6318894487301 8869.49216911538 10.0 1.260240995132438 0.18065106915737836
84.93036394309783 8159.034478078215 10.0 2.9429067625041356 0.3198553039099659
540.2302005213787 7241.517151589287 10.0 0.6206562922157509 4.167908907541153
197.56051783952776 7876.503608432626 10.0 0.07943125114130316 5.850052703744894
351.67184674175024 9645.560869817882 10.0 2.0726620359878494 2.6959157528622884
109.71739394131296 4281.222265102036 10.0 1.8682037614631632 3.7529473717248685
533.1599308161 4363.7102204373605 10.0 1.388250106088076 4.1911684102220415
653.88642286894 9647.444896857754 10.0 0.4194733599141457 5.946281243523051
393.61316888824706 6086.0034588551325 10.0 0.8197711112077052 0.46248142969124195
151.01667024825417 9743.334202102049 10.0 1.8878007502803498 4.398982627987419
837.6264218546331 210.6712887740536 10.0 2.8618368421174836 5.956232983430525
441.3674527377784 5892.738685857173 10.0 2.7957631332734625 5.6696115838587815
775.7424481992814 6583.465794091307 10.0 2.4947734646657236 2.172097444959117
932.9940921051938 7120.588716866094 10.0 1.8081462167337057 5.764133803991416
101.19073841553417 9590.138128177327 10.0 1.7783661913198692 5.604498927647894
828.0290939656012 545.9710498612858 10.0 2.1030264386612347 5.083130998210507
518.2500547659614 4016.1275519207875 10.0 2.3349971362842656 1.6237305161430118
936.9149223101837 686.9491168798336 10.0 1.1122465623177038 1.4365382490502707
757.390633304866 8587.52638632955 10.0 1.161712881208099 3.502678365783502
740.7448427024026 841.1874880593084 10.0 2.8883001614869532 1.2057560537410486
962.3524707491014 1607.3808633703802 10.0 0.2881944027971431 0.994244493794891
611.8676848953816 2206.444155008166 10.0 1.1754420947148034 2.3391927139867095
284.3159436942718 5601.391621273454 10.0 0.7422955984496736 4.258330406947219
352.9132734190946 8904.995221166995 10.0 1.4287637940368318 4.969046697261638
968.3208027824196 387.07509458318356 10.0 2.335696201866685 0.9505526070880094
464.3943098357858 9576.050511353804 10.0 0.01391967274385462 0.19379061999088457
467.09024380368504 6480.451854861361 10.0 0.15168806463090456 3.9972166920889847
801.0412689477216 8700.226994589604 10.0 2.9684104890681313 2.238947105474704
367.4156289514682 3254.319799562864 10.0 0.8184373204133512 4.727129797615218
527.026487536477 3320.1390539381628 10.0 0.9863143691524736 2.2839859640213556
164.25886568738113 8762.176233333184 10.0 0.755054645179532 5.74318427333128
530.2335087289547 3321.1692937065163 10.0 0.2861300080682627 0.27411920005271706
167.7280536884227 641.8541153228075 10.0 1.3100948440655389 1.6113673095394188
705.7283001535924 5936.4833135826375 10.0 2.4616780141679397 2.4296013948560926
78.0830422542157 12.931375867082373 10.0 1.4090224707353673 3.210315736482082
768.588207816286 7640.350277411755 10.0 3.130595385228914 5.682830346494731
13.927037637959994 2781.9762664466375 10.0 0.21876330126028543 2.0934002409677412
506.24512229844834 9093.830098484452 10.0 1.4405366632653114 4.410705974253266
28.74035878656034 5269.69457531693 10.0 2.282156614209301 5.263980080402637
630.4991587909866 1306.8934648806496 10.0 0.7122271824564106 6.135026690646257
400.91292053783434 3574.0359357749217 10.0 2.6525581357916046 2.1582945197341474
639.3587538719146 3681.0327700277303 10.0 0.13346291224869 0.4521927494205508
232.4313862980686 8583.327220119858 10.0 2.600871031276271 3.6614070829149274
348.86396482911954 7096.43114059241 10.0 0.1947026420020663 2.953480204634389
141.3773233786697 1053.4903207819245 10.0 0.43853346027206797 5.525892147585353
5.048717973808681 7707.747105323985 10.0 1.359996516405279 2.1582266659815192
83.39272769826923 3663.411194088693 10.0 0.17475734300377754 0.3107182514759552
136.19853097583257 9612.58232048595 10.0 1.3851351305319404 3.4778240329556263
587.2690945668396 9462.520373869544 10.0 2.9718990800948477 0.16575709749351095
555.5599548553123 7056.68982098783 10.0 0.6218945966063859 1.37445096990543
939.8161414878591 8624.647583537044 10.0 0.5553132116238603 2.942224736152241
174.6578359786727 9339.991032418067 10.0 0.2999088642232045 1.4758099742112019
105.16672477352884 7922.212814513856 10.0 3.0858102887103827 5.32615009373139
537.3767256498945 4087.458491549203 10.0 1.5542489176485361 2.349619590592612
413.67394415037495 9834.818511300884 10.0 2.8413466275215984 4.899956268670946
234.96288782237627 7048.930051824545 10.0 1.1858145833581222 5.292047627241759
305.5568355892059 706.3014312591654 10.0 2.0346422873964736 3.7230651979650835
612.1026588275148 9091.916364274995 10.0 2.918191665263316 2.6745444025957794
664.4508179001105 9864.310831057948 10.0 1.4009658455607197 2.4604960045072284
424.2340492296465 3551.4639086023203 10.0 0.8681731178353977 3.7784824664587675
526.0190921607934 4116.472665448562 10.0 0.9137640526810686 0.7919643535000829
356.2472150435906 9601.136482464633 10.0 2.688283175441264 1.5381708501060511
196.7815991031866 4537.2027995320295 10.0 1.9393562330624328 2.5552308555869714
562.7305170610838 9809.176753148136 10.0 0.403815964158029 5.09509793381473
68.31714493076646 4959.233167010979 10.0 0.9273146048886777 0.5154989606682205
639.918205304277 2543.911301201499 10.0 1.9558219511058643 0.7432653194517422
661.9955763629983 4083.912161960238 10.0 0.07606812422867434 5.188056901272059
689.496007768332 2392.4618778040463 10.0 1.6274233846167516 0.7259858456109545
689.3959953589481 5624.340588903484 10.0 1.5084044175966005 1.499779375568515
384.4207871311557 4256.822952682827 10.0 0.7940952151297322 1.6233052747314858
163.56696299390805 3395.40885457289 10.0 2.5424257025936057 1.3892390843836957
196.91082026379425 9291.373117227167 10.0 2.7283868059763146 2.3656402541835653
846.2856291648116 764.7953105287908 10.0 1.0041346232358683 3.874412077537016
198.76251404223632 3345.876470808027 10.0 0.22273724513400628 1.0021660741326996
566.471417223319 6378.9882262667 10.0 1.4636684610163626 2.4133946863921056
94.15013464588739 1078.0408843985167 10.0 0.7121768005387352 4.020619437173578
194.91074572693424 578.3962938776632 10.0 1.4962270881019961 5.025156632417752
395.06471402075516 1399.6953044732074 10.0 2.4172135986228884 1.904566002789345
310.44913911334856 9415.607089151254 10.0 0.6859919313517056 2.792222936950475
899.5483903176416 2420.6471053238665 10.0 2.317013327478762 4.415061476330096
842.8068444099257 5690.858464692999 10.0 0.4785073770932366 6.150351728964021
882.8802044223489 6554.280982217045 10.0 1.3094498519524331 4.45975234566655
227.17403011204095 8918.78341753263 10.0 1.471505877521101 6.047283159584824
661.8701234782576 8948.96657751302 10.0 0.9743370130756311 4.877050421334249
855.7425113566346 8640.49303426591 10.0 2.377963775156124 1.3667750484739127
442.41700804447913 4909.332085340588 10.0 2.849512437838764 5.272761025192238
861.3290865974734 7995.057534665802 10.0 2.5389807110116203 3.1070765649217424
610.4869734149755 4471.468419244 10.0 3.065287375137854 4.696981941466074
518.2480632078306 6964.4500913115335 10.0 1.2246948069884742 2.772013436274511
876.66862915165 4796.128564471316 10.0 1.100915275346597 2.1216569159790843
795.5880944699816 7206.015457828066 10.0 0.3132152110552828 0.8178051230720771
934.4608948481604 3543.9800683037593 10.0 1.371425977532026 3.382706940830881
848.0503018801979 2886.5239854652323 10.0 2.0149887818018115 4.0739695689297095
542.4503604651991 8896.977748786929 10.0 2.846533951822167 0.8391641960222954
479.5036024407602 4431.876413370268 10.0 0.37859995408655944 3.158434458059509
190.53367318715232 4389.915245815704 10.0 0.9630593229345943 0.3866749423088292
864.4135815683201 4606.520384812084 10.0 0.6569217837426163 5.309621088282628
760.3419414926256 9216.221824381462 10.0 1.744960811447284 2.3875357717623267
62.301121862778366 8836.640870961317 10.0 0.8669681187587982 4.8503218847008025
840.0227054439749 7172.062830416005 10.0 1.7065844960168899 1.7298544051696656
110.38713581658833 4191.18761515287 10.0 2.609087031985709 1.2636563364188966
603.5363819319401 9902.80938947695 10.0 0.997467689364546 4.684181949581243
729.5795009499416 3934.802151764054 10.0 2.7576055958814334 0.5030009775662718
414.62292014503754 2615.9389524586695 10.0 1.793508196208705 5.248097732512722
928.9586274081338 7066.7075871407915 10.0 0.10184320143361177 5.843621515999713
565.5951513167149 2924.428329765778 10.0 1.27337207135859 3.470095132597113
43.917689451341005 4759.620492955377 10.0 1.5363261538052213 6.154532499539752
811.1151566157913 5984.702531766803 10.0 1.8707857179656149 5.301653826731252
993.114003027168 8112.752793294022 10.0 0.6180643997535704 2.455833825586095
607.1095486373174 1593.201876528919 10.0 2.588492224567944 1.645849205726507
789.3876181091047 4132.959792108019 10.0 2.6251131146983275 2.100231318497438
214.980534251765 1405.630459133943 10.0 1.9184987361060268 1.2398657208795585
589.8034962325391 9358.102892878998 10.0 1.3900386311015194 5.736027927579549
81.26825938890758 6942.946580931323 10.0 2.857932570531114 5.084023301791529
819.973423867853 3036.6854668121046 10.0 2.462863192828509 1.2132949319384938
152.92132586604123 1548.1593506154302 10.0 1.8704468625762323 0.19627565286719326
157.81399480934354 4277.8252805069715 10.0 2.589497301824532 5.298472270791162
38.331301211877225 1957.9936201047788 10.0 0.9771797408002479 1.776458933549851
411.8968643735623 85.62737834413082 10.0 2.781474476811877 0.8546974474316178
174.28783592427078 7653.485455453743 10.0 1.2652623791972029 4.78935835774963
579.5475564317519 3692.0177757986985 10.0 1.0913124491513213 1.9902629177151099
409.0101718602139 8653.571274349879 10.0 2.8607137139348326 2.8561660355651406
619.8490484217092 5102.102380459615 10.0 3.0994076095473275 3.7263159083689907
661.4117828561289 4915.730838770635 10.0 2.6404390227196584 1.4368476717861265
726.7063036050516 8266.113061588223 10.0 0.9391761558523928 1.5623101635715657
566.7541175414045 3007.7516301951337 10.0 0.5930041758727406 4.122208083056767
137.1283109913397 1792.001634209951 10.0 1.2778491811985369 3.9947325668989104
268.8456862543103 8214.669953067412 10.0 1.3905136123819783 2.690729639942757
759.8833924130989 2612.747776392198 10.0 1.243355502432252 0.31453868144821473
768.9428867063272 2744.95860358679 10.0 1.6609109697007762 3.156052030558173
159.6844936353875 4522.439336022253 10.0 0.5686829511838184 4.659155973806668
491.508683644158 3200.0183121668933 10.0 1.359309836771152 2.221234728275189
682.0604052484695 5995.191418267328 10.0 0.7804293775976114 3.556003396352145
976.9854999025538 2971.0382517848543 10.0 3.024135792867675 6.05593551927645
754.0692800499489 4200.963529594418 10.0 2.733914380391337 0.19001913909519286
861.7385160536058 7727.286173323473 10.0 1.188371849304499 2.6710517122813173
646.0108024468587 4632.339753921761 10.0 2.0162492141326798 4.623292630342692
555.3255050776412 4659.892640563996 10.0 2.700708071638106 1.7981038547323196
229.2929519009672 8256.331311285403 10.0 1.3737174043423348 2.978067685633651
275.2497792409816 8645.191490554234 10.0 0.11627485627497787 0.14083847577805872
515.6099171134692 605.2692313074892 10.0 0.4149556557264542 2.997032564634513
349.3521893411885 991.6758511090362 10.0 0.17281848423217785 1.61428831376338
12.587319039165322 9720.843586123314 10.0 2.166639575007562 3.6381966650727504
945.9984480312509 8934.638025149778 10.0 2.8084591617585106 3.845843578938056
181.05085984203706 2365.356046478301 10.0 1.445552516568062 1.8262339580527935
642.2183357815264 6542.550860006307 10.0 2.8917608275086915 2.0137571651774113
529.0749060596136 414.2458564364415 10.0 2.477724478770628 0.2565200935744473
489.9525769031553 199.25451554545947 10.0 2.797236708417583 6.12063727625554
127.96690702119895 1843.9545748010255 10.0 0.8833883308324447 0.5684445302297115
490.56404104930306 4326.0122842199 10.0 2.753665049034594 0.25523768629005056
585.3443579530291 3229.1879650556766 10.0 1.0203855979547516 5.47448611281195
637.7693183882756 5507.496620186538 10.0 2.651433105497899 0.16132532243262715
760.460022550917 3163.6413505019923 10.0 2.2339729684499616 4.736854039829185
939.1468842806053 5685.7686580592745 10.0 2.6566357729552896 2.5784488975809325
756.9321915086775 8518.248828058571 10.0 1.443716169850375 3.135703285357937
76.37825183143899 7586.312005916293 10.0 0.18983144473536886 4.664539992811057
978.0357439369556 7951.019602659677 10.0 0.5932947752363977 5.6304644541818245
614.3782461939429 8040.187892922734 10.0 0.46231198546589397 3.2040959253925676
279.71069130320126 9582.52325132863 10.0 1.9912537603694809 2.1503344752762863
919.4707468409882 7366.366570230337 10.0 1.9994736426867843 4.2570220664460265
506.4441570919307 2251.0874023816086 10.0 0.48887970439669026 2.3039539490397716
196.76599442793108 5478.306292345788 10.0 1.0476829835674975 0.07577316927234619
945.1821216387275 2261.76986235435 10.0 1.076328989008912 2.2230890837569337
306.89587551897534 7878.834554111953 10.0 2.9977632432771744 3.6361306202854493
482.42729511905725 43.16726049714337 10.0 0.1573515809629807 6.086976707727664
272.26331905283496 7207.399408720877 10.0 1.469288938626849 0.21988455076226082
499.6791426715459 3626.1233610176646 10.0 1.4952399104932237 0.2501149180844549
632.962240171927 8503.750533791685 10.0 2.7242046438077905 3.784128250530095
792.3726109013071 8358.399187422878 10.0 0.37795588188984497 5.661747557078866
62.52387471816723 8852.11436915942 10.0 1.0760853973249067 5.2988041468281795
47.47149778658466 4769.367885622123 10.0 2.282676899485288 2.827269614998441
903.6463647026949 4569.9238129718215 10.0 0.24231331883225243 3.9288004599722424
