1000 10000 10.0 10
500
329.7132146545931 3691.409523421333 10.0 2.374935776797322 0.32296456886407304
809.8220467740297 8614.440742093642 10.0 2.9443075654010564 3.8010378057823724
768.1169088279415 58.6113199835292 10.0 0.15465054412691065 2.6266455191172198
884.7034958421764 7573.579969195849 10.0 1.552870555098082 5.49362009846036
192.18324535343646 9467.518280903789 10.0 2.0489163469498073 0.2981285306939148
114.37954522588245 1733.2391995346075 10.0 2.76863011161297 1.1534882189755333
890.2270273505171 1576.4646858500464 10.0 3.1069505679513183 0.9679059535917383
707.8061633602179 6308.25099661161 10.0 0.7883547060919311 2.6091617212076863
327.60577865905105 170.24198707076832 10.0 1.6595957442330258 5.247673045239596
709.4488802938 8780.550008327391 10.0 0.887556190418588 3.7552296900682176
174.11782253542884 3319.7151771517974 10.0 1.0088349687603217 1.7578391854004474
928.5668877672143 4320.325168903617 10.0 2.886408915169932 0.7081937014856559
362.71157441797885 7980.526179583994 10.0 1.7448759062655366 2.4040109742914146
386.1362251865302 6290.790028388064 10.0 2.7873972226815678 5.688711545304184
214.66180452045126 5944.94696528639 10.0 2.2763599317077023 3.258857662556452
439.56860632543794 0.6335589843897704 10.0 2.2886115539441176 3.603907385764183
916.3696430165755 560.9436453663752 10.0 0.8119086286246027 3.0207967178827784
995.3815512451408 368.2142717366632 10.0 0.9540501409262612 2.9361358137245843
882.9424337517306 6132.516254918433 10.0 2.241397237730769 5.246611524320733
469.97675824513686 6661.560365339777 10.0 0.014754435445112244 1.1065639997519654
793.7093971314447 4415.374062532605 10.0 2.7348139914624037 1.2409576767264792
408.6824324880891 9978.236877960537 10.0 0.4361161077331428 0.21199955166382783
334.8297371139863 5122.011939878072 10.0 1.0601893147357755 1.1715382948469442
923.2161261323098 1629.1450225321823 10.0 0.663239776759793 3.2590693355720073
934.1492796166355 9850.246806469171 10.0 1.5844727319994252 0.3371609607427274
357.7242163969886 3090.3135588200203 10.0 0.2416443244138692 4.27206257818429
23.461822777478215 1349.280354531498 10.0 2.980968595217318 1.5645336408166173
843.5542262164026 686.7465631570691 10.0 0.588018820709653 6.071103184475366
613.3315918561196 2537.346845557968 10.0 2.009858409807886 2.652159226430482
652.9164044808829 672.3885667344808 10.0 1.2543357059563764 0.5571471720326844
215.63292706109237 2185.011512920253 10.0 1.683032665212146 3.8637412184467346
511.59071836670745 2870.2710508166183 10.0 0.23879607937710728 4.990729872193729
398.9635151309705 6678.1812678519145 10.0 1.3434801095832452 4.079719718429007
280.8353096742513 3536.9017913061816 10.0 1.3992984630278127 4.2779585099438275
512.0875388261262 9774.88765523316 10.0 0.38195883071343095 6.051833075325788
668.6531860747491 614.9605194886254 10.0 1.3945911934541388 2.7064167052528427
360.56451126575416 4769.910089487085 10.0 0.975178786885347 2.5109139610918447
880.5728043042307 7038.36112478257 10.0 1.6203000014182765 0.5869578332792822
871.7208770722575 5981.294921174771 10.0 2.2983107861500844 4.413522014594044
370.099189545115 253.74587798220438 10.0 0.28623168848993064 1.8546809162626776
33.11973747568897 8972.839035151339 10.0 1.4411838500172787 4.537805534324943
98.99164291479367 8622.473465440278 10.0 2.2481633353187997 3.173551540108605
639.6855801746641 1426.5971816548406 10.0 1.334965885345833 3.687638071681138
967.5244354325318 7867.160575730682 10.0 0.16972244282181267 4.6245140110065375
634.6399895046297 9079.47481215012 10.0 1.6487818284618747 2.1402022854476637
324.88662234040197 3226.8430760700994 10.0 0.7558820445242734 1.9463353462944069
79.40462911403733 3637.9728483627027 10.0 2.808194745495895 5.056250522687186
719.8773090943529 5484.818084659684 10.0 0.9389906458135929 3.550621606968125
37.6277632719475 2085.1420585055403 10.0 0.6658003563538785 4.178473079159622
302.0524507470678 1533.2281333488452 10.0 1.8960280865322774 4.0059118325270635
908.4905568535526 9293.813245616218 10.0 0.40506416292618086 0.2451694471557038
533.4796874020653 2638.4516325085274 10.0 1.9063218797173487 4.3361804043477825
994.4494871823664 8360.16397674552 10.0 0.5041128528811751 0.17031751495992922
121.25736451592294 6071.361950103174 10.0 0.9505446915791215 1.4038745289337358
338.570876807572 5571.684407130465 10.0 2.044148751542637 0.010161242493622486
330.9538160449835 8266.51611309908 10.0 0.4717277070081186 2.16529946082646
116.61412626443524 9423.605386784284 10.0 2.043179761124871 4.006341973151133
91.1234540941952 174.3370078202622 10.0 1.3539803600066922 0.7764405350207342
119.01970805033801 5597.851031107455 10.0 2.537787745040218 5.902689403839402
549.0556909103818 7970.351950034697 10.0 0.8184114936853688 2.611369400431559
107.958061280086 2318.5773783303252 10.0 1.9476106710819578 4.816847212323715
987.9129761072728 4785.549191702084 10.0 2.2875151485365817 4.896988939746632
84.5958729361378 2998.3623701294637 10.0 2.0160573532650474 3.854998828472585
265.4144592523284 1621.9135215324166 10.0 2.789202657351906 2.3183006715695393
751.7359969361182 5589.105127443808 10.0 1.5743192035458495 4.060606759964067
184.22095720566168 8117.207816198775 10.0 1.796872465029914 5.8377667238934
706.9869083373969 551.7019185011173 10.0 2.5682156140615717 1.5756912368123936
454.1782355299918 6323.057452522665 10.0 0.7890894321398386 1.7112796865617719
151.61845799115582 1858.557759656263 10.0 1.1657347143931083 3.747155128321193
156.57408219625512 3160.4054060507856 10.0 1.2969495476122495 5.448723493336019
150.2596685035339 7942.9979913138195 10.0 0.38037963963553606 6.083234562862614
870.5660711450993 9716.395467882227 10.0 0.56783133973096 2.6131545836782055
726.5952399587245 2009.6418242745517 10.0 2.891015229659332 5.482842856361595
871.9358590073352 8046.751032635912 10.0 0.46759231719260036 3.463216825233285
330.21682663658135 3619.799144040209 10.0 0.07297316404635658 1.0676654683476001
64.3262643430622 8647.708305027614 10.0 2.046373261033964 0.1912279638643251
459.78523908954406 5965.955772165858 10.0 2.3149089183434537 4.632697497345662
553.1178891239521 4261.567131115432 10.0 2.9608665942366263 0.35447554987764235
477.66004259337535 5749.40809966517 10.0 2.543257535579733 2.620303895020055
22.100734606285698 8179.923591595254 10.0 0.023339541649741776 3.791975463955465
901.1525796766489 5075.108044726927 10.0 1.2809878784941615 1.5892383313266951
323.0976979790972 7708.64570055998 10.0 3.0746961494849754 5.518045394916977
705.5589249963823 7277.783496579114 10.0 2.441262115010216 1.6943253986809044
938.6959160250797 5958.6540374240085 10.0 1.1908115000428907 1.8406891280279876
424.1287779130157 1093.3966133691797 10.0 2.9393450602183844 1.8739109670777971
228.2423578908701 7626.5714121416 10.0 2.087552900024425 3.6563260177669985
80.12662966877183 89.99939894975051 10.0 3.1330959243884147 3.7828991022407794
617.2596704572704 6929.301528775483 10.0 2.481517766645576 5.894529915315324
236.14153089756707 6772.052726234522 10.0 3.0559221328134223 1.9295487585364302
140.43881996705164 8356.603653270715 10.0 2.417920677140455 1.8873122140154772
695.8015206990283 3272.2696476238934 10.0 0.4569539241705815 5.59366879035974
998.3645706538031 3405.719599705708 10.0 1.4332712468031952 1.0613915715284965
643.0492888739403 3045.044764322523 10.0 1.165412612778926 1.4445664218881495
38.13017266611973 8962.122350555399 10.0 0.02888558670563903 3.6395007271331985
254.13500589381232 475.5345928677224 10.0 2.8160601347179433 6.108945240558153
317.9974117892985 5490.441656662983 10.0 2.44233749556619 0.7049158953541658
67.48257182692174 7818.447347929562 10.0 1.7226103010792888 1.3681803735412477
166.2583411047709 5699.636603007488 10.0 1.7813894643160901 0.4391491922752315
646.5858669940347 1380.6099854280717 10.0 1.2147498859200578 4.907723497955207
394.45492904583034 6846.470411457737 10.0 1.6269756351915132 1.232134622938123
321.0910246081641 1361.369956452907 10.0 0.5398141663051911 3.3246203209024943
575.1129067369807 2341.355603954889 10.0 0.19190472409574375 3.58103499347363
41.22065997105173 2264.898249432172 10.0 0.7642300930928857 3.4574859741017203
544.1458479097846 820.6293421682453 10.0 2.137428890897015 3.4681491791871673
630.6971568149232 3298.451394553206 10.0 2.0633825188057004 1.0015520385825663
538.0862485702794 3349.3216281426517 10.0 1.413106839944124 5.726971860779482
973.3202971616889 670.6622116316386 10.0 2.131478473747369 6.234200729292746
626.2990958184542 1918.4783426506024 10.0 1.7929027366529249 3.228476924059976
918.3561341224639 6203.913026623847 10.0 3.0867883177546926 4.3534189631948275
348.33493886401743 4901.105456551841 10.0 1.1941905405628432 1.2373831449759671
939.8931316170597 9174.86195754297 10.0 0.4755236403756254 5.962549751062463
716.5782869150734 7630.789462833602 10.0 1.74021526021742 4.496137460031967
835.3217775323258 797.1781556419666 10.0 1.0196380406878305 5.513512235266841
994.3474305625241 8767.065654546537 10.0 1.4978122267389795 5.545670930335929
998.0940742786014 3260.5536968974748 10.0 0.3003101403735758 0.10027801578921346
909.6025618686806 5611.5875826759175 10.0 0.005804535420616398 1.7964055281759088
49.9189568009667 7740.0510643959815 10.0 0.009118221871795526 2.653699852196004
214.41774589051488 4039.16879762251 10.0 0.22941779925931308 1.3187500932988847
867.5500494551325 8289.850563894795 10.0 0.6710542872540164 4.00914503337716
750.3734921861663 1207.7516239430443 10.0 2.9278167304373177 4.025859980582038
289.32205767381566 1035.460114932213 10.0 0.7767014309837968 3.251997141289757
430.02581431126185 1711.37235839112 10.0 2.773640693915928 3.040899035604691
36.59169174338351 578.4476619400425 10.0 2.630370433429226 1.1222157884458965
794.6083842926321 340.1796525652467 10.0 2.6319945995687517 2.3463576445417966
635.2399029043464 8027.763192587047 10.0 0.8736500200353396 3.626387537768818
58.12372224004536 7111.571968431969 10.0 0.35990011358984186 4.401478306716285
372.3912322379387 7571.707255045188 10.0 2.6858510681660936 2.8950903492165345
797.9797822143847 2736.515710908165 10.0 0.6619808273880924 4.666045708937257
573.5067470785621 1004.6146750407814 10.0 0.6429282602418533 4.425151604830442
702.3283438994655 5185.107467078873 10.0 1.6509960033239337 0.12366959308280295
735.006760295101 2122.308799760514 10.0 2.214232003117812 1.7711763780359435
34.261176315147246 515.4396465547584 10.0 0.7950147844917919 1.6189268900068858
297.5796060152109 5400.396385084748 10.0 0.7503563255978176 2.3834464523014716
723.0203309648734 3629.8360072835967 10.0 2.886569825218596 3.694416253389184
95.33264478384507 5869.459272781934 10.0 2.9370121788555292 2.514972462924926
242.3790447453551 7122.518223965064 10.0 0.8881532550600983 5.41464898825713
765.9418536865079 9601.209621375277 10.0 2.2805797319276855 5.470023625633046
686.3490959214695 8882.763799401293 10.0 1.8247850518148778 1.3053093352303906
656.9561818790822 6719.668488099978 10.0 2.6046943079466502 3.108063426155438
702.371145648153 1617.6211697982635 10.0 1.0337755033913596 1.3372919585988705
13.412974900652852 1351.4310238893236 10.0 1.5438732762320977 5.450640629305537
192.1442883219724 9958.242378856312 10.0 0.5043553549764997 2.2256391163779328
481.92059605710955 5429.0838157549815 10.0 1.885221508191578 3.7476427792671947
940.2508887587362 3313.896712973203 10.0 1.3208340237824876 3.530305252140335
216.3646898129843 5761.829517366947 10.0 0.014131654442986776 5.257537456473076
580.7333243606007 5137.727237020001 10.0 1.5393097281290178 0.25365061787238524
120.39416332524155 6287.390635191994 10.0 2.036257467025025 3.1068600280851757
561.7782408824559 1768.3126544376782 10.0 0.1974259401138363 4.580886468785855
11.843234198928299 9919.246642420607 10.0 2.6945087105338454 3.775607782912617
18.66539444646287 6511.098293759869 10.0 2.6588838733411624 0.18403932295811368
744.2457174559487 6903.2730842915735 10.0 1.2152914199560467 3.848138547250462
715.1366064581402 7123.756782664562 10.0 1.2886665720795383 4.2577698954135395
570.5979072474548 9097.839901782274 10.0 0.19831650044729987 4.0187073205400825
463.3414942909384 7369.542882212357 10.0 0.4881119301524264 5.619131733625826
284.5262635540174 2091.437711779661 10.0 0.4231426285247875 5.398318772885747
682.5161525932119 5802.702818856697 10.0 1.9663272614497134 1.1634939848201893
924.0159837325872 9571.887110031561 10.0 2.0894270422546617 3.8553981575761416
6.550844587499771 7450.002512377904 10.0 1.9983214937446354 2.681269345676754
72.85701933170019 6861.200703568806 10.0 1.8021045523718708 5.976771871147433
100.60327309679562 6552.436452936689 10.0 2.9401464006577163 0.708225929329544
44.96359568219355 3030.154503519725 10.0 0.5308579274654904 3.8416465427543494
96.91343851365397 1031.1799117654753 10.0 1.2160326204301004 5.599840971866669
486.7234892110823 3506.6357773043046 10.0 0.8595250656220251 4.451708122123717
309.9763628741701 1841.8457171525604 10.0 2.7424972345689107 4.8476215648403045
182.53327644805594 7591.826598832761 10.0 0.9008243546518809 3.886140090823363
141.22905233113036 2881.111036952256 10.0 1.3008718719345147 3.9517398121453207
98.67601083792077 7798.286693922954 10.0 2.4619531373451804 5.166273281242407
333.4078058250164 9609.772642561218 10.0 0.6683578288949034 5.575870725283986
950.6973103604486 423.9993644155282 10.0 1.566530805321387 4.456188753999924
984.732279500061 7056.297362192811 10.0 1.881890019302778 3.19239484611309
829.4363344227004 9276.440437416739 10.0 2.4803874867701423 3.7432804575494627
983.0722731030116 364.9274649884282 10.0 0.3166016883121962 4.165076014047231
670.8676851793482 6960.735140734954 10.0 2.926317018146882 2.899430428268742
770.2539235832779 3552.4028409202024 10.0 0.3469686710220454 4.539339564664641
604.9106893943235 645.9636705046101 10.0 2.6308697101584997 0.9924732580042587
596.6611007687673 4637.36634904078 10.0 2.7370346196875333 2.7438903026525017
468.3621481533785 1723.6798305230038 10.0 0.1670633098799388 0.5893052583057042
676.2886083796978 7806.510548250098 10.0 2.3729271960776415 2.7481306823074627
17.10888388101772 1272.7020936833787 10.0 0.3909572027603513 4.079609943078685
902.4032013215303 5781.530469501274 10.0 0.17875163643374645 2.772930882223661
622.7764178405498 5744.244072732901 10.0 2.148357213337713 5.186334951755017
33.96873194666428 8050.945039458145 10.0 2.426422076356394 4.922212620241465
488.969742492263 9781.44173908221 10.0 2.686762966167915 5.532594518401135
512.9919354149408 3130.848312753658 10.0 0.28494483870650195 0.9921946008226029
672.2628422634411 5587.345196458993 10.0 2.585992972988786 6.024059136305659
322.9445335432475 5518.65513451839 10.0 1.7798797809036755 4.383280489972495
443.09281534651734 755.4324226381382 10.0 2.0895043155115136 6.058098474855747
548.4184876492295 503.90022966007587 10.0 0.6235494390553968 4.831620548810217
771.7151979250154 8976.712264500195 10.0 2.4949735863308553 1.1594438353507546
546.1703852532125 2500.1591403594894 10.0 2.7814077044010936 0.7083291401376728
974.3763806964793 537.4747702029625 10.0 1.9153593730781358 2.628857914099787
887.7112025474709 5062.145165386175 10.0 3.0891182565515485 1.3113548945396742
804.8597563449437 2021.754728107702 10.0 0.6398090644431119 3.8311327617596356
483.5976286626208 3252.0540754606554 10.0 2.9406268312337573 6.243126958882305
526.5615250850511 7132.569103947898 10.0 0.6932408380769126 1.5319058691313188
549.5815140152441 1519.2106837607967 10.0 0.6316826506178166 1.9538325307184337
750.2525510612068 3045.991340155676 10.0 0.6867979084026038 0.051206189866450924
324.77327858922865 2757.0861400725166 10.0 2.967594306855705 4.534596225381589
72.68262140696946 9212.125965548654 10.0 0.4031352374011135 2.9706647556940573
701.9758498855116 6701.744423525091 10.0 0.7152495974393728 3.486448934398297
801.1830164603342 8017.043424554226 10.0 2.071568353704522 4.9853021712090175
180.3451824595541 8335.783251626737 10.0 2.061276979945601 2.053769562487938
299.42409311739146 9219.741330888928 10.0 2.356693709352226 4.344789366940216
800.5338319236798 9461.82914713942 10.0 2.2537296590451756 5.706492167081362
739.4837525671148 2578.190490247946 10.0 1.2854170084197227 1.3512080730298615
972.4734788714164 9109.652104026014 10.0 0.8679293574274962 0.42172471734354017
295.38323361944185 5578.53241846302 10.0 1.715647320522482 0.21661066588834238
355.95297245852043 940.9598175261358 10.0 2.9933150855895287 1.6853330403238245
63.246557354816105 5681.48722122452 10.0 2.009648722141409 1.7385560637528612
204.14812437394968 8315.93580200673 10.0 1.1138011932519098 5.377429082903624
243.23950551381157 9000.036699180737 10.0 1.0684000770303694 0.9553301211391609
830.2591896361153 185.58292626564054 10.0 1.2129936814788755 0.0021348481246328396
368.44483833461607 9822.444003201766 10.0 1.1111952677552497 5.513358037553145
107.41279393889691 3473.9348272890747 10.0 0.3413779862286171 0.23085876141448303
615.8298354226714 7894.672840975927 10.0 0.6532981278529322 4.085518439143337
161.98395341011275 114.1982967631594 10.0 2.7387715759803437 0.4672646878859201
484.46211285160825 2876.269124347963 10.0 2.3357903328965968 4.245422016895398
670.4950731667968 9402.889473869493 10.0 2.1695076417324297 0.04032451905931438
376.1305078849276 7883.76545086378 10.0 1.3568910744511968 3.162920199505472
420.247533277071 8836.024330961696 10.0 0.28488304210683124 1.87522481629209
863.5268280553763 6535.674810703861 10.0 2.7208306706413485 1.1011284560705394
43.842755963547916 9091.427701263181 10.0 2.807504120921931 1.1600354952382421
681.1449356165022 413.13115575527524 10.0 0.06683330220189632 5.903230276949276
87.74842971327479 1321.2242409095709 10.0 2.09100660430784 0.9463965005706165
724.0534036875907 6350.244190579906 10.0 0.422608861278252 3.36086396203873
825.0665233588339 7418.570880610211 10.0 2.5179147932801724 5.228681780660603
589.6979096326662 5468.226990604285 10.0 0.941369229071301 1.8735824275652946
472.65917557754335 6422.6963199205875 10.0 1.4705412372185143 4.448749481160857
447.88962434649847 8367.3616466203 10.0 0.3959733684064303 3.769074811073507
722.7887724984089 2726.30689588266 10.0 2.7580431119447306 1.3601102561629688
274.1360088574607 3390.8629565324645 10.0 0.18390340357064325 2.26886282714244
749.4283659189937 4249.4256456236335 10.0 1.9380748157813112 1.0924360830920519
731.470105556823 7374.705735970033 10.0 0.6476551476864992 4.124014763659578
99.39881187708299 1243.7217340018192 10.0 3.137393576387874 3.925461974399326
235.93440018820277 797.475098147441 10.0 2.4421175070223433 4.117994264183455
128.48881933221557 8891.398481500391 10.0 2.0974678757639587 3.1530190778926244
990.87615402004 1744.3040079926054 10.0 1.474763246769042 2.5673727572479934
892.7141322397629 9362.696492905457 10.0 2.9034278926114623 4.555106120133655
25.209604331983826 5598.9617077575185 10.0 1.2873941507116924 1.442303588152057
654.8721763336613 1496.0797494402134 10.0 1.551610717042587 3.8852879802191604
520.8018953851589 9878.15083712557 10.0 1.5601321714295 4.2640379458318955
416.5481778336415 8765.16451765288 10.0 2.2432437951989863 4.864777023003292
964.1388160100266 6122.083178023515 10.0 0.7435658658123689 2.525270116513231
135.72955477963723 8696.45230671344 10.0 1.1303154280892882 4.665706941601259
907.4264534731744 3255.3878983448235 10.0 1.3448748344913206 2.0649302990662566
540.1840890203159 9401.933507445221 10.0 1.8303793851957284 1.1006192174551852
374.2852942421626 9332.422895344562 10.0 0.8959700923699732 6.169761779343149
696.7587019101578 1390.6189959386527 10.0 2.148731835455474 1.907750663458851
195.19263544060138 1081.045869627376 10.0 2.6825655594185505 5.692710713194118
746.754885634409 5323.067750683526 10.0 2.187540083032683 5.526138030388794
807.8300536794272 3158.9108876113605 10.0 2.558681956265307 2.9162082378977674
467.5370544227889 8872.967095514834 10.0 3.125491870690273 6.006758753383276
307.49166839667885 1536.351012197048 10.0 0.06266507105406914 3.2114433404111757
570.5299048241819 8359.834287860784 10.0 1.2944514717856261 0.878503043447183
782.7098346330333 7919.911194902418 10.0 1.1547935249399648 4.363300962367301
895.7613845793196 3316.8958410706573 10.0 1.8145625140470165 1.208121804645042
221.25430784920886 4630.5919346873525 10.0 2.673094824141752 2.4350644340685896
913.1072475049762 4658.211884700761 10.0 1.436412248113537 0.6817954619902035
521.661240041011 1850.8693123387243 10.0 2.7964634110647 3.201850301388554
190.39348845287586 9609.105304297425 10.0 0.9800126968712345 0.3368403015357988
395.4481615168368 1654.549595959588 10.0 0.9081635619607545 4.619803880447929
738.5129114283203 9063.960207840493 10.0 1.7316028704934068 4.930495392117276
195.17122563703106 5733.525144020736 10.0 1.3036793471689956 5.333465911986183
393.712221789281 5535.449087857197 10.0 0.6349332805583936 2.7513023749651513
953.4811614525476 6235.490770093568 10.0 1.4147550558212418 1.5467454817580555
647.2056795441266 2359.254940003429 10.0 3.040686968724191 5.081247038664365
168.33374215573528 1626.6858801122219 10.0 2.555532290118376 5.26876517013801
582.2716972181506 7318.348377674536 10.0 0.3064555991720537 3.176137233634592
119.5115197545058 1993.722514859394 10.0 0.30068276749265316 5.419304091563475
828.9886353739074 6350.88235265816 10.0 1.6967604957430205 3.7953832432613304
751.6127158390877 698.5630439018809 10.0 0.3554252549032737 2.1944801847797217
696.7658737817161 5505.769066245424 10.0 0.33129397387120696 4.2902531093536895
408.66369847766106 1800.710400385075 10.0 2.8901570705514845 1.6198773355753007
894.8267466014669 1809.9981790400932 10.0 1.9007796500908194 2.3083192309091256
955.5112256827168 5160.671101139564 10.0 2.7703866127457 3.302386759380986
500.79921840641515 6211.761872457506 10.0 0.6110163170790032 4.795726910898112
71.15072902224628 3638.7580393284215 10.0 0.4909752225736065 3.3964519084618265
87.57077765138766 4263.448179832866 10.0 1.229373038674327 2.5497056966173823
749.146899773989 9303.288898245759 10.0 0.5595402513748499 4.955281038580502
168.56375969221227 2708.5637442881584 10.0 1.5394313152370669 3.8082480701014934
290.3027990427811 8062.250377244788 10.0 3.1336021847091255 4.275643976317434
371.58733008963793 2636.651519096598 10.0 1.091317776916973 2.0231929846674737
322.7337169863298 4632.483705876956 10.0 1.7846429058089306 5.09707525264957
1.4223179528130014 2370.2624070255074 10.0 2.389703560861069 5.861156448728569
634.502099427002 2260.4587314939263 10.0 1.047639935286618 0.989767338372905
901.2953163201031 5748.046428902329 10.0 2.8627705371920897 3.4369543270556915
853.9698042478587 4108.697197294625 10.0 2.226593746327021 6.066310263345656
773.3980530678036 3968.0236844833817 10.0 1.8735853568086476 4.531922875384916
263.0237897836843 5721.907951214945 10.0 0.9597438332189389 2.094929526744489
368.6085313009135 1655.0988332249083 10.0 0.6968287927769745 4.527448436681656
278.33169877091643 486.895671217783 10.0 3.134454653647851 4.6714921171260295
205.57011407987812 316.8813696927819 10.0 2.443561870654921 4.381333901003836
385.78343261664895 2500.3075610145706 10.0 0.5537052489542643 0.28900591150518945
729.2845681497308 4851.8731115304545 10.0 0.8525511790629443 2.6339428449984585
563.2748740768068 3758.279676281774 10.0 2.4795549688831557 4.085769969487423
69.37575561560195 1274.0883784711466 10.0 1.0591493656377435 2.6655649481127233
476.9904416995322 5082.043535607398 10.0 0.05286949577795151 5.818865242696332
808.1798764723142 6318.164778540986 10.0 3.1407892353055558 4.599016793232057
986.3401945396279 2693.559221085158 10.0 2.126180347986645 0.4370684322009275
418.8185709524248 2089.0320915958737 10.0 2.5456629373161976 3.077771809736449
742.7079842355784 4855.2336111345885 10.0 2.2302024860963208 5.888362009971136
283.41123908584945 1420.197240844574 10.0 2.606292816011086 1.1543421297454424
917.1670956613166 5487.789577935702 10.0 1.0737162840163068 3.7839327486728926
451.5828640836843 2104.7112778788733 10.0 0.567581967020613 1.828940781932366
342.31906113096977 4180.34561162037 10.0 2.4168026501574653 4.005135037196232
549.4233169597542 662.8792775897707 10.0 0.45051645264318385 3.18111321086996
603.4126630634582 4506.770884045134 10.0 1.47378368887646 2.3708994220074433
499.054615267016 8810.775268694404 10.0 0.04393955133985265 5.758257239589089
863.8986983264713 5062.377076932794 10.0 1.4955815182557666 4.177729190730982
958.962523144278 8293.626300002346 10.0 0.6331804763583346 4.7566411858955036
460.57709448360197 135.0087834578284 10.0 0.718828861992865 5.251879068494281
645.2482875475312 2248.1260545124546 10.0 0.8951256051817532 3.933177579705445
553.4926291669975 9424.59775687068 10.0 2.6102030878593845 5.9364858799568605
943.9572331374791 3757.7433780675706 10.0 0.006569869925903936 1.7924120719750298
365.73532870924475 8725.238866428275 10.0 2.5888907320204164 3.0603225588121834
474.64019696207794 4765.083377943474 10.0 1.2405655061824161 2.6949460502043596
798.302043126011 5983.855343905785 10.0 2.584858908180888 0.753423031699554
515.3040858214177 1005.3713009767484 10.0 1.8276994428742408 0.2901635957584129
455.1751022198024 9649.51244755569 10.0 1.9034518243113414 0.8642142647317173
448.9079621368499 1125.111556695746 10.0 2.768515458141235 1.6274428338396334
363.774706358554 8727.442730946634 10.0 1.6168209987184472 4.418625834633531
641.5606357378883 649.9948517741383 10.0 0.8120683947597015 4.7912012961447665
925.9410237546388 6451.846588402236 10.0 0.7978376307223135 0.583775223058333
412.57629404866003 3966.108110951212 10.0 0.9992156575317804 1.555552260648116
884.6022529172385 1991.5286567692015 10.0 1.3966445694866616 2.8510331251989074
6.544230043817101 9978.513519721677 10.0 0.9900590219909777 2.7269186073169394
341.2850914902422 7102.434564798733 10.0 1.6462917033845714 5.22851029225069
727.5689545865282 9611.257547921026 10.0 2.8529008928095974 3.7323444520511777
109.62368388409749 7141.149429434428 10.0 2.6515936835735174 2.9807715180748744
645.8371026957484 5812.874575875699 10.0 1.9633322059999305 4.360779514542479
940.023347352751 8353.420280610742 10.0 0.19367284898191123 4.112892792071624
536.6670552769359 9231.444268610532 10.0 0.836834877234217 3.356664688663521
400.63529048513504 5851.765527488677 10.0 0.541493418195138 3.3490717024928434
962.1978423256093 5223.269182427904 10.0 2.255904011085654 3.233283002129848
449.79879512569045 9196.234318285047 10.0 2.457718225345607 5.024133428365106
655.8734950070706 359.2309297871954 10.0 2.8115361776764853 5.695462371142195
985.106651010286 4992.377640023312 10.0 1.4689547603530588 0.6646941977574697
619.8789134327891 9092.890865258325 10.0 2.481144990929055 4.764759377735693
904.2506792104767 8420.493339810038 10.0 0.9992232460624637 3.3862905805030827
595.6837975163827 3754.3966732160316 10.0 2.6680645153643825 5.120602198739347
462.80297721026875 8110.208478586901 10.0 0.042913596151238 4.0425302643470005
817.8505959709807 3534.255828159655 10.0 0.47072007826299805 0.49388943029218263
964.0898036647168 1274.4611244565162 10.0 0.09552959919908967 4.659648776736534
211.26301338032627 621.0406610863639 10.0 0.30131330862119604 5.59997058155366
66.31363880697705 8516.944027956513 10.0 2.589283288926905 3.51730449803472
441.93108255946476 4157.086375331614 10.0 1.9274140766549042 4.190871467880414
242.0803013002385 227.0725098975579 10.0 0.2819291845851087 2.5859956709030056
481.5290962682179 5176.245180682851 10.0 0.19347433699294428 4.103063989605265
175.48700767844116 8976.539525680377 10.0 1.3901439988456858 2.78812015695248
595.822859978706 8187.757218627981 10.0 1.0487490666896009 2.1903835298048824
131.92760697169348 4831.5203112132995 10.0 0.3804500506350708 4.385981993485539
917.1422542863129 7570.303906236245 10.0 2.7448413508856664 2.8945020148769127
585.7715397619729 2994.5874136770244 10.0 1.753230945303533 6.238105609914792
11.055397302003556 9440.302955922696 10.0 1.8072289238632453 3.298305321691523
641.0724785935358 5690.403206123843 10.0 2.878855680866673 5.519193011566859
97.40085010080435 2158.5104750764763 10.0 2.4891189826994173 3.591578104463871
30.463027620269536 2709.2462933155125 10.0 2.951551549435563 1.069865794096843
835.8338947940356 1138.9896263215305 10.0 2.918190396884536 2.9182363546811496
727.3916544812487 7522.438833281234 10.0 2.2395062010157654 5.11311952849051
836.0432910472022 6124.511177884167 10.0 1.0472197871746034 4.976993871598496
456.8582397373114 8383.734981795966 10.0 0.5773750771605207 0.5301847351457811
302.7945629628761 1592.4472874812122 10.0 1.4731324884915515 2.769475721121798
639.8043796070125 6330.735770627026 10.0 1.6911752412737178 2.370766272927893
475.95636371150584 3455.2193043490097 10.0 1.8328250736364102 1.4251877483363324
556.3146857737368 4500.386975964743 10.0 2.4566120954853843 0.5691241769380578
775.6658431696167 7719.366520762502 10.0 1.1013570805967001 1.373465558092461
762.7854489703316 5672.631173843734 10.0 0.38435735574834173 2.231233291754307
812.7896330035632 9267.292410833656 10.0 0.6468776182191602 3.9334023886416105
48.216708947364296 7456.267782255779 10.0 0.004120282639539995 3.871557738308799
674.8361881937818 1425.7565545371876 10.0 1.0979759252430237 2.432585802376325
464.784283795876 7031.089828069271 10.0 2.746345977121102 2.0089341705703525
147.47631550454466 9485.171243444465 10.0 2.00613644176695 5.2176780867574335
217.84774907667648 9860.3562303452 10.0 0.2632897616892311 1.3053998277124708
781.8277843563502 3833.7656762012807 10.0 2.6465998219414364 0.2605961615366017
450.55055464860214 9287.66468738016 10.0 1.3413948161845695 6.135344209465434
967.6602322077667 870.6821791542452 10.0 3.086328134191344 5.112697912573973
208.16896255177443 6432.285672699891 10.0 0.8201842204357869 1.8927133206759872
422.67683359856954 2362.064752458265 10.0 2.2915788594249817 1.9549866087552266
117.36559895751242 2297.021360735119 10.0 0.7802053904212709 3.029828849500557
758.0289971150501 6404.202514424712 10.0 0.2577683867429969 5.169299810119428
565.5040576717752 6502.650806967077 10.0 0.2692209814630774 1.3479561672711147
30.219851624182283 5657.793187320142 10.0 2.5049254055445647 1.4882330224149838
415.18068347991556 9563.024830745475 10.0 2.5681275235437444 1.4889283094508854
439.5535981508106 1017.3859936254926 10.0 0.9346922883248692 0.723986873119344
539.1302484911024 8114.873639199779 10.0 1.818888379637868 5.422291695051878
585.2862130730609 1380.0672433204898 10.0 0.07800987311867631 3.1073324319374556
710.6609270638753 5016.387585708566 10.0 2.728352185394611 4.071982368070335
937.634154327045 2677.4534201270294 10.0 1.4683860352087703 4.997957842728073
634.7757071542826 8728.635218934902 10.0 2.1835200068297427 4.381409205384488
436.79720449657356 1835.050353410469 10.0 1.032717335134107 2.9354289027975082
155.1358448337431 8893.881623595691 10.0 0.629299572991028 2.306098483644088
379.15184170862636 3823.04469928292 10.0 1.7699547833322449 1.5530985268742243
922.0230006291831 7524.867260165265 10.0 1.8894401932054357 2.2894077971084954
0.7710412422952118 2462.5871371713483 10.0 0.7910064419816141 1.0321623572407765
56.456059313358395 7719.112465349496 10.0 1.7374437508305332 3.1352398540104387
418.4272340480758 8151.632834842308 10.0 1.6848547138139587 4.175714506384104
595.6190259287558 4312.307746024916 10.0 0.8671664493694954 3.7093756035165244
838.2342431288388 8174.398662651928 10.0 0.28870644661128153 3.0720353190896774
754.75621573982 3384.854804961728 10.0 0.15840590281658312 1.7904331277155363
192.08473771483904 7758.501592425885 10.0 2.681135032845151 1.1349302340112277
290.69097443470736 35.61835651933465 10.0 2.8916126711603187 4.9445508291228775
612.0392720532551 2543.8406674644143 10.0 3.0556809700062635 2.21601929417492
502.1241686230543 6336.952553046224 10.0 2.2273741813592762 4.753653007070537
402.82336678823015 5627.28422236228 10.0 0.7142220519422103 0.5856432704234295
651.8687053027057 3885.064985899259 10.0 2.1667556218083917 5.528029399011444
422.58848368506887 4847.224962656155 10.0 1.116339087648371 0.8666626558133189
846.1763873971137 7859.779176087764 10.0 1.6134578644672182 5.426009656105834
32.09376145649523 8472.066594646112 10.0 0.11337609601725072 4.328441127085576
656.3132820799658 2007.7602320910137 10.0 0.7494522499065724 5.4035005462223715
22.46411757546596 9956.702454735303 10.0 1.546773902201761 0.05006736429841304
17.53976742772434 6463.262876220968 10.0 1.756553651261055 3.60642965941001
181.6814273702515 4931.051244244821 10.0 2.936727879248144 1.0326658444201207
190.6517842939207 2820.4686777472243 10.0 1.8345340412954207 3.504971966658202
409.96478016705083 6084.708754425914 10.0 1.0115441277746793 3.5486242774374186
821.2393620883408 3371.4711726154123 10.0 2.3845171139042134 2.807380827330685
544.1962034008865 4111.783593352981 10.0 0.49843131909401367 0.9137750208142004
381.8184163637215 3923.973994342438 10.0 2.4631256708626372 0.8770786463140101
301.54804072456176 5379.97229764663 10.0 0.9570827390788906 2.2269897819953046
531.9927735121875 2112.7619625185202 10.0 1.9469192839235918 1.1156064093417868
2.468114266104937 9487.94295829731 10.0 0.054656329943006905 1.9092578680452195
181.80178717469485 5619.010328005237 10.0 2.932945746685403 5.194381911414307
983.1792966487374 2375.0859472884713 10.0 2.200675589385503 4.524747739336641
293.41053891861566 7211.493238846596 10.0 1.8282207061587612 3.8722018020579227
857.8492131418573 3147.6940942614174 10.0 0.2546230375058042 3.5920321820917565
706.2984273709849 6023.753571244312 10.0 3.065460490713602 2.1221398396626467
40.58690072275395 5285.639021053648 10.0 2.4769552034875866 3.1600136355555772
521.1026838771271 6981.297946329136 10.0 1.3447887898088506 4.764959998457374
187.4220177576723 5393.600693440632 10.0 1.750475879214649 2.8478783296658694
827.2727157297319 2792.8778104806975 10.0 2.608649740077581 3.474292048686819
468.4235726429743 5160.915184279274 10.0 1.6542979536335356 0.5660965326978924
809.6918820933214 5419.920325421911 10.0 0.8045187769283434 1.3064281799494684
830.1138172690814 4694.104338399759 10.0 1.1297183616692186 5.874429112260891
519.4228346371776 6438.171659473954 10.0 1.0629957502819127 5.66424751921992
658.3339681741398 7886.14808661308 10.0 0.4839588710182559 1.9550290113550637
843.7324990104487 8205.614116517856 10.0 1.6334826129994633 3.856975963650542
501.7176322180927 2986.5619815938394 10.0 1.1569317357358768 3.0946387582199817
460.55317934979223 250.72006657776313 10.0 1.643084693530722 6.103331435698798
765.9286368970019 4036.3440557669237 10.0 0.7359249075725324 4.282301468047514
812.5360035143052 7795.105381170596 10.0 1.998810726967547 3.6353501700816793
538.8190303695949 1331.850072184738 10.0 1.196461768730733 4.374106908739156
385.8528261596492 1824.6452628313891 10.0 2.0960602041397047 5.290258279619623
956.6640332722682 1581.6650683197142 10.0 2.009097457005691 3.1039480785644002
828.9028296978614 2623.114501406746 10.0 2.0649734044198813 3.3892799059307586
771.6295211300053 920.5275070439567 10.0 0.8027968274796681 5.736954166098826
696.0804096413394 1182.4134819037768 10.0 2.2220604675057816 4.016410868514978
30.629020605117518 6444.374009226538 10.0 3.0697866819369155 1.618020925244067
851.7601149909124 5403.444733201808 10.0 1.6047011526765134 0.770383609070748
25.725925051136688 4430.563142888707 10.0 2.341469605493896 3.8191811788298233
819.655207814744 501.70126790836656 10.0 1.3930998224997189 5.111702224614115
926.237413424867 5907.34318860944 10.0 3.0061277070562635 6.182490565087698
612.7060075587505 5531.6291929867975 10.0 0.9601198199787258 2.9531980002092335
752.6962474105034 2736.625708882897 10.0 1.6449093068111769 4.652434514319207
828.6543532672839 443.8268100124698 10.0 0.20756319943045468 4.023057052050836
602.8268488524357 9874.125892312473 10.0 0.6276235452616512 5.167977435873523
46.46011828676233 589.1438022720041 10.0 0.6417102478359633 0.24169636376243667
289.6916311849729 1970.9358961855883 10.0 2.8315588899244255 4.787030790540664
808.7165502152533 8083.742057010266 10.0 1.5679232194552863 2.783032807934108
802.1640391096674 4980.588507529384 10.0 3.1053869611407254 3.401949767361298
725.2201248015335 1949.1804534408186 10.0 1.1358898366271186 2.3358543349908323
247.88457568227972 5935.679804883075 10.0 2.3103861446365324 4.444499438302189
482.8517089083713 1441.587772527796 10.0 0.1861067679860417 0.24468995486063086
188.85592088277602 6558.106576265228 10.0 1.4415833273582015 2.248639457525497
796.9247584964586 9483.983302440085 10.0 1.3504187848004017 2.169778012327533
529.8334878856234 8866.98725007746 10.0 0.09025285709940221 5.575755273245114
589.1572051827081 5615.811307342522 10.0 2.9280108122524195 5.706600402888801
369.6675434555179 3448.32410607966 10.0 2.303462315861749 3.8644976371005706
927.4230180996626 373.7481138611376 10.0 0.41002028634344406 2.409880512235841
475.7534100491619 3550.4714253588454 10.0 2.2658269446683024 4.24967673176182
512.4399977521842 5517.8473123348895 10.0 3.02814850337359 3.6713654022643847
291.74570468487514 669.4732323854502 10.0 1.553848510634182 5.071665911172567
746.5495874324948 7017.083540824466 10.0 1.231418991709349 0.940546636143454
638.6930204019451 9788.329551132107 10.0 0.5428693320495417 5.6464269768901465
669.7454004507671 208.35938041511736 10.0 0.8514077437225547 4.826124042016154
519.7492810429828 4934.2577340751195 10.0 1.579851130359215 2.8406166747236434
298.10647971033455 9043.035159231844 10.0 1.7406294568633325 1.3107348858423649
688.6179293120322 8218.008307594366 10.0 2.630324449536423 1.9652531959609791
149.79166750975637 3835.0464172213215 10.0 0.5160886139273112 4.174274142672888
891.885439612017 8019.2995829118245 10.0 1.7339586935842952 1.957180094089141
993.7510499467401 4424.671436822083 10.0 0.43603379783813345 1.0176226698633641
945.4000846462773 4482.431593671551 10.0 1.9726739571546608 4.352955491373995
106.31124868692832 8172.009195734816 10.0 2.7985708077280926 0.25644261975874355
54.85239513371498 2986.146067992903 10.0 1.1574266792194723 2.8828122220682695
570.7901742952673 4694.233350663925 10.0 2.160079947769186 4.751189607330301
40.71362160190961 8751.788749268904 10.0 1.4906866040457287 0.047722494556087874
405.2980511458647 1760.6813416435252 10.0 2.173593996033066 3.2040767666108283
377.6882129246304 8253.841891128615 10.0 2.990383262827426 4.365621610454358
553.8806037795357 9259.845045382886 10.0 0.5176567146005011 2.909473033922733
208.83683663494412 5596.8870406315355 10.0 1.7951723552245007 1.242747667111405
26.160924152304197 652.3216947154598 10.0 2.12731649307838 3.351320935742584
744.5259333286018 4523.061092235485 10.0 2.6898948681420753 5.094193071384242
720.6357978853468 3823.7888848833 10.0 1.343795061458709 0.20750227227614396
706.3603823429681 9214.067142216329 10.0 2.568428344161027 0.31565780801667703
716.7835528520308 5752.069163769355 10.0 0.048467615485572116 4.077737170297098
726.2550102558566 9551.804094656456 10.0 2.867491116723442 1.2526134528079111
71.13870902363428 7902.340352711418 10.0 0.8268966763016843 3.2737213889658374
860.8018695668206 9001.67826231392 10.0 2.9762083290377106 4.2113496674870765
402.4905152611402 1764.5611928295557 10.0 2.958649379102906 2.6429406196870535
631.0888626430739 5782.6553255537065 10.0 2.809870929871043 1.9678500161822643
801.3610915589501 6447.168388994991 10.0 1.53969606383216 1.7914212660304878
248.12651163271536 488.11999047233655 10.0 2.681012751897517 0.32338158726058924
