1000 10000 10.0 30
200
775.4889777137596 7132.917151586321 10.0 0.7770448358456269 6.053794174069288
742.0574112202958 3159.282328523373 10.0 0.26657801239487594 5.560724934888777
323.53323936563527 5069.446900557251 10.0 3.1221183712356577 4.8044669166446194
749.7078563080918 6378.984070916407 10.0 0.47720457590937615 5.209280336496579
288.77686525426395 3824.99576558762 10.0 1.911420281897636 0.4829810752683042
472.62796136682306 8158.470087582416 10.0 1.993470041160558 3.743550624709258
979.9969578162734 7129.103525677555 10.0 1.1514810833013671 2.771994496353901
416.5364421206118 1190.24541876806 10.0 1.13200649166539 1.345640388404594
934.942847877551 6758.245284521268 10.0 1.2428469823399046 3.4610980738901214
623.638930425457 1479.6405402363798 10.0 1.1575266465421463 5.24548841927107
859.1111445805589 891.2499917958971 10.0 1.2379346735484242 3.646505747263106
364.85148329667794 6102.388652349126 10.0 0.9558406477508063 0.6129161944303325
548.9568040360584 7685.0535308978415 10.0 1.7893697547859544 1.5599783885767973
802.7882432568651 1827.0725891761608 10.0 0.9459411674649779 2.0607516878609253
834.6965834056042 984.8529505732217 10.0 1.241621841533874 2.312578569346363
785.6697005297336 2766.499971583838 10.0 0.2271135254679963 2.785798053183161
827.8608783174278 7582.721749619506 10.0 0.0952996733844369 5.595507750996371
182.30729607482021 7722.075249285075 10.0 0.5831320039556953 4.369963695785282
8.750466784264388 7938.749737366884 10.0 1.5845296795079344 4.349286900128508
418.32124067151375 385.2233069953004 10.0 2.3350736883031127 3.9585860825391515
938.9542394821285 4778.76983780799 10.0 0.03483599683458764 3.8506063881895938
123.74732630026386 8059.934099240879 10.0 2.9524219237594993 5.599335517661262
634.0842234917558 6482.734242497531 10.0 2.861410692892107 3.1219232015378435
52.189120741716444 7070.487533818336 10.0 0.6927501943393041 4.71536409125428
881.8841507250698 4677.802950642619 10.0 0.9061704185833876 1.520201891666907
681.6720294467801 5518.41935127171 10.0 0.042491408872610145 3.0713071788613555
40.867781280843786 7950.206132929905 10.0 0.5177322845944146 0.6842131868690449
157.35496739785881 6552.796086577244 10.0 0.8087314096226208 0.06420943640471405
104.64332980946256 6089.943432016143 10.0 2.2275735498057636 5.006526604584562
486.25649009270387 7817.855911595026 10.0 0.6212548086000863 1.9900212266135349
67.08001886644122 1782.3826048037072 10.0 0.15659990937218823 0.23438880604809165
144.1510891182185 5242.079793692325 10.0 0.548762781722622 4.542513649987017
873.4734277095725 9160.821289980004 10.0 1.6735197397320085 4.4718108461427155
504.7922704776702 1832.7577412194562 10.0 1.176991015347482 5.903221992920524
492.8653848478734 1134.0712512042094 10.0 1.6383749033505992 4.682643500464966
751.6186054263795 4640.109728365509 10.0 2.4145919393354762 2.5376731592642967
896.6749759396583 9903.131338111894 10.0 0.2880167765627848 1.7722660370698384
182.09876848231633 5555.023611383211 10.0 2.228490489981844 3.065358369627443
978.796899635649 7581.0079939803245 10.0 0.6676739385728673 5.622000514126056
64.87210254395903 4104.476110715374 10.0 2.862189656701472 2.893928687113942
702.3233033801896 6329.749775742416 10.0 0.837973317157426 5.23353693917765
459.840867342876 2908.6943281347867 10.0 2.459975109960079 2.1089645044636463
8.045354118221603 9928.754491674701 10.0 0.013766759919334508 3.543304703092664
661.3702864802952 8964.126034098388 10.0 1.0708465466248975 6.168203382748066
269.8909515925698 1188.414602883431 10.0 0.877400629764025 0.6924043871325929
174.7528398477628 6416.274629805671 10.0 0.5259226175759067 0.7853912183173479
332.4546678158374 2123.1609095244985 10.0 0.5192441721144813 5.887257723147627
386.0929837363801 8986.46739169115 10.0 0.45960907351081437 0.7738665080410527
415.77620864275445 6297.968603259345 10.0 0.9428006406513769 2.47729444243877
335.7684101585965 2716.6158085673055 10.0 2.9549988499900195 4.01381571799147
422.5236672917924 5262.388463597399 10.0 1.7420847772365926 6.075093322043771
255.62440766665506 2196.032074293668 10.0 1.3802581148967348 3.720387211374358
432.7378880936312 3486.1637778542877 10.0 1.1762035951770409 5.256813604468325
780.0571893225093 5934.362408833581 10.0 2.0247811346464424 0.13234269715008312
421.29399424845303 8710.49732699832 10.0 1.2355465262661518 3.208149737163644
991.1427277515689 9044.703282231098 10.0 2.265589127869214 4.577208275257235
483.23647982603643 7129.030283713194 10.0 0.513020378503754 3.2607194548370937
707.9672684088929 3900.9589046895476 10.0 0.5762946185267119 5.306939935165095
102.1442550667524 5312.594757246183 10.0 0.3198657719484442 2.746080793359735
680.3156959117414 1933.5055357435892 10.0 1.3790133396918887 4.298991098126809
246.68138211576164 3291.805035119435 10.0 0.005508654968503746 4.616696685641213
596.8741108316198 2227.2226893398283 10.0 0.5161554386916184 3.310612212357671
330.49050864670613 5711.546052523982 10.0 2.2085954071948914 1.3052988695121224
68.10275454682258 5085.956415288781 10.0 0.7362756106458671 1.257378830075496
320.5844906380326 471.42540607279517 10.0 2.4278677981598253 6.2454196497606365
993.9356768015128 1227.4752554438994 10.0 0.5594133451149989 3.7258921805765914
529.3929807902427 6766.24930537761 10.0 0.9187863942088283 2.701537056541405
976.4632463194429 9772.980851320805 10.0 1.2037141899777306 3.0190921765288214
875.620017739593 6940.58453229495 10.0 0.3089842312586504 1.5705315763405845
687.7538171619658 695.2390914246354 10.0 1.642299251329767 1.8007551382312024
649.0689082687976 9071.471644183452 10.0 0.23492172025562755 5.546272101646113
352.97089704760174 9889.388932121292 10.0 2.9102311084242767 4.180099464642846
64.59057923129197 9693.348287268229 10.0 1.0875111314624017 5.335577323942117
758.9418397501665 7530.49649395402 10.0 2.7261163626406173 0.17918187252393772
140.31183295063798 8579.248079971858 10.0 1.4655439518808788 3.237712963125556
448.3345791560794 2881.914472967534 10.0 3.1189892092639115 2.5124893366238696
685.2994816459543 9992.335794952816 10.0 2.9954851567536314 4.421702857697952
9.5984494496002 1218.5088810056932 10.0 1.1294429699852482 1.4001852831409975
431.8169511071469 7321.842735089061 10.0 2.4040795751144346 5.771131017208978
622.8253929397744 1028.8176993990828 10.0 2.554412095027554 0.016973814560013994
597.3292770167551 517.4623615953134 10.0 1.7810933999067788 1.1705328865600004
271.68789057047917 2160.2014483517496 10.0 2.1010354919150784 5.72281674676578
411.41289787767676 8236.272826226566 10.0 2.7814694325873144 4.828716747480648
281.609775066321 8071.050032926036 10.0 2.9057259205037695 4.588983272618648
392.726592626681 9116.244305088 10.0 1.5670520077321712 1.5573705843303782
94.32622450287064 7854.108028603142 10.0 1.5051160845660054 4.852376555501245
411.1995720121996 9090.395774347055 10.0 2.0734389952013976 4.671077296357006
438.989103704568 6194.98015961512 10.0 0.21943339341748017 4.024019293861385
820.5932133773373 4155.666352431061 10.0 3.141059963345039 1.6217950204495188
309.9740481163321 1929.8801016014434 10.0 2.8801021966007876 6.125347010114999
196.59245537717308 510.5569828152001 10.0 0.6579828261362399 2.5914442146844725
411.54543520046536 8366.684883326476 10.0 0.8842562041142145 3.4684536297418616
465.5833646230344 6475.612573873265 10.0 2.665049794037983 0.4299910723037347
979.535377234567 1033.357497470342 10.0 1.3265346359478294 2.330045818982029
459.2729131345579 3110.8017855062662 10.0 2.7522667933646727 3.7555960056251587
140.19343935558837 1017.7999207237353 10.0 2.089082799326357 3.793659070083704
180.30729232770338 2943.8588420743026 10.0 2.374032865733072 5.011290803842738
216.3626728333633 4563.200568809459 10.0 1.7684482368988856 3.401929155881869
314.0450184863729 8723.650000270583 10.0 0.7085952439896773 4.4540473499625435
641.1387791774549 2082.9353319231923 10.0 1.1565702198181713 5.716473074635648
771.6410883905752 6612.627486841079 10.0 0.27781492669932517 5.27777956110032
389.1683452379383 2259.088078861442 10.0 0.902348806733784 1.1882446900145152
299.5983878947245 732.4315231319578 10.0 1.9305011727714119 3.4567666013676286
85.74249551738455 9388.652085009153 10.0 0.7656777711973739 5.108476615184341
440.9427089865601 8476.705412036625 10.0 1.2770837772987986 3.7499677293419396
203.84226693311481 4641.473578589136 10.0 0.3780385210861613 2.370518364902524
383.1774365592454 8505.184974876789 10.0 2.5903820693610293 0.6297169145181373
9.291791476667811 4394.0019150838725 10.0 2.2091499810579025 1.4852356330189234
478.174372185842 5833.1242590513375 10.0 0.9991829117127967 2.6991550947281944
164.17573357058203 1302.9072017027966 10.0 2.5166048311495732 0.7395787973603625
469.15676357929715 930.1206666325812 10.0 0.8256656848144474 4.804369628012685
148.67706011885474 6282.629211253359 10.0 0.8231172114159828 3.9675417033582674
709.9310144777219 2242.402989365574 10.0 0.4730341229449846 2.1135639982283583
911.4915527982762 2050.918779818024 10.0 2.7027383960700035 5.062042470321847
911.5228977689369 4052.6425945236465 10.0 0.7188187206967719 3.776299302405585
408.975133136421 1406.4354530896805 10.0 0.8675717188682931 0.15713407484115222
201.37520107948203 4091.3529607093947 10.0 2.948524555521165 5.34664876863433
943.1804322752354 5902.463246319879 10.0 2.0133259957492347 0.016151613062279465
530.2622029589706 7813.936541455546 10.0 2.34881060732046 0.10541952666696125
458.93875792239146 3080.80671811044 10.0 1.1630346468919859 4.165829815686963
712.0781398529836 8757.445869348501 10.0 0.7143385524922993 4.1732463820324055
210.1435998167015 2929.930042566732 10.0 0.8124092945124094 0.41818668451807994
631.655069445965 6891.117655011548 10.0 1.475976313366409 2.7621153534641842
455.392340299825 6731.402695653461 10.0 0.17809916806747844 4.727281045975616
405.7670297969943 9374.743738932493 10.0 0.6089210125497885 2.9438297490198653
93.14169292237395 3958.7122796028993 10.0 0.016048158080794166 0.8191171730011657
532.4763394341509 638.9426423617206 10.0 0.43107467752969564 2.8936059178791176
396.53400506322356 5392.508920780259 10.0 0.14749778536394395 5.028512388985303
313.97857275189557 1201.3916264576997 10.0 1.830774260127023 3.2970470558546805
258.0498506325887 3116.3415413387374 10.0 2.173105977014388 5.825457882679766
88.10207822893057 7133.083825469818 10.0 0.36341254462740324 5.9671702851016954
604.1437880673515 556.9515576560058 10.0 2.3667119946661908 0.32319650908615205
53.61881968011861 4588.672821827164 10.0 3.017108230776925 2.8376214747373774
890.0191343722935 8233.182741262752 10.0 1.3663828729069172 6.055845525756883
724.5223559058593 6314.965131103791 10.0 1.5515715360744093 4.051306424928967
834.698175930303 3377.574061853762 10.0 1.5171064340578893 3.2824130929416424
298.42928446708873 9551.626317490376 10.0 2.4625284321361693 4.638020789864049
806.5441362217875 4094.6929814934297 10.0 1.2040054019327286 3.40589435914402
474.26062805097024 7238.160835213769 10.0 0.7811640332103682 4.473751074571548
519.3908368886234 1220.277137193282 10.0 2.583531742990604 0.843960048325805
504.35913897815885 6941.227665749834 10.0 2.47333664683436 3.0063748941467194
949.4368416694506 3545.241806467597 10.0 2.781607938727047 0.7983279547445521
516.1989779649615 4416.357583218169 10.0 3.0683768681073444 4.9006208442478245
633.0596247608723 4568.620422492459 10.0 2.244932671908074 2.7814459518925756
388.8438842523073 1218.13061603121 10.0 0.5786835888631289 5.210903494155625
755.7067840993659 1443.4951609452762 10.0 1.8852150573997777 3.5422782647816113
719.3100175433717 8272.878270587598 10.0 2.1762107662409074 5.942857166025736
692.0198336678858 9279.987174830121 10.0 2.2822027220855383 2.922378980275697
663.9901327541473 9827.973182901651 10.0 0.5852973357722656 4.337851674158344
907.3474090574481 6469.360742651066 10.0 0.1472120877524715 4.027416648647611
690.2946496206185 4691.767560209161 10.0 0.609248257226444 1.5997183659629362
380.803696059159 9193.311576791148 10.0 0.025415071603890813 0.6701089625879686
523.6666432452823 4178.244643063294 10.0 1.064286549383827 0.6723062827400228
960.0286855489817 5782.496165162347 10.0 0.31027581441752405 3.15999361077014
825.1263250772512 8670.442389292413 10.0 1.5427097569418253 0.9463913022092632
307.80617619940966 4088.367699118418 10.0 1.393521696262473 4.289806542268656
384.5016902313929 7216.716516060066 10.0 0.5399263506096941 5.628446152657828
350.6960314227937 7532.380154561751 10.0 2.878023017721634 2.567339979267085
864.5014892366125 7073.901728869913 10.0 2.5309275385989953 2.5259079614216944
389.8368877519737 7996.622279439985 10.0 1.5486509562974506 0.25051444823511104
380.7865817205386 2611.4343249481076 10.0 2.1016671834086385 6.23807846825527
284.0753665775458 6219.94596029 10.0 2.5815816295930283 2.128349604332897
453.19625480381444 5490.501481851053 10.0 1.9908111547213891 6.268368145469025
365.57842603167103 2863.6487093682363 10.0 0.7092440860247609 4.862200603002414
113.28546685370932 532.2737877142947 10.0 0.1606079391865418 0.1532046710263082
998.0845696616285 5910.776309646888 10.0 1.9408439354094769 5.971535995878896
203.32938330341187 4189.290868844647 10.0 1.1815453940773 3.2472075025265594
937.9507945521804 2563.104092616231 10.0 0.14416048276753868 0.2874754702936797
151.95145575936488 5034.0571926119455 10.0 1.186710838503446 3.773241816323908
908.1510029905305 6299.862960678434 10.0 2.6504931603742308 2.383143383246243
761.531388751261 8178.911270325801 10.0 0.10972479787464808 2.962771086699989
45.38229094636892 2262.269448636974 10.0 1.909695737317219 3.113792760787519
792.5489100709331 8041.234502267867 10.0 1.457739016811758 5.222567324626651
130.4355303647766 6627.926308596044 10.0 1.4943414874735734 2.4483152015039793
380.02006903436694 6368.057003606365 10.0 1.4970905294434387 0.7638218233631269
761.9863232683574 8139.150901117294 10.0 1.333938609904499 4.733943762996985
567.1819711624919 4934.126429845899 10.0 1.930529316918519 3.550056398463971
883.9625136983739 2449.299441570243 10.0 1.7835538179869728 2.336833512488705
491.5821744260759 4827.500642312231 10.0 2.3905184960000305 1.645909675549522
326.6448048778294 2451.1446080411138 10.0 2.0935972778166567 0.3047390991764097
8.72940805902067 6736.7283696799 10.0 2.1151355647799384 5.345311388469972
271.6562727455039 251.373740172538 10.0 1.048848800390445 4.321916133309599
788.461265390678 9153.677886478445 10.0 0.1177956928392245 3.037231169462907
800.9975840142042 8955.264315735054 10.0 2.0470154384490185 2.6113177630571456
169.185673262514 3906.078684149039 10.0 2.796973825099158 0.7627344456837125
940.283627945852 4925.606989040879 10.0 0.5397705344850731 5.4258818498521855
305.1519906454181 933.8375711975743 10.0 1.5936101312895599 2.54542420866468
856.3382582379595 3679.9298232628075 10.0 1.659657684002775 6.27956822906165
391.90824845034143 6723.1897821734565 10.0 0.3282082396682887 3.776442625911308
119.30292126934316 5090.0943732977785 10.0 0.4027160664486565 0.816576187490338
5.10053961075374 3312.752417978817 10.0 2.989032962360408 2.3909643414436794
189.41608316646085 6048.31985894117 10.0 2.035341121289498 6.00921484781489
837.7711384848257 7285.538487557438 10.0 2.333509600312986 2.7279870587182384
538.6189562667421 1263.7019871920152 10.0 0.9580700570966615 5.096148660501281
371.31123199596095 660.994030590687 10.0 1.0255473642597353 1.102384005651694
67.14434058274831 5353.286612262925 10.0 0.40719465995662885 2.8541275944510773
265.2247596031948 8101.124116336161 10.0 0.42753568960059973 0.23765710797642228
725.2445502301109 1891.762035400102 10.0 2.222465855425475 0.37599393750570664
500.8595499938879 7344.767739544759 10.0 2.9069032738449088 0.7476506462881292
500.214726333023 7583.832144743976 10.0 0.36710591497814493 1.6914450613161802
