1000 10000 10.0 50
100
113.7240093960562 6969.879379705837 10.0 1.96040655805595 1.1311482093928626
710.7218975684309 3499.6828660466294 10.0 2.263987673189952 5.759230470125
430.75724849535055 9806.550317148503 10.0 1.486573699987394 6.060532945650549
371.55877668288105 642.4036331441118 10.0 2.9192368680005396 5.849972912407105
301.28759766875135 26.458999659699778 10.0 1.426816938491236 5.0509944205144235
855.4549166106348 5979.6523938915225 10.0 2.0209771348419854 0.5319290269267889
465.31664716484255 9115.35262989608 10.0 2.9347892938671416 4.508121364092821
768.5076878420413 2918.6973510280477 10.0 0.7454681249363521 2.3291446097647293
331.78051987462464 1603.5304339393385 10.0 3.1328334488816103 0.46922224650571814
876.063962396894 4805.055754551436 10.0 3.055521725396518 4.380170242665297
835.6599814531252 7047.969765301382 10.0 2.138599132935716 1.5408502298363533
6.247491661282467 3923.9673206724733 10.0 2.7977376855133262 3.2975440659124478
240.46403552138983 6219.16370205057 10.0 2.412745256764548 1.6172485485926016
635.1877193617001 7851.1119250430465 10.0 0.8751577834962685 2.2546471727041157
421.2431247860553 3406.734553837304 10.0 0.7345211128830309 4.506020848089996
814.106696268639 6316.633994005757 10.0 2.9293518898850737 2.9638525216151983
413.2886437842814 9257.882517443708 10.0 2.171756759472002 3.096199403158214
348.4199771856441 4246.532478587272 10.0 2.158421961402935 3.0638742279511963
261.6745339139541 1062.734717199547 10.0 1.3741858161981868 5.770235585584734
389.008114661997 9145.483230825916 10.0 2.948290818813098 4.438647115461045
456.79752489590607 9900.65662560398 10.0 2.968130466196382 3.270309180396364
845.8146970402248 3485.154976835678 10.0 0.40837071732671354 1.8617525086566034
491.07206899954883 6561.586257617865 10.0 2.819528512218838 3.2779998748131747
283.9272696051227 5262.0790751804325 10.0 1.3341088424467875 4.612609997867619
321.9364204199537 656.4573807971652 10.0 0.372534760644112 3.9265680553927953
212.29751112858176 2389.13909783789 10.0 0.1167088577283342 0.7681913476474745
776.3258986871957 9830.77012307544 10.0 3.1005847746294704 5.230555337972412
925.2567736089077 9084.740794856136 10.0 2.976507060653835 1.6394778807695762
181.76973634193172 8495.375443883342 10.0 0.6001711361280014 1.908582764424787
306.98326064137996 4923.724680186177 10.0 3.0447278216930145 3.7997851182764713
759.2676764178996 7988.5317759073405 10.0 2.88190693550633 3.1769811839817095
259.07715338440863 9714.08410947331 10.0 1.2408931661342428 3.0325850863267645
563.102727415889 2583.3008247162024 10.0 2.579401861393258 0.9989838802133215
661.3998925028139 9863.552502901066 10.0 2.1741487058631277 1.3185074046982053
2.7459954407099696 8254.341355098102 10.0 1.1836207016087932 4.623748445196716
26.333828195040375 4400.1208702369995 10.0 3.046761774213312 6.100663731235902
232.0102023513876 3618.1654926453166 10.0 1.4347487893911595 3.209673939126029
256.6186180491813 1310.5478755637766 10.0 0.6066281500520341 3.7886840293874324
940.6080256629459 4960.918828120937 10.0 0.7358809424937878 2.6406174493286754
166.92036876778982 7360.92590852479 10.0 1.1403211807667641 4.129978545154557
333.27128045414145 9767.748480615555 10.0 2.388690589684288 1.47106747656853
679.2902069801568 7063.366070120026 10.0 0.4340566990187015 2.3201314010836867
331.58757820841 5667.8194384528515 10.0 2.5463747532199723 4.984988224686915
852.6679846093875 8952.862485143381 10.0 1.9463108734903676 2.604830855059673
283.7104306883236 4209.043855392707 10.0 2.6707557787060443 1.9946539972562283
156.58773695773309 9838.401009965488 10.0 0.849557552801957 3.652313544294675
717.0991431981755 1376.583695596566 10.0 0.6764453535985602 0.22259273622499184
649.2412471780191 192.37252423586094 10.0 0.61406533086156 4.625729626355628
919.4447857099593 9269.190883363019 10.0 2.6949699547503467 4.052255609790633
970.0553741697327 6342.35550267939 10.0 0.7867959528089277 4.491035625345824
382.9384148440047 5847.447511766718 10.0 0.7877830132821656 2.216197287223461
306.94019047160424 7629.328428090003 10.0 2.2179909881832307 0.08274645636400484
397.03781282779215 2167.9663174008733 10.0 0.9525623328314735 3.145422663443572
748.3635201340193 9196.37532608623 10.0 1.3752116510810275 2.587044597791336
324.88902818292166 9017.617179106102 10.0 1.1986251575762963 0.19471984137134238
680.4084686576819 3571.9478884579203 10.0 2.718659871611771 5.7079455880032075
348.55897681317447 7361.839773380065 10.0 2.4650630758849825 1.857005851295337
138.97018318237608 6711.744410930784 10.0 0.357191681835237 3.715834202614443
718.2353211884191 9521.105536647465 10.0 0.8521153568512169 6.039913525649736
277.2478911198635 6663.27072581158 10.0 0.37035355263872877 2.068849151824917
790.5498788467197 489.5915257764283 10.0 1.527881965069398 0.11056991433765787
358.6886863827611 5517.143131823167 10.0 2.029128547864322 2.567502986098968
391.18175555765424 1310.1302955963301 10.0 1.2100984538948072 0.8702791846739975
935.5391933598258 7809.1981290632275 10.0 1.446742070590267 3.1223854853074484
286.89661083139725 8919.493094890851 10.0 0.005426394724148641 5.678353396395459
123.16142132729536 1037.4694829365371 10.0 0.2948633962475072 3.520115320775306
802.1781691601842 9378.076385580007 10.0 0.5015556662583333 3.9752860935704666
130.26899160077744 6458.095860372629 10.0 3.005939094448065 3.860316571713685
865.6082282145212 3898.048316012681 10.0 3.0582936408983348 5.24751548287605
455.24005756791695 824.2223188935772 10.0 2.375756071705326 2.7567437061574545
21.151538151078284 9584.01941613634 10.0 0.7460311863214277 3.347709130220181
408.66309245575303 2231.95702919859 10.0 1.3896180268254152 3.966481821483947
189.5016169901146 9300.300925493812 10.0 0.15651952896527443 6.000410224252689
872.2718873247361 5737.446735347547 10.0 0.5003985560395525 3.98282839086785
214.64394327459945 7578.811967075745 10.0 0.8485137768640507 2.2830896414983726
454.42592669273773 6909.13121562309 10.0 2.894245154662701 3.8132995509929195
480.79259841945765 1981.6997975425322 10.0 2.0647180890597325 0.05403637480510091
452.29244702812076 3979.243153879839 10.0 3.100510832249041 1.7704058287750082
134.8567478090389 1832.7327822223372 10.0 2.469310192051307 2.975536361409225
280.8863678669412 1758.6118218151792 10.0 0.4861144942064657 1.0718614921935008
699.5931448099494 8731.53114496291 10.0 0.2814245856184462 5.696699923273955
279.12445294741804 2978.836907464393 10.0 1.4201104098256672 4.785837048522601
112.60096480095882 5764.697897958667 10.0 1.9653726576576724 5.6496837975684375
53.049719753385126 5225.8902198023325 10.0 2.9539813443171146 3.643582711642356
476.31502672724855 4827.909860730046 10.0 1.299885034961683 0.06792589012787624
766.382790135989 4129.213169376331 10.0 1.9140489733318389 1.5116653136346252
54.1540296556835 3973.0349731727797 10.0 1.389804326524481 1.2376598385986768
38.55589493154488 5970.36842540479 10.0 1.8311632772450421 5.506331125680005
297.97958616688845 9194.335141301826 10.0 2.172605346210507 4.033806034765666
360.3861134861014 5375.311041562949 10.0 0.34300809296445656 3.551084883702216
942.0227173137154 7567.819404997263 10.0 2.4212259524135082 4.724952152217941
187.54406019352942 6254.337972430904 10.0 0.18001901565261352 4.014855432619347
448.4338070487205 1157.8085290220497 10.0 0.056642500391144664 1.9569284392218083
121.97421897807448 6653.78313547054 10.0 2.8083064177419557 0.010612436621872381
339.61231577178677 3604.773645950614 10.0 0.5017643366747887 0.35987378101186684
841.4232197845741 683.5173130354699 10.0 1.137042058271906 5.248433588926786
202.47263088012224 3808.5132560277857 10.0 2.7529154902008557 1.0953726683282894
687.2321313474101 3184.3158024496897 10.0 1.0495360300898 2.031741142542067
399.80209320144934 3620.7277108241665 10.0 2.7456068176714883 2.930151589561004
70.54935487403901 5299.15646142035 10.0 1.77166526983284 1.6977798254082392
