1000 10000 10.0 50
500
61.06860025058414 7299.123490397994 10.0 0.5639253178513097 5.479406148336655
647.0298728379546 8142.9318558762125 10.0 0.956436886482189 1.6447306815073084
638.38905385923 3663.546106421145 10.0 2.873519824836933 2.6959070729866497
874.1639829662219 5606.580356794088 10.0 0.3242523854732238 5.612977452321301
976.038781413877 8520.946304702748 10.0 2.751940163009777 3.3510956698144825
95.29616770431693 2379.5939604474524 10.0 2.407962212630484 4.044750078009205
531.7295456990305 3459.614941165352 10.0 1.7937666616698416 3.4786451591667404
502.6412750395638 5024.982645649807 10.0 1.5275555233833809 4.22952278911988
294.13586358320333 6161.844651918479 10.0 2.8351303844683535 0.9727356840978333
262.26744757164 9235.422052802394 10.0 2.6838167666096466 4.458900638518651
668.2032150698778 3869.210549015164 10.0 2.091129852564129 3.148188484078011
129.415520816757 8091.321040599316 10.0 2.000768428492934 2.858616032893379
548.0173774764802 5349.436937847519 10.0 2.256821030092112 4.845485023541127
737.7072992563426 9465.004431992611 10.0 3.109475997733602 5.641063346711478
612.3909981279893 8278.914845488613 10.0 1.3254829315415786 4.6494558066223615
722.399458678843 735.0791101122944 10.0 2.6284671580845105 2.601592091314564
128.32373129334496 1454.930865204127 10.0 0.6278542480170086 2.697515407700863
87.83903732700438 1475.041976334519 10.0 1.2035311731419016 4.91627860957454
797.4920900041785 3751.669498737883 10.0 0.9832112996208151 0.5223398155851121
479.27676521035335 7280.193982385166 10.0 3.1072804678060306 3.1086535654613887
430.9254800450659 4234.054344472094 10.0 0.620850465445946 6.095121400693747
269.19464858065135 396.92076032876724 10.0 2.741777192791328 6.216551626532788
487.0243655891467 343.48696030517044 10.0 3.0327549024712424 4.824038823331859
618.3039620724949 5318.408011137797 10.0 1.155218296212699 4.318596638546217
758.0769816142467 3569.5482278072586 10.0 2.8629155320825292 3.3466339650512467
921.3698345388387 10.843905547771593 10.0 2.2212962027130616 6.0267118061419716
740.4310417622478 4521.724846292489 10.0 0.4055857820467544 3.1981744623969615
298.0187822492898 5934.183884956366 10.0 1.747099000222917 2.528944126591842
473.4761489716841 1815.2210895023256 10.0 1.8223668752122757 1.769918913502146
38.68541273385162 2521.5278063920055 10.0 2.4103714080187886 0.3642172981551127
882.5937226247595 1684.9221043234552 10.0 0.6725307084535922 0.16147434572633873
165.8545560824186 4281.181764572104 10.0 0.24775947410518281 2.787634032115951
911.2304848148917 7741.567021589505 10.0 3.109831874439187 5.38542018596987
520.7549650263156 1185.4607190582888 10.0 2.2983970118660184 3.3681260716194257
977.2514924615315 2784.1980838841805 10.0 2.804824938144721 3.386797306737986
35.661041777856454 5510.298075546889 10.0 0.7041050608437467 0.4823735629102758
538.7294954858405 7082.946072051906 10.0 0.9326610790961075 0.2913782821491341
101.95868080015225 789.7231921794335 10.0 2.140470059924065 5.240601991491293
804.326361904818 46.214286525826374 10.0 0.8473254174751167 4.6727593435507035
194.13145451514623 1049.268415057253 10.0 1.7517568526021445 4.384290818814102
873.4231637929458 4686.326506079847 10.0 2.0964544058950065 1.1283008800369267
159.8235514970716 982.3714567223274 10.0 2.0347186564366333 4.629441542971887
841.1549853439045 6797.697231306906 10.0 0.36671506265585424 4.723850773428637
836.1355824005975 233.83136902719536 10.0 1.9725753283630127 3.756510246730324
653.5068011122721 3261.590156970747 10.0 0.7351245461753178 4.694642571648354
902.3096259179601 7454.383551627056 10.0 1.8863499413571878 5.495876127691887
747.6266123276298 6391.525937248221 10.0 2.1216068158770964 3.2012291471509786
128.95944374982793 2290.4561453361903 10.0 1.1411158247344615 2.0497659624598845
762.5121223057581 3733.40079216685 10.0 2.729665960168617 4.651736971940331
434.0027360730955 5973.167216611559 10.0 1.1876191844999666 0.45880117523642544
855.2272357068973 5234.380670039152 10.0 1.6492312441661598 1.1680753396714312
405.45094180726517 3670.631415399207 10.0 2.072404281953835 0.9461261141202388
407.80453600588464 2194.632737715898 10.0 0.8554610808613539 1.3445338370892153
201.21341790970547 4267.630818740552 10.0 0.18451826625675496 0.30568981985374366
159.99009297936874 4915.953921570782 10.0 0.05632036247090819 0.2215534346288815
986.0719117833783 5736.718865891617 10.0 2.0754589073045207 0.7242714377976803
52.98673222317007 8461.3647530438 10.0 2.7598848052771006 3.5965472745713636
315.9818406523589 6764.816642206432 10.0 0.8593862584102525 5.99763530597941
319.35224516485937 8439.724739882948 10.0 2.45224233431793 1.4529627026548708
129.85632924164304 7799.365574660304 10.0 0.7160961306931694 1.2383672185936132
604.2084406166247 1229.4353562431593 10.0 0.24366800052057677 0.48787016817497836
258.98945256134164 7178.096913851224 10.0 3.017053335319554 1.7083379473737408
152.91765789452805 5555.294546880081 10.0 2.4535901380833653 1.0944920627576835
614.2748810009143 506.4828849190206 10.0 0.3270748035361083 0.36893370961944666
350.3826201974839 4832.559525371893 10.0 0.7973375388908404 0.5056226319558451
461.37632237947935 3946.9314468424445 10.0 0.18690673838884903 3.4545560634270625
147.12628552496076 2192.2872005306194 10.0 1.4549111955656873 4.843724337950372
444.00563778288705 4583.784997699605 10.0 0.8363760678642337 5.653681226131912
157.30758127732003 2602.0095324767144 10.0 0.4414151605027479 2.978353993406034
265.46528660391266 3528.18936119452 10.0 2.0444172621934595 3.0967946700991584
463.829538256761 8995.809501753942 10.0 1.4045208667591267 1.175630495490583
188.61111917728812 9926.891529390046 10.0 3.0507850643797116 5.691231199152178
415.695777268013 1827.8577496731384 10.0 3.113729737468745 5.466953954950196
764.3918818532861 6539.0319754093 10.0 0.09991946751228752 5.630570365611092
952.7720055977738 3963.4752007328166 10.0 0.9305295752036806 3.597796138801011
449.1215050556391 44.99157566776546 10.0 3.1160150953808228 4.990283893528294
243.10840951681 5321.781054752985 10.0 0.2100441935009294 6.271368952049314
20.640785036666443 1751.3579868227457 10.0 0.7475567722447689 5.8302116827888755
667.9793542145594 4183.991683087538 10.0 2.671066157560448 1.627654590297393
953.5241796981053 6856.071144473273 10.0 1.715319355138608 6.025302781896865
439.796627487438 4581.429593034175 10.0 2.9549811322530304 5.194715846554539
163.48850055387044 2937.8129523146004 10.0 1.5814810650616704 1.634567403409441
388.05251193082324 1677.3089633826953 10.0 1.9635661750082396 5.845695608030885
781.1594223689161 833.7023934022891 10.0 1.303052414738489 4.472161908503518
698.4488101972058 9556.355946645122 10.0 0.3687439315949359 5.706387715502942
865.3521529661703 3569.359120573268 10.0 0.5146971648118636 3.4339172611739253
640.3681900268684 8336.330613437562 10.0 2.446219482747589 1.6706789143296004
216.02247530835507 1505.3963851498386 10.0 2.3687560532381005 0.7653488496585816
567.8440853722922 15.508511039816764 10.0 1.4800632697785843 2.796184301015516
697.0445863030538 4364.409266700433 10.0 1.5722373350098224 4.700568137676064
729.1854085639425 4970.188339073627 10.0 0.4521125682872717 3.494008478180597
728.9717283709988 3302.5166042915243 10.0 0.3025650831422401 5.985575304273362
670.4121980799233 3516.2860240055606 10.0 3.1349387430293705 3.6433621214293552
861.9359115660699 8689.522219475426 10.0 0.079905439425862 5.0693207861211995
267.6586431316683 9449.077895619299 10.0 2.5987151741375367 4.969743055040512
588.8432959816865 1761.7565881632413 10.0 0.1406938650531968 1.2370884303273681
673.6995872764147 4975.156152889789 10.0 1.2109017460552596 2.560783082141187
809.0209287350522 811.6613478780222 10.0 2.2264631362747567 1.0448056699383634
713.7568554110815 8950.658353828529 10.0 2.745283494449581 4.531023817372619
602.471695836578 5078.179809194162 10.0 0.49631628074026835 4.452727119557073
515.7416032158461 2839.8347872846985 10.0 2.8252968960695592 1.320352425776666
224.89314598304222 2002.0153363174409 10.0 2.030236904311649 4.025948755811924
410.088966346815 1308.0133006030492 10.0 1.57038631903179 2.4603630522886424
483.61691992194153 6009.8208401175525 10.0 1.6537110939903201 2.7240847175614262
384.34118609433955 6863.028942896129 10.0 0.2676760540904195 2.603111946250612
904.624822405202 9491.381025050117 10.0 2.103945021482343 0.8245665972893202
627.6356005650832 459.17494309370755 10.0 1.2253105043140207 4.071312319955618
350.79765198151415 9133.850558774204 10.0 1.6973576276838602 4.62578533032616
950.2536259503277 2477.7423080212056 10.0 2.474878467116763 4.848324736508602
1.5533993401686264 3277.1100294197786 10.0 1.248723757570673 4.332942478442322
113.3869902787511 998.2099985937864 10.0 1.7668846141410748 0.7271753946322163
854.0307282899795 8454.303231840133 10.0 1.096333045756031 2.047165786210623
354.2776198876509 6774.142911094124 10.0 3.09748171710205 1.6431421105644572
155.97410421701107 5781.616679228237 10.0 0.713632009801639 2.703235540488092
641.887135537039 6827.869679904328 10.0 0.9405166124631587 0.9533989402482959
430.4769385901137 361.36570099594366 10.0 1.6068449308690507 1.7525880715294084
448.25258936857927 1077.9923877594033 10.0 2.9673473543625244 1.3608177935043373
2.738823785339184 9362.448395823989 10.0 2.417096100279697 4.959056462896868
70.68430277624927 8913.799976375321 10.0 2.0258342840210695 1.6878959382828993
188.99308523721103 6942.22964011337 10.0 1.0636954143709405 4.1482693583007855
789.9623097308245 5130.639902210679 10.0 0.5724629374136544 1.0740218283500358
557.7612243768209 6673.919475484088 10.0 0.7010923494250059 3.9684318617446954
399.6876754069998 7140.316626465342 10.0 3.0413915063068426 3.3418607939918363
923.5900844839521 4643.506063895067 10.0 1.3394365703178435 1.5122591118856652
891.9446209605424 7870.576326952477 10.0 2.375359755006843 5.849443541367774
983.4281862533348 8880.307012490599 10.0 0.6047887666656656 4.433008519401339
334.4302681966721 1267.740684000276 10.0 0.29516265032546507 2.6976302551590567
755.7976239957766 3285.2021624735385 10.0 2.767678745625944 5.112344188529347
224.20755499745394 9816.552629792672 10.0 1.1388270482210916 2.317493662475645
232.9173508760818 6720.608589372604 10.0 1.3965903071261248 5.937758361794265
853.2382172057853 5991.2975838576 10.0 1.5684360595528963 4.484294125091974
905.93475819857 426.26143054459885 10.0 2.309312755278147 3.8225059632655394
470.85163370292327 2052.2597113508323 10.0 2.369535797063073 2.7560357965473434
73.42102696481301 9424.863894982132 10.0 0.34245859377928767 0.751440903197878
278.30609510100555 5101.579185535547 10.0 0.23842138930947776 4.507166106453971
93.28710456033885 6081.665526413508 10.0 0.17403358878890687 1.8927876242795691
540.5984492497045 6812.570959681126 10.0 3.060995832799945 5.750107921912973
988.2763435884691 6482.037066654344 10.0 2.5733390936881864 2.0857896566200784
350.6786765278871 9746.567229985245 10.0 3.0165529873332426 4.021375989967582
65.18991810055452 2791.09778644793 10.0 0.7599997868875438 0.7840853291408936
831.2254300758065 4671.347596515621 10.0 2.8464588255312044 2.2329291086083285
458.00159813316355 7259.463258224874 10.0 0.9233805831549302 5.424048048273775
809.1388778718607 5795.219327292919 10.0 2.917543024178838 1.9425064384936441
755.017677426519 6039.172194733848 10.0 0.05764575433116245 3.6076804521039167
247.9070084693147 3330.806889633765 10.0 2.008674395554926 4.9170476093953015
120.23886620273738 3473.8569752127214 10.0 2.707966610439908 5.4409693092162295
973.0018937592132 5302.619039834073 10.0 2.702539087934254 5.734980501621952
569.0798172182996 27.221027906069175 10.0 1.9291489792371546 1.3288075363556262
475.4618098045599 3012.450772666455 10.0 0.48366537682159366 3.7262543640129615
308.6029852105917 9513.882102662872 10.0 1.3397978782297917 2.540834010196651
828.8156867602493 7076.6859630803365 10.0 2.4025872162350375 1.2879389276202
302.4227636244309 3796.648253204905 10.0 2.0024945478868195 0.424520382391381
4.5062583104036324 3449.56046027015 10.0 2.5709114235204025 1.1663040491611625
470.4364869797074 5614.28593532866 10.0 1.167972118108891 2.1550790636363084
120.96767383244422 1346.450944959573 10.0 2.7586797349748005 4.300720154169207
183.53813100734527 2703.8436878700213 10.0 0.44119395747464957 0.8896670245593152
411.51448761193376 7481.250278642674 10.0 0.6464042703323036 5.11232910750707
963.4712169583282 8881.59460249065 10.0 2.8630776845944856 3.65794399430987
946.1976467564886 3531.8914518802635 10.0 1.0164426506882418 1.540791623854229
547.9772365007314 246.65948449337782 10.0 1.1781579416949235 3.1307909185991254
392.7842654729246 6248.085554258103 10.0 2.281222663945876 1.004095471283284
731.3956789264118 7171.371750057178 10.0 1.1845809403356398 0.891284317817734
352.0169489169697 2115.331328251093 10.0 2.6374079432572257 5.027211250608054
640.8719249282351 5242.450357941577 10.0 2.326111002182393 2.9072540775748266
52.30937232331867 989.2637412568672 10.0 1.8054595714986998 0.8384727567083089
358.32923023051876 817.0387663130285 10.0 2.9844869832546252 3.7233293790448263
439.03393077942843 5614.401298711266 10.0 0.23218437082453816 2.3697248627024634
48.36142841202407 9357.67569120247 10.0 1.3264941627920646 2.593916366203266
943.5581579002472 6441.355434729809 10.0 1.5608547887815507 2.4547083357837116
2.2019280036619238 7210.25856297301 10.0 1.044626821555956 2.101567608660346
467.1856915143745 3656.5638638560126 10.0 2.96773184957126 1.1838376878992154
257.92578966243605 9989.063445650218 10.0 0.6996876245693462 4.20784947023512
365.1584175636199 838.611155854847 10.0 2.731520632766036 0.48417352667420366
707.0410470996604 3232.8814959300958 10.0 2.7077371737925153 1.4050603823222838
465.8759205037435 7155.199087684447 10.0 1.7806082779376797 1.077449100061376
847.6252156493616 3496.337738373949 10.0 0.25938719949061045 6.19023818878086
410.48832751596495 7514.828022927604 10.0 1.8810763049583528 1.8406935500384725
594.1637109484519 540.4527551459015 10.0 1.7757956811197135 0.29088292341586813
848.0191293024399 2587.253735461327 10.0 0.7722828759631285 3.164793268800865
804.2459055477441 3786.508521948095 10.0 2.4946718210138346 0.8018719487209367
271.17386360961194 3106.780257093691 10.0 1.0501721616399413 4.910755865189271
432.2757023875876 8697.284427433146 10.0 2.060556512337353 2.1408804673911503
527.9911324939347 5372.452793417285 10.0 0.11838533064508434 3.7006103670688453
470.3520772857148 1249.7225470805429 10.0 1.2746317584894578 0.4065633727511561
294.492308860446 7359.211958160724 10.0 1.5692741734324671 2.133857351102204
86.4766556355896 1163.0876872759143 10.0 3.0508969281512526 0.41847950356056046
43.48571038469273 7354.073146770073 10.0 1.1777247274805007 0.10888301482452292
620.2440958378169 7046.679854969522 10.0 2.570244157613727 1.5363069001458851
294.6821253397158 9531.391926972683 10.0 2.0070603309803197 2.8313988490178863
346.17142824148925 9131.169362518698 10.0 2.674845470055265 3.908999866555468
181.27747588916887 3381.2800866190996 10.0 0.814355335276483 6.2645445093651375
164.8231428475706 7747.608721317693 10.0 0.22447516836722795 2.9771030683256012
618.1589743770592 6405.232098968494 10.0 1.825226142779639 4.027493272082901
631.8876306588106 8218.189969197745 10.0 3.0191253710334682 4.454093684063145
606.8911765733761 1993.0267202190532 10.0 1.6362274785375293 4.771528699206079
985.3618091811929 5322.806726101425 10.0 2.589185554601549 5.618820465533154
462.6380117346125 6894.966236163609 10.0 2.8857160697445945 0.36787830889747875
80.99963381895891 3005.4844821134543 10.0 1.7274529145446833 3.4192425937896083
998.177081679733 5203.514123964245 10.0 2.0221069746590863 2.7415703160484255
396.1812437118212 7484.742063136592 10.0 1.6438918086181835 3.4938723323071605
950.1625397085962 8258.394614501609 10.0 0.956401392545152 4.862595485017572
512.3586449220868 4431.94546861474 10.0 2.064314517343028 5.788122858167696
182.79267020003041 2389.21708196106 10.0 2.065080033204699 5.719791965025418
736.2343144418563 3381.718144178968 10.0 2.4061090826719673 0.5622249882650031
454.03869578340573 8909.687628524287 10.0 0.2019249635201592 1.9126225664163565
769.8290377099477 5038.469107136064 10.0 2.374313359774448 3.87498924579449
779.5905827436148 3277.469077194993 10.0 1.870697100281754 0.8632623398495818
589.5950874372322 9643.101125030127 10.0 1.1067353539667455 6.118852072232163
679.6766472247883 2833.7539012956436 10.0 1.9650291234129593 5.408053988382576
944.7310638806114 7063.9635689464485 10.0 1.065402086319495 4.062151994797128
843.9127701455598 5036.6115271813005 10.0 0.06373852254482765 2.779601850594683
134.85466082651266 1776.1089380385986 10.0 1.6658678951794574 5.6820380566177064
999.3377924232049 602.170887923047 10.0 0.8250877496805209 5.127935041825526
977.189655072395 8392.919837616288 10.0 2.978833722367393 5.4563596699560994
16.791025079344713 8467.705401454086 10.0 0.3575832668873997 1.8044103778464438
123.42313779797831 5914.163842653006 10.0 2.9248099749254024 4.75190690194964
540.7884234727926 1990.6770041000666 10.0 2.0710101031375254 5.6452752495661
136.3896059896551 1354.5444446613385 10.0 0.44229393050213883 2.7207199292322386
678.0535315955882 8297.805742434482 10.0 2.624235442798154 0.07148273193886324
986.7378205510913 5916.805737312365 10.0 2.187361475876894 4.067502835399305
529.8594402039969 5198.226993304522 10.0 2.4690529198780933 3.7991980510979086
879.7369077024398 9373.455984009 10.0 2.8336417550005857 3.657378413206255
603.3379913803832 2574.7966309863236 10.0 2.026954067659158 0.28732972589032146
572.3778114668526 821.171522585783 10.0 0.9332262319076424 3.751798557448
386.9125403529663 7667.609415064668 10.0 1.8697816537279208 2.123599759302777
590.9264173845197 6471.94339363016 10.0 3.1287191137509787 1.8506975394535354
625.0106040269131 6163.79114151348 10.0 0.9278750319639353 0.6170771174498517
9.084671319761984 7645.031947393865 10.0 1.7079617264785294 1.787110142366619
77.21238667880881 3507.6276699038112 10.0 0.10108835184909717 4.825244597442629
696.9156931264382 4623.785780819163 10.0 2.3845473477267736 1.76030582466954
796.991668730155 3345.0932318608006 10.0 0.5839017697819701 5.106523985653114
200.68946980751102 4541.395698572399 10.0 0.9018607646300748 2.5288821345241517
215.20528001993432 2516.8413572137206 10.0 2.7092106675073215 5.73607054707403
663.8051353846197 3959.637143883179 10.0 2.622519147405602 5.1578317635227595
563.4872039076356 4513.71985438513 10.0 2.475995428739938 2.516466103516692
448.946086837373 9304.673208691936 10.0 0.9797084990702343 0.7003236042239661
422.7039434087101 5808.872510910973 10.0 2.561029170715392 2.7972285201229856
371.6243978136259 823.9712963751966 10.0 1.0983091167399353 6.031211085001168
431.62690512121173 1980.4897702015235 10.0 1.9931050618092265 4.675476738140008
705.27057830478 8228.403534894514 10.0 2.891509145000873 0.5581559089675637
440.9785737066223 3039.2726150569315 10.0 1.7102921446835118 4.5173322482556415
368.02497062401665 8683.589601573853 10.0 0.09567003286696583 3.381346236475747
648.0082997388391 9874.670200413744 10.0 1.1742748112457635 2.979470457642663
951.3870757506609 314.5442342417459 10.0 2.2261245470237183 4.256026387946798
496.7541831116846 6233.953305167772 10.0 2.8419339347268235 0.13058861186688797
500.8790482245231 6887.693677878466 10.0 2.3989845222345907 3.636783979106053
379.1472398973632 3148.1897334851237 10.0 1.2390203127234547 3.2592781336327286
208.8796462028356 1834.3229689755235 10.0 0.10340059437837765 3.9631064770515865
422.11413368054815 5219.178743557797 10.0 0.13961595861880388 3.4105481478332766
429.784703500275 2279.516593114147 10.0 0.29855348283103705 3.2616331806318217
895.8345624029786 681.4120498259357 10.0 1.6095117113276503 3.927748800778016
677.6506858961727 6240.65300235978 10.0 2.1012438587791222 6.012209390662487
28.309931920535213 9653.120637291528 10.0 2.563214153944227 3.6350670151197226
516.4772569683721 8659.520072833415 10.0 0.5401224270806592 4.963797214376416
261.3990124269033 7490.471730196001 10.0 0.7121748473777991 2.2293787564434946
503.2853337814468 4432.109083330354 10.0 0.5052585616048558 2.2544241784622145
233.4773803091472 2658.976420285193 10.0 8.617436021265822E-4 2.773261438791312
594.1468333602219 9100.152283690457 10.0 1.9664407763767422 1.530076315784174
23.876483150333417 1036.173414521222 10.0 0.1295057451330393 0.31813565655498477
673.3222400990248 368.4675197491294 10.0 1.142001387863988 4.85919635306375
444.25881006956314 1059.648736912503 10.0 2.671642700908741 3.805969076854378
115.66236640096072 6112.168650579637 10.0 2.819872832833323 5.827955721289315
412.0853999953228 6634.4542366182295 10.0 1.106525404184355 1.7386975403177074
542.4305931598318 7037.808726628847 10.0 2.118870702188484 3.1881828212982226
691.3317006759336 7213.988983829479 10.0 1.4116918640951466 3.586794808435635
180.70161220170678 4662.51503698601 10.0 1.5777462929680792 4.451965678194063
535.6084506072666 6968.405586019433 10.0 1.2658560359673097 1.4527024802490802
486.49327767372716 7775.180684706731 10.0 1.4396500627735798 2.9641097759919277
18.843410416988114 7454.601706268728 10.0 1.2109458908450146 5.951701449258994
941.7875214419302 3043.773661076855 10.0 2.3160121929668525 1.519024761642467
88.68048922563187 701.8620200081116 10.0 2.526992120098751 3.9675245360101115
185.59655950606302 7932.82696015136 10.0 0.5089830067235103 0.07977634840311262
627.7523234917609 2127.212456506343 10.0 0.7660422313855324 1.6700737007702202
889.2310075948451 6595.171822040043 10.0 1.0392707516257256 4.957911826783012
57.98275700396871 5194.548310661001 10.0 0.38463843551006577 3.5941330486390566
35.92566356307214 1901.9760816531762 10.0 1.9549834588023387 5.286132812714816
273.0751528671125 2231.5985929608028 10.0 1.3015713232275605 0.06025309432341924
514.9796716115674 9275.151872047312 10.0 1.671849873593086 2.416754574245157
934.343306520492 8318.791704949963 10.0 0.09920538352593845 5.373850257344183
190.56684830311644 486.1927964392343 10.0 0.19918452393411398 3.5205063300958637
415.04048085343624 7664.080859255486 10.0 2.2481820501403216 2.3138040976562064
855.3729524506158 8085.505190557277 10.0 0.44887982538426374 5.328354205170995
928.3436975344595 4377.795896129845 10.0 1.6800003436868363 1.8510061068784187
729.2156415976677 3626.293961927044 10.0 0.9021419521557188 1.8130119643743547
624.1485895526115 2061.579543040911 10.0 1.0562984450429243 1.351511860243503
412.80362149637097 5347.067702266555 10.0 3.1100127103387796 0.9121179771064813
689.8319267354427 9125.476631906733 10.0 2.355799577895462 3.080861710952001
456.79137950305136 3476.82408112848 10.0 1.7404497323013866 5.549926398233494
740.137469419496 9247.231712803823 10.0 1.8578382790723478 5.069518335366248
956.2852706892022 3826.9782053077415 10.0 1.068359453380118 3.749753074571122
31.341628738395187 8887.862461159468 10.0 2.395634139646814 3.6338750209558124
830.9578914807623 2834.096218750841 10.0 2.0594098900061213 1.6338383021923275
284.8552518061167 6277.57124629666 10.0 3.1308026021174875 4.4357824521254745
700.926248852681 9717.498988153566 10.0 2.3732213769944948 2.7311987023956297
155.41754087393488 8786.0538391861 10.0 0.14262277696772585 2.8352343080819224
518.5505928366726 3915.793306106039 10.0 2.1314489521362248 1.94765116959851
629.0386706077877 8091.271874104815 10.0 0.49505130637478595 2.6757891028474656
366.3097854475581 8466.39985281433 10.0 2.798482803712857 1.2911342801852073
885.8470902128122 5060.748563596483 10.0 2.9643901569998663 5.983031750025962
80.90963420184272 2492.1330385775886 10.0 3.0158544055369427 5.750771406321232
412.9978882872811 8759.451971753 10.0 3.0684693926181885 1.87495382468777
613.7803539065692 8458.902936625418 10.0 2.3000201486023593 3.281207474346674
402.7984679030104 6498.32795291562 10.0 2.2837898256795426 3.4034801150373437
288.1194731333868 2368.5942049770147 10.0 2.3074428953199027 3.5295904369949853
721.2076341229881 4337.543112007472 10.0 2.1224662345082024 0.4047943073233926
362.6363416052958 7551.191536374538 10.0 2.439476581741756 4.168245060621342
981.8647065317422 9958.50533251962 10.0 2.225324753458891 5.88299389209365
562.1545921639095 5220.207354516122 10.0 3.0529191722669893 0.31111716809037426
510.80442371307134 2318.718726589609 10.0 0.4217550685819083 4.314463393298228
485.22884020456434 7455.480923111929 10.0 2.0531637045530333 3.266406467695961
237.01422989891662 5003.538392526243 10.0 2.9170952639284087 1.3886464091938993
48.93156446518843 777.405852587395 10.0 2.848203886332068 5.032682934796151
793.9901652094111 2688.8878691898767 10.0 0.146651163968684 5.563753626734703
380.9669065416723 976.6516691841665 10.0 2.161662537984953 2.4457645106609176
367.44743561782553 2629.0014688322826 10.0 2.8509242822854475 5.864602023705635
819.2672063557852 2363.441274160258 10.0 2.386637249185218 1.6756827146086035
74.3420107203181 5583.2507270208735 10.0 1.2341675730966812 5.637389081582539
929.2287948815423 7100.4452639741785 10.0 2.841365749239462 0.742088419468975
908.359660720333 3096.1240802913194 10.0 3.021900285498107 3.9009981394400097
698.7431221263861 2783.3593349970874 10.0 0.471336428713999 5.8359096611443135
537.0283560244603 544.4150613456122 10.0 2.283926244248333 6.00078883186047
321.1796597167028 8933.222241864856 10.0 3.053534538557737 0.5757935070512288
485.6104632113459 7865.687749910585 10.0 1.8517639708872193 2.328358404572961
226.47652942416497 5564.541054554743 10.0 2.195243599014387 2.526963049575531
492.9311599593619 2382.0770787539227 10.0 2.4580897374181783 6.2380058583575835
270.4954683457755 9493.28364199014 10.0 1.8600745848783284 3.5889090424018595
74.29892899992107 633.4892311998019 10.0 1.316490165852713 5.100382740326085
242.79711932700843 6548.8031156013485 10.0 1.0189579506203974 0.8361746737855067
576.6746207373734 8634.264423506967 10.0 2.8045148526024994 0.44706413322553074
102.99301147175966 353.7536391052087 10.0 2.596826136607777 5.52484271072147
261.24542889010195 2467.3633596436507 10.0 0.7161208960550258 0.5713025120991534
605.8304204941811 836.0637535418247 10.0 2.2905914427040734 1.2295342547767947
198.55978450602262 3630.140918420868 10.0 2.290741741465195 0.16702696894236024
225.16640670088583 8137.025804267376 10.0 2.725610642328428 5.858902915592692
11.379579762327175 6045.769478105576 10.0 1.6487938819944141 2.008504731147691
536.9872725126595 79.5685875167207 10.0 1.813852359908508 4.310911487179614
750.4058386613839 4154.374171876511 10.0 2.685983360338631 5.296981368610823
471.62964045662204 3860.770834659297 10.0 2.3517542796205118 3.905247802869263
438.03435779134514 3997.941361657136 10.0 0.6270219599784187 6.251941884645158
95.35953509900285 5132.681534174959 10.0 2.7165607065755024 1.3453146333478339
65.2972330976982 1713.0659764497402 10.0 1.8707640227134443 1.5467532661212495
831.4654835849592 135.50806223449396 10.0 1.561960677411218 3.3914077556853632
77.14665427327904 6345.596991048398 10.0 2.3229460326967404 5.608810421783164
281.02218961895653 9047.235663219886 10.0 3.075354486301703 6.236445661928239
631.2373670007235 6401.244977621279 10.0 2.2777449578308766 0.12731828171594106
53.48063908994505 1213.7385805168144 10.0 0.7196978770629956 3.509232832270028
165.36381957642544 2046.2140607780443 10.0 1.6062826949518645 5.8596091687704925
267.2414380440139 5423.448390571184 10.0 2.99127147603021 0.15325327416171253
58.70834199591424 7371.921836083821 10.0 1.4770126316901517 3.4419796696926053
630.3670102407567 890.6403620828651 10.0 2.147304071453682 4.716600386462767
422.0567242070078 9637.865782839364 10.0 1.919209499586876 3.251687073056643
261.5893730396437 7111.398699462636 10.0 1.2710778070094297 5.575377617812716
302.1371020263973 4906.706511117245 10.0 1.0341471022552082 0.4508691073614696
661.7694690299231 3256.327378384164 10.0 2.199238045144399 1.0155467883934517
835.2388825044713 1985.619444833726 10.0 2.443944009114828 5.30328234502467
495.96460078699266 264.0654209003002 10.0 2.1346952498524723 3.8725545098552394
135.26759488229288 9087.989080642266 10.0 0.6543458842930187 1.1335519842823714
96.25967049728101 1299.6702632174295 10.0 0.4300108178474285 5.830715998416212
951.3919295389588 129.49824399216436 10.0 2.7577045191931657 4.311866370742997
845.5193008258036 8741.93156537007 10.0 2.103595613599414 1.152465770297689
380.4395141749278 72.6822353073786 10.0 1.174549559948239 0.09399033700188317
852.2161587888229 8363.67919039525 10.0 2.2948550170786755 1.5323787012779617
169.19727984761644 1234.0054285296098 10.0 1.4131070136658912 0.9561634867253224
576.4925068517098 3869.1462866385496 10.0 2.6232580999100223 0.47440344733471257
391.7730182589102 4967.526117161359 10.0 2.2664014214793666 4.396349733880372
317.6107574998578 7452.450083204236 10.0 1.2459638919128664 4.241176818741772
537.1740946695993 5639.209926767902 10.0 2.5811645199068027 5.735216754467822
722.9495116103591 4541.2537908729955 10.0 2.866593911699475 2.950859785359612
292.25980608167833 6305.956173463542 10.0 2.704022897164342 3.1095372285809804
728.7012219507433 3389.6725910287096 10.0 1.4853572043829268 2.011957435782777
555.2234459210656 8013.396667777227 10.0 0.9117596150350278 2.536536326374584
592.4277311644943 2684.482411051984 10.0 2.5634700340084167 3.17952435492356
464.7604233006514 7126.533653102889 10.0 1.6258085974275163 1.0825812974866373
927.6300863399607 2828.701248750266 10.0 1.2637612149503712 2.016145487284738
480.0787290642272 7607.275856588936 10.0 2.7310539169404415 3.1386279362915275
900.4886187520576 9066.596305358384 10.0 0.7191639117719998 0.9968358430624601
796.9078657232096 7652.937479027116 10.0 2.361037425016333 0.71192852746561
998.9298175332464 7114.188403312884 10.0 1.1281524649244168 1.3686890647598966
634.6624813326454 2609.759623135809 10.0 0.3236290293292525 1.0107521267805255
34.17596351144469 4459.310003072075 10.0 1.2173242717264465 1.278757009165613
179.9173385084708 8575.520700431536 10.0 1.542539662943382 3.9572858863220404
284.93414882890556 2995.2809191103356 10.0 0.9896490671264604 4.121690224520107
221.34916572851992 3605.295837624345 10.0 1.401120439931609 3.4806921440020435
944.3804027105551 1152.2660214798263 10.0 1.745492554549069 4.930363259747204
761.302387197701 5934.426681830261 10.0 2.775328748420103 0.0484902758979357
280.095779963826 6190.376564376597 10.0 0.14891763969513905 5.884905285248082
139.13443488202992 1132.7684055648367 10.0 2.230804631079723 0.8988650678027825
167.11012512789847 9818.57413819199 10.0 2.1715011991217383 0.4890233178371395
451.4971398030391 2604.2706169451644 10.0 3.0249185506368144 4.8568514209059215
904.210152787546 2803.4468586075614 10.0 1.8498907352054441 5.763375079988199
304.71052459544023 2345.9593485934447 10.0 0.24271648407297175 1.6040703396653764
473.66787734446393 6731.91298941832 10.0 2.525617282446862 3.4650620249050306
184.3849356260161 1380.3810775004167 10.0 0.42001258731785013 4.276112953452064
654.5456676828288 3591.9194519741436 10.0 1.9414440850164194 4.771480993583199
977.4480676446157 1775.5708084411149 10.0 0.5622020724699308 3.885581619489845
649.734295298095 6335.19540981317 10.0 1.584007745535344 2.048236659604069
431.73308003555036 4666.606141776743 10.0 3.049212674244536 5.816553193504384
136.8800501600974 6086.123836522843 10.0 0.9169404477251858 0.14820301423115853
588.2838733525272 1192.8128600080245 10.0 2.3307408160141567 2.330950908740528
903.357330132372 4160.794757175302 10.0 0.765912962015751 0.8171770038439222
471.5339710745753 5764.680303129299 10.0 2.623431655310238 0.4918909302591331
475.4428899774723 9560.299867623151 10.0 0.06173280471576134 3.8479170052207476
572.5152168271334 3574.5522906661686 10.0 0.9433525348830208 0.28519157259751426
401.847999307999 5102.3349787170855 10.0 2.348956070588712 2.230564712567394
910.252381828466 6765.155064195605 10.0 2.5394008638232526 1.5034048316886175
101.76464335905766 7855.168574121138 10.0 2.1289789404761326 0.38372538352966507
706.5002280817044 6170.023910411997 10.0 1.490199838707682 0.1470085790332247
437.58241082263385 2038.0424072463443 10.0 0.4317913934313271 4.439868654669331
958.9789954128088 8039.8919501948185 10.0 1.3841036099456236 5.783226035050272
422.43167362837795 5052.065033681822 10.0 2.4065998345488913 4.244550423876127
448.2646269067483 7669.104169351696 10.0 0.9908854716290798 6.059591820551996
722.7100232862546 9805.660404847951 10.0 0.7724063099064219 5.998857842967979
963.4902447345811 4336.116674719677 10.0 2.565969283004784 0.9189198894680072
865.7476357307733 8998.635324977073 10.0 0.020513267959626578 0.11609479667212862
782.0146321301852 4472.147604059761 10.0 0.6825014286109851 4.438456278347792
312.76814930264675 9528.926481536115 10.0 1.9578362888977998 1.7619279830791583
688.2144495761588 2472.037661770724 10.0 1.3781423827633146 1.7513909142742599
807.3011673918478 7686.093160876489 10.0 2.7706040821221967 1.5251181250460688
66.55614212331862 1061.3863363282617 10.0 2.8083361084845273 0.8761429811425547
659.2027096075889 8295.611814371568 10.0 2.3079413314344697 4.528762843656249
854.1039902318316 5634.025869294818 10.0 1.3301048659647 0.4071846160121865
874.4397006474571 3478.0420885999297 10.0 1.9374864925843838 4.853953356288224
387.6202387066667 9473.891506719727 10.0 2.9028133465613744 3.468039989664486
290.79512620502925 9187.12264550303 10.0 2.668113731534266 1.329140825529418
430.4139870834026 9275.357776873037 10.0 1.6281876933372146 2.552781128455657
129.6495651085904 190.85826494271373 10.0 0.31226394159028525 5.229671106869046
914.0947387841717 2876.0959723713863 10.0 1.1346098906139552 5.966397347458263
623.9957940855085 6659.666017824501 10.0 0.37852843235575023 4.569115012066371
180.387046530619 3616.5202709593036 10.0 1.3580654052082795 2.216026284620432
632.8424947198512 8025.63611625344 10.0 0.7723031383404626 2.031262961440299
758.162307795849 8239.882217858481 10.0 2.86281879385745 5.320054391687494
402.1633790181874 2276.9761974639314 10.0 1.1234736970184613 0.11822601359429706
960.8443638490743 7747.078247233572 10.0 3.090473920325223 5.130442855969139
882.5480686249657 1351.6969576702654 10.0 0.9561155065282825 3.439619486359657
839.3445463930087 3120.2304872276663 10.0 0.5521790337142757 0.19280698126548512
263.7106790239605 5794.604092783236 10.0 3.107668031872282 2.8244593755362852
275.6830563157149 329.105004575414 10.0 1.7729843592547938 3.2130502124736307
636.0127641421473 4341.659156005298 10.0 1.8913280242272583 1.7559716501664147
252.45241541449892 1534.4301919385084 10.0 1.4500197016508127 5.017930320798682
939.1565801430748 6595.769446372247 10.0 2.254249984398193 2.6870510351898926
583.2796148432398 1902.1752071405529 10.0 1.3193342541774922 3.8482491761704622
608.205003451131 9458.072443980354 10.0 0.730613176806296 4.3117951913307015
639.4429619110672 3942.8545202073205 10.0 2.0647504802948395 1.04904464522807
577.0843374652554 478.7752784959376 10.0 1.1456810103363428 5.890664948952639
857.7999137076496 3789.918998930054 10.0 0.7768516557518191 4.022029520260373
549.7264696633594 3791.6128840411534 10.0 0.5823006280920906 3.7312510144150792
65.18229406377674 6331.295789061705 10.0 2.1228818057660295 3.478101508783393
699.0060696636283 6795.985550570423 10.0 1.2872093723679885 4.196532764682561
904.4150556626278 8608.140921636657 10.0 1.9082509915001087 0.41268777005646257
203.62986363867185 8250.841685499638 10.0 1.3073553509696323 3.785089001643428
897.1147081389292 3394.865338901909 10.0 3.0267029262977885 2.717859675585949
283.1334893841796 944.3640370109651 10.0 2.2548394807342746 1.4958523234000813
928.4238645540364 7374.499239925702 10.0 2.0594854169068966 0.880534758705339
641.1426917665679 4603.525416312815 10.0 1.127852403117166 3.446643493540697
188.8381239416872 823.4544687961398 10.0 1.808192542628419 2.901926254785985
477.05490674365814 7207.575970073902 10.0 3.015418374201154 0.13607558466367708
858.2813176293735 8219.749473946735 10.0 2.158785329979007 2.7990748249012487
476.29741998816723 5369.520217201321 10.0 1.192966503240923 5.12336574270877
67.58582131781388 1688.758573178175 10.0 0.9995143487153484 3.664324880056556
439.3185133864985 6949.654171326049 10.0 0.7064498226319075 0.42715738838894
922.5335061380563 1700.548339279727 10.0 0.0017534721449441245 4.201101863031657
459.4678226955169 1565.2165163348386 10.0 2.106902564972441 6.223189827152087
625.6143957471469 1932.8630643369881 10.0 1.4333734163384233 3.738405915600727
809.9219098478646 7160.22423081773 10.0 1.012803343421664 3.9029915396126027
980.6585356266643 7713.822490158418 10.0 1.8092389398325415 0.6158229368545538
949.8116829704343 3299.548044380459 10.0 0.2727481904223463 2.330063986112637
815.4978510724158 9958.393241366737 10.0 1.5351807364047318 4.383951845638544
309.7077346617792 4351.295812011002 10.0 0.870409564007802 4.630066407354853
107.81393962384756 9012.698266174702 10.0 0.22171172040702603 2.1545278503677774
766.6196131948905 8221.562691222409 10.0 1.3310084437418275 5.130242232232905
849.3281497383717 5320.224901827478 10.0 1.5362266643238816 3.2176982481361738
968.6658049962754 8805.613153423134 10.0 1.6164063729677314 3.120863018951315
933.4902416364522 6323.994603132429 10.0 1.9823430491923018 4.871359652685375
919.5701226928026 2819.5551298473174 10.0 1.9981359080025036 2.832703662640047
601.8218107592953 1518.7584528314112 10.0 1.6122914395918428 0.43841916197263847
483.1412547255063 4176.570503932372 10.0 0.7494573329460567 2.0112889529586044
234.0707325120872 67.2778414519104 10.0 0.0654369198966562 1.2221873025250072
717.8911633712335 1571.76351707502 10.0 1.566113823696672 4.455369863572918
517.3329204933314 7894.755552979188 10.0 1.801673126189922 1.738614562676129
201.94916912771487 7439.689287996371 10.0 1.5701492847290082 5.493296652575377
279.2975749268415 3675.479251689 10.0 1.7767533786885776 1.3472470313186675
758.4275647651331 8948.626918373635 10.0 0.6515904789080894 1.4727084107049648
520.7722507498474 5625.737763605643 10.0 2.131836670410665 2.194836257460536
241.39518721784003 4195.6567772658345 10.0 1.4315628217221696 0.5115395974256051
432.64404873363793 3517.0760967326255 10.0 1.2991831589305027 5.487291565420236
292.6150662907756 9266.606958531771 10.0 1.331732330661203 0.7627645040380878
432.4328046047817 2823.9484759336333 10.0 1.3838884281097779 4.543726046627457
229.20258580482133 4324.929323331445 10.0 1.011514702792026 4.547064469625106
505.59321284270374 419.8337719891443 10.0 1.92712799655566 6.073063219461055
472.360313408545 9393.57019641502 10.0 0.8128142000676699 0.04832011446423238
386.72139504320603 3735.875953467638 10.0 2.348857116564556 5.870322813430313
177.3455994044416 2993.8957557614963 10.0 1.6197508153999163 0.9172623195305505
365.8226781603561 7796.110588175491 10.0 1.5957889098422777 3.78012951225307
974.8274062909328 9305.735023602798 10.0 2.1934915602270517 3.221553792732453
754.7966364087188 7043.340693376754 10.0 0.013836780555859282 6.115711265944787
983.7887003362264 2012.6053412728218 10.0 1.5356625955980097 3.4947087975675886
299.29561824596897 1369.7258672733326 10.0 2.9664185566055132 2.991558698375181
506.1302931905941 5496.1788400746345 10.0 3.0528460682152825 3.29556978056258
71.11311769166507 8266.14390311744 10.0 1.3726774117749396 3.8464951544330996
63.132651117683956 6544.05665325048 10.0 2.3721022925659705 2.659077704054844
