1000 10000 10.0 30
1000
76.68692782043496 1879.9018309424853 10.0 1.1842780461166214 6.0480485167944735
875.0815668652116 4361.3900785414235 10.0 2.448822023656566 4.810009595114152
506.9675105285367 0.8518602807161546 10.0 1.8677571921348313 2.4876658204402693
798.9729740391535 6845.528042283497 10.0 1.2083433622102906 3.957057753174834
905.10183050616 9749.464811523469 10.0 0.9732101895420909 4.907637236752291
934.2848987018972 1491.9097723469788 10.0 1.1561298543321508 3.19080610859098
597.4940971655064 5242.234299936933 10.0 1.5201012654865547 2.497168544287465
93.93208890262305 8391.207849614673 10.0 2.2975216242209817 3.8128992960034074
534.9122013221081 5825.111901830047 10.0 0.22662832667584845 1.7593062719750086
564.3946225207338 4088.303999620446 10.0 2.7230956824622052 5.920130972437335
476.746175781432 6561.492814439981 10.0 0.22740920498344427 3.6437968758657524
55.14359598649155 3777.1235714699815 10.0 1.5089712920473846 4.112466970375999
558.1401512504152 2299.9125898435336 10.0 1.7787356420069629 5.46639040464202
767.2686160113286 219.71148775414395 10.0 1.6510545783995234 0.7348536640130556
775.1542115331923 7235.520253742367 10.0 2.6741170340254707 4.07718732058847
241.4628966527117 2553.614920423598 10.0 1.166346974125074 1.334434452375974
173.11215336421614 4379.3860046655855 10.0 0.03753136933132623 3.4441667814329033
895.5227363392073 651.6348556022789 10.0 2.1205451823021386 2.5678986281188103
773.2915771897779 1849.7100710362845 10.0 1.6551597050394489 6.2560855967452165
411.51743795094865 3198.0065123961167 10.0 2.1531118087485304 3.214030933368565
523.1126346260919 5398.9930823139275 10.0 2.384706262913765 2.135663329245441
382.7856940725116 145.07428044751026 10.0 2.971433210430418 1.4022937864675922
804.9812703090861 9091.23028482825 10.0 1.3473230350347398 4.32387654926361
880.9151040104305 2714.522407890648 10.0 1.9560408564842429 5.570920589395769
288.9438426576036 8543.193013254599 10.0 1.304073920660227 6.054605164665366
852.8606286255209 6607.2227086156245 10.0 2.9193084906402933 0.27420244787864695
164.3088048029685 3643.859822852189 10.0 1.5193077694793395 5.869827734237874
508.35864212166115 6585.764171280918 10.0 1.1640265656025066 4.308190572689006
35.39192042468753 166.05987385135523 10.0 2.4818943122604944 1.368943552239024
107.79254330339327 3093.724621395122 10.0 2.446212474277612 2.0532686927060033
16.54143335271685 2184.3883654080487 10.0 0.7999719022894939 3.2530436697118734
810.6663842783164 4075.749244401682 10.0 1.1434266923773702 1.741748786677769
811.5990770802027 9713.463092516758 10.0 0.49414059937793864 3.715229374596502
494.8424120614098 7662.49634460492 10.0 0.7948986571242055 4.690536509267527
812.9535591139593 8480.576335364705 10.0 1.725990323007691 4.444875641334612
706.6993461357089 3884.5138812724344 10.0 0.7439364272626577 4.118533875499725
505.3423243502079 1246.8109310010377 10.0 1.0408800127869062 3.739418461190925
152.36707135963036 6079.109764455346 10.0 2.2037932952768213 1.7923503563783636
709.5584335685148 2590.68002671611 10.0 0.2901723602719928 0.867672589805331
390.19438301085853 5154.277291193106 10.0 3.0305591315417884 0.8987626037392694
451.21817496694007 1568.3540750923396 10.0 0.1923763100201757 2.001262657606575
634.6057688308922 2373.738183103704 10.0 1.5375265111428467 4.228200185870836
489.7461479737842 9164.537326836566 10.0 2.4019388174596585 1.0351708005820117
831.5037531014543 8827.168405822084 10.0 2.1965449369945076 4.342030170311892
792.733802337395 9948.05477365217 10.0 0.7575279078742586 4.43698582527903
415.3727205616392 2249.6642393986167 10.0 1.1493116141101642 4.232695381183409
490.8277470463275 9846.216640138298 10.0 2.8573078145463935 1.1892260797808236
408.2408271533868 4354.516387823639 10.0 2.4935765779793475 1.742407567439656
98.30422186325305 4452.016087062199 10.0 1.3719911442540116 0.37139554698466826
770.6559675582228 4343.350863388618 10.0 0.8557097850344786 4.5237791826721265
34.48568094646032 4778.229087637164 10.0 0.6458185042296717 2.88862862354671
164.83213084136827 6757.701528323495 10.0 1.6349601930910571 5.6665050276246145
731.1560080022132 9872.475044878549 10.0 0.7174906865599171 1.6192449584958573
540.1225388492588 4336.074594042738 10.0 0.29368738155566226 2.481442549723533
861.1305285086487 8207.301523734868 10.0 1.8997043548522468 5.293372123065678
200.97556340044454 9040.570630991859 10.0 3.0744702843235667 4.2741609650865735
473.13701807951156 2259.3575520251643 10.0 2.735148717655919 1.304175809808284
267.5298690699742 6917.12193073535 10.0 2.664391787339039 1.6435684454209372
68.16395446479629 3191.7135739673686 10.0 2.6313368706671136 0.41870813191085365
689.0049340694335 4953.413529992649 10.0 2.1829778874575707 3.3589118852727387
902.4324581257525 5053.3964591366075 10.0 2.4124820320788243 0.05009911312896451
220.04329916518762 598.5461107920464 10.0 2.5848867488515994 3.3950152887023872
52.14783360519903 410.19608601624566 10.0 3.095216216413267 5.916508115333126
20.160659884095434 7108.5033495021435 10.0 1.3007328531402627 6.170200661803554
25.18723858698657 1820.8110834167192 10.0 0.8387524007103238 2.1556376989647044
786.4600848940233 381.4897520203941 10.0 0.459346876207583 0.8410898812339148
954.8796983393611 6072.392707616589 10.0 1.9382313897787269 0.2954456597586642
579.7667961833889 5447.197599070584 10.0 1.8290216650858382 3.273955196500921
661.0344932471668 589.5506387047478 10.0 0.833983909423003 3.7427836090837725
754.3394586509364 3274.0671762436814 10.0 0.9582118656158811 3.1397413974506385
113.37447240376764 3930.8842188323565 10.0 3.1249124065299276 2.4826363990304867
651.314392378233 1058.603308576428 10.0 0.06473865519696609 0.7258712979935688
82.53041782517468 4787.098967045753 10.0 0.43040787293185306 1.1540994805076945
966.0390053733744 1660.8099156105193 10.0 0.31768827688618256 5.469478582724977
13.752453463712122 6394.774203088892 10.0 2.650951659021341 3.5586164860610086
949.4507184973588 349.8041911164529 10.0 0.9150370652208232 1.7343983660420466
408.4953462900297 5779.841987375568 10.0 1.485093631227232 3.890505193481903
853.6573301843302 9523.675923220946 10.0 1.7295077146602604 2.022377880047835
249.03332854234128 9744.839111700669 10.0 0.5980877144771299 5.134665721003293
281.8753832397909 4567.6500573491685 10.0 0.797373894517967 1.503687316708452
251.2610425425411 2013.998382860992 10.0 0.4370430446904322 4.9657562813214735
352.88284640643565 6514.619582342606 10.0 0.7014770644836473 1.1814814059320855
980.8367959716218 8450.238028028447 10.0 2.402036294235787 4.151249675167887
840.1419949788725 9672.108108762475 10.0 0.9860060045523791 4.681280253981785
117.82428941978739 9758.112409308103 10.0 0.47865706842448064 6.066989125404831
695.7490341248808 4879.72556895505 10.0 1.6498775521253526 2.041878734029552
404.9891754670426 3586.7883152477752 10.0 1.4794867765765956 2.6373973844969827
619.3666546682765 1561.1790155920091 10.0 2.7102500152795983 5.720279550304315
64.906648362554 447.10785606322247 10.0 2.7300734653045087 0.13195828654956435
582.2956999125847 4234.90395991893 10.0 1.321063157334799 4.532103753093617
721.0363267010144 356.800814735313 10.0 1.3336281975056279 1.5903092264743799
466.8423195251061 1647.3727875011923 10.0 1.2832668287313374 4.412630036926803
107.92059091140594 9627.907704260695 10.0 3.1199121131465457 2.4491552207298803
231.13667730186847 9193.149492496546 10.0 0.3033156185774106 6.011957216760974
105.66286892438926 9710.479437950344 10.0 0.16918504083832434 0.9663455685750966
259.55964098711195 7785.748534842289 10.0 2.8233153306196908 3.1864355884359252
883.8417859645565 2506.6121063426917 10.0 2.826411623164559 1.4755078498591774
808.9336327265091 4843.361622462462 10.0 0.2174540115455036 0.05471764452756106
190.01769418551706 9068.882246085095 10.0 2.41961116286838 2.64180086630225
710.6338969644171 5553.516704888172 10.0 2.3064176589124665 1.8752767867795173
67.98766945740442 1097.2431060071042 10.0 2.4338252114842525 2.1592576372770473
738.7763122102955 5080.727988507393 10.0 0.7233675044734765 5.6880749711739815
540.9454686730365 7148.445731117345 10.0 2.2085724033701584 0.6355020494642734
304.6383089583925 4881.203718528995 10.0 3.0610503209809243 5.667491294270343
44.70222940851043 7972.047977450696 10.0 0.22442898490816912 1.5467892561816439
387.46875941551383 8788.6701653483 10.0 1.054858842833952 4.571672752437805
646.1247256794277 7887.070882655041 10.0 0.006772591553626728 5.717119830204913
861.8434534750389 7035.378783916337 10.0 0.7358397185619469 5.394712392087701
331.9470733872442 1613.3684109706726 10.0 2.460124017432984 0.34596859374885297
631.7220638449033 8872.352823131743 10.0 1.3704104490776776 2.8811532885896876
903.1120807987485 8471.772009148408 10.0 0.6478453096679991 0.7286367219107978
231.36314771248644 6952.943557607088 10.0 2.4260975119123525 2.416296763655497
259.79883055715925 8367.070106000843 10.0 0.10053885750044914 3.322102704467974
803.2532294151526 9143.752344322824 10.0 2.349076178641684 1.1288111170028583
112.29250230333032 6467.888835010151 10.0 0.5572925566881014 5.689750542505732
613.2063401360344 5926.984131666431 10.0 0.8485828055152873 5.843011192532202
402.85261262362 5997.534634227522 10.0 1.4930230230710158 5.384924986340211
512.7902155559975 4058.2930192125245 10.0 1.4607028969712714 0.7261545603516726
973.7361805918165 1049.859712975424 10.0 0.3227864135333053 4.501396436900633
9.235356118018846 9644.185719258934 10.0 2.524660281771034 5.241570687962377
266.5318540606415 3844.2161804883813 10.0 0.08321411065289835 4.207313119476874
852.9833669017611 6303.0406127480455 10.0 0.047648935743352945 0.16448557340572842
87.961318705709 3333.5585594047557 10.0 0.19433225437621351 0.2827618970238263
303.03050609308826 6573.80966619876 10.0 1.5869069145902492 3.643027859292391
727.3043751547526 4579.758169565248 10.0 1.239089013877399 4.818219594528619
480.2231049154645 7236.461572830612 10.0 0.797646267096598 2.8046455740938914
960.6034772137729 810.1930538383162 10.0 2.0762384761846184 1.4214569947007916
468.66075075508394 1708.2325649415263 10.0 1.3109291833518977 0.8992737064771951
726.8047498222681 2569.673578666951 10.0 2.9451442562480263 0.4618504862890622
75.36371008215215 5179.743484238178 10.0 0.3201965699942402 1.718409146058216
510.99088486843357 881.7673065512166 10.0 0.7321337837334787 4.310286161342967
408.36071386816786 655.0491846514007 10.0 0.12018558412980476 5.9274642470744565
719.8628068366155 3833.5876690035307 10.0 1.052541243948149 1.979725892520303
683.3534554417574 6559.679226864643 10.0 0.3884453182222334 1.2717856095834312
584.6261248160994 8498.10459826727 10.0 0.33134658669526773 1.0449557244473682
919.1139458346493 9080.736311616956 10.0 0.18327733585785472 5.585741432213638
376.4384656313935 2608.0436579924303 10.0 1.8064564928629827 5.759877055755577
431.7710542086011 4903.111336502683 10.0 1.7182184439602173 3.193597194269842
969.5742187131482 2895.4341408389173 10.0 1.3587760306615908 2.6579387251905024
288.14243056893065 2505.8801077190374 10.0 2.4753932865860135 0.13599314653131933
37.46279492045268 9510.869320439922 10.0 2.380727747082615 3.9257378769823355
128.26819050952665 2682.9417090708284 10.0 0.7045742231726552 4.253223851363454
416.7566542621666 8436.540294271428 10.0 0.2997547131375156 5.631865750484428
17.30234312815393 1451.9652733170585 10.0 2.4410752353738783 1.6210933660215943
424.58534628906284 6307.1081694822615 10.0 0.6808546298288667 2.2072134574397952
236.91851322028268 1015.7016563957633 10.0 0.11144408521719326 2.405921911713375
164.1519000608207 4552.474016573925 10.0 0.5291071088140674 5.3650007055461195
176.38603574780387 6939.727877198915 10.0 0.39547044712899354 4.581400106877276
103.8276957009413 2276.5117155136872 10.0 1.428629068171328 4.6532193461418885
733.4726533158954 2210.6849212530856 10.0 0.7276402095847814 1.9809391435342931
464.9021022895571 9785.826024896602 10.0 1.4176810988996424 3.181723747591075
885.3302746340106 1339.0690968796748 10.0 3.102126762753455 1.3671443044891998
203.14325997636828 7182.594963769623 10.0 1.249636856462969 6.026395942979535
339.5196596158051 170.6443222187526 10.0 0.692766599237289 2.2044620525708614
619.3259855898742 4935.564275657352 10.0 1.7846673951855896 3.746432425318275
425.33077966661693 9570.532625963866 10.0 2.390163293224655 1.2060018021864105
883.883380790807 5843.252989896747 10.0 1.4583165125438091 1.3047777502666327
635.5546070546062 3644.0497186512457 10.0 0.9222382634219874 3.6149153163523993
10.838084793034387 303.43241089653026 10.0 0.4169479897094707 6.022450166772895
478.8629701554612 5658.344332961056 10.0 1.4966512395336968 5.901962344127276
66.16963894112816 9302.942989352436 10.0 2.9874817390004367 2.8656379671188876
552.9524594347758 7328.908264379928 10.0 2.4942407495746957 4.096279048909364
645.7741510370258 2041.9108844933842 10.0 1.5094548660767573 3.4839073028842695
998.6089091992953 9635.013948037298 10.0 2.74040754355615 1.8557523859174165
908.172391428856 7606.425020605271 10.0 0.7410667799382857 5.661247774392528
744.8482537166199 5828.148514721511 10.0 0.711019168543115 0.23738786610123191
697.122829129319 2603.740842749964 10.0 1.4645942811777277 3.0053724470083303
205.29064781301477 9797.500342324376 10.0 2.080293372285728 2.9643343298188274
539.2955984156622 9174.068669199783 10.0 0.9320404412376174 4.059110172501618
335.9234344820776 5456.565928133044 10.0 2.5380349942509497 3.441988822870988
552.1637030129676 293.01202594121276 10.0 2.603829883691356 2.7389732036945484
214.40970805287884 5314.937345048801 10.0 1.5535935721236138 3.02780982376665
547.267887897043 1778.7195977151327 10.0 0.1444310696179836 0.6564043492777508
551.0984503310999 8899.33102910013 10.0 3.018340139097669 4.816112356600411
864.0112846529605 2917.809549930628 10.0 1.9551459553646706 1.2356378478165329
791.8926976891412 4187.924494323104 10.0 0.3245676359831098 4.168139683801147
719.1398953470839 124.13097350674084 10.0 3.088482901374818 3.927051248032225
723.1316792658209 7722.060008742936 10.0 0.77278165042762 5.071686432363801
107.06565414797898 544.426347879825 10.0 0.6694842287129059 3.2529382696313927
738.6435407138293 1559.3787727917186 10.0 0.4714879101524358 5.020751929398888
536.1877963779228 5024.954633330268 10.0 2.0799242125653215 5.276621017463317
179.1245564026569 7732.448731715484 10.0 0.7497584076837255 5.773833091493847
136.36907306472713 2353.1377702791424 10.0 1.0794321440549697 0.2583854701991925
404.0015264715484 3376.9484457185463 10.0 0.8086280705696693 2.10611196602192
922.7230994691402 9188.297125748526 10.0 1.4955517715390376 1.478527460220402
505.93294126523324 2193.4679887298626 10.0 2.6537325805899976 2.7725551302500526
250.86886156747767 2595.5366296657335 10.0 2.3957347970665523 4.16799558537556
828.1059448231127 406.9913111961698 10.0 2.305145998012523 1.239663150749322
748.8087956246204 4596.838172629754 10.0 0.8113341116342749 2.801249951373057
694.4847023063978 7888.121857350471 10.0 1.7560345508038775 3.809958721728963
260.58668090386436 653.4330858716996 10.0 2.895615183474884 5.514824879206599
13.16677835077984 7600.113264657412 10.0 1.5389165950066135 4.422619534584374
586.8815892854066 6493.508942034027 10.0 0.6256830460378313 4.835434017589668
663.0036602203538 9035.768649517702 10.0 0.5171642446361326 4.329568549486063
57.69394557544061 199.31587002940066 10.0 0.7489182747112662 3.702330812928704
823.6417123754106 3808.270679462098 10.0 2.030444823775325 0.4879422762631644
222.28047126886452 8967.736018446487 10.0 1.8227630518581577 2.5606873380908093
659.1397037803952 4060.0039242603834 10.0 1.1754587847687374 0.027550154145933866
191.4934918528709 2458.375964921008 10.0 1.3360623139975492 5.6700006380291255
15.31936592800609 6853.435038937111 10.0 1.0453579311088477 0.34220586270019937
417.6815964812576 7143.246823526437 10.0 2.5882273867632053 5.81136503224182
41.00508565282568 208.10713021892525 10.0 2.8640713394874804 1.5883214738474183
947.3074951851792 8572.093263212957 10.0 1.2126665854096677 2.3960251464430478
893.3088703354923 8947.81989437554 10.0 0.5601626865072364 0.5644260000620526
431.4393099415373 967.4361148432909 10.0 1.1313629700711558 2.734271697493917
937.1171738585444 1022.048376206276 10.0 1.6854653809882632 4.480662229835383
429.2717482617586 6063.385831046271 10.0 0.557134510369894 1.776834807086176
98.93550484810787 7465.670670535561 10.0 3.121360423399326 4.167147364076641
789.8333732704147 5602.297064372239 10.0 2.5428473035854204 0.04357716913359263
285.2472491003648 1661.0607687305435 10.0 1.5974049334305593 4.920510405158649
147.03600915450255 4403.320212360814 10.0 1.6896907097517417 1.6445695909533313
25.542828892652246 6066.616052040362 10.0 0.4519004641109728 1.1304189951079284
813.2227418219993 3416.914160034824 10.0 3.084580368201144 4.984461101651775
750.1756534298703 7075.773175578647 10.0 3.1237188140926997 2.310183385292726
606.3707548161824 4679.386424737994 10.0 1.51685490612654 0.3118544183729921
363.2008117626926 1170.5834093706846 10.0 0.3580661312419918 6.098030301480316
396.1051548505296 2581.517110720547 10.0 0.6062764331838497 2.4125650873893596
20.35311889045488 8033.905129094558 10.0 2.8765618473552648 3.861986981822959
403.6800642635896 8365.334144989005 10.0 1.4632961870804562 3.8031762466976367
272.3204142311465 8784.275358723573 10.0 2.401402132975448 5.581151407490957
541.0833210231536 7263.099852608848 10.0 1.2436878394660509 5.529063924052732
983.468522005707 9997.526774878543 10.0 2.319375530976534 3.131881218869254
324.42086241344225 192.5716491105478 10.0 1.904345492516507 1.498529150188634
686.1743017102744 6679.209169370858 10.0 2.446296574026265 0.023346608136567346
146.73722989218584 4422.6002609488905 10.0 1.9781055827920215 1.200579130125247
280.9226096277202 9851.878575995206 10.0 2.20860491461148 4.719829935680479
945.4283085042167 123.12668704417717 10.0 1.5195191126290686 1.2955138312525238
242.3239050259206 6921.31879499996 10.0 2.5212723392053586 5.638474906845133
549.4026414809014 2213.642280930711 10.0 0.8934181258981873 0.35063870680717735
741.2082549388764 5485.754572486402 10.0 3.1345224642865404 4.0306502005373614
241.14753026958158 9424.171154884392 10.0 3.1378477210307043 1.7677774644528421
342.9525382333558 3752.1203486008703 10.0 2.4320430647092945 0.31351525771770833
318.8560445555131 4982.8421912812455 10.0 2.1440041024148986 1.785534507629842
192.1966699123947 3223.448823660049 10.0 1.1655854913133916 0.6351767990010286
693.7715325000814 5844.1072548555185 10.0 2.5130680774898355 4.992353267482404
844.1051173671107 1821.4379661612722 10.0 2.9714636487649266 5.213468428071099
807.9055247897863 9871.67505177753 10.0 1.496291994742197 4.5430591198762365
152.33026713564212 8108.263170509612 10.0 2.158272024158489 4.391037346653231
407.285421554098 2890.2161116328316 10.0 2.440177264067191 4.072452435242171
873.8336680115092 9771.693858965911 10.0 0.3060235448358245 3.6370325944236153
955.8882506274464 19.906028542856504 10.0 1.1386736421487378 2.7906774218767163
900.7212992782755 2037.5784789327045 10.0 2.8961157070561736 6.048704097206763
725.4167744547399 8207.869515560204 10.0 0.3770703661325033 5.045969276553152
279.2494934098356 4173.760393831829 10.0 1.3840126017664471 1.8575419894823724
846.0739435430304 9370.58249930654 10.0 1.923492396948566 4.113837734167418
426.15717772546793 4749.487054068774 10.0 0.31899705553353624 3.4490096341569467
853.4924133429773 6061.303824188766 10.0 1.407541201727145 4.639884009583961
202.48139961510557 8814.3745738085 10.0 2.2458958041799635 2.612901564327349
516.9747573842764 4076.5889502840714 10.0 2.8862359271985802 5.220975200657551
755.0117029664169 2660.9900255520038 10.0 2.1391533963003693 4.772309684908957
984.2013096155436 8915.956692688864 10.0 1.5677737954038409 2.410378198150872
285.54011924347225 4335.115291871893 10.0 3.064323406442375 1.2002645205721558
527.5612762234047 5508.7653352299085 10.0 0.18795224260239277 3.605025939779153
158.0627506305198 557.753817720742 10.0 2.715592232695146 5.697701574125663
427.2637444074693 3122.365217524978 10.0 2.7973821139651522 0.14477382087092353
4.089179699427792 3222.9423890369935 10.0 1.79431356252291 1.033856828788574
776.3848169818115 9865.586735994519 10.0 2.759648795838048 4.320745830483759
736.2161971043757 1135.4323358001973 10.0 1.1559268080824396 0.162556440646496
243.00680737564073 3701.6281010968346 10.0 1.3955335279624732 4.23325947518391
630.1218209920283 5152.299528545532 10.0 2.561922242425943 1.5420604741894937
74.60613368571578 9384.406038219233 10.0 0.24602472236496953 6.16987127371094
885.1359878720708 7392.549429134568 10.0 0.38457920539616386 2.7312193112113743
879.8460028153793 3232.428931620247 10.0 1.8184349002205697 2.736069693495008
323.54423881362413 7678.777384356052 10.0 2.663084567811485 5.52764509297698
972.9300390650261 154.25939865147063 10.0 1.0582613603080013 1.8516406038692677
138.78047523861346 2874.9454312647017 10.0 1.3145157003472117 4.033058865523089
315.67328348501064 9839.623334962538 10.0 0.8403097933462134 1.9691178480279716
852.6651752328376 7284.342433848518 10.0 0.5841296776343551 5.150443830381831
342.44663639941973 1530.2339825397094 10.0 0.7349969591851025 1.5034561240743727
891.8451818987124 4771.784871124858 10.0 3.118090926308638 0.6415368191360183
203.1511917634571 9284.38739072932 10.0 0.19733105147890692 0.08597126098900963
443.5915664291453 5774.125021750001 10.0 1.482022653630411 6.222731638371896
209.3785134111247 2149.397598579165 10.0 1.5628041216804025 1.091866352635313
501.11153586548386 4863.127068992107 10.0 1.7430164783212543 2.004925271461483
518.9132795042062 6155.929175247768 10.0 2.161414928131366 1.328724075529237
258.53065725099634 7024.772581240055 10.0 2.845575151460499 5.994308719748936
343.73438249213984 7548.292243064937 10.0 0.20396374547221383 5.609616552717059
265.7020312445003 3319.060585763851 10.0 0.8106241977168929 5.003892513278898
216.67082893739843 9164.762611882563 10.0 2.181044286441052 4.9743240814685645
2.9980983097296354 9084.36272232361 10.0 2.7491247417402156 2.9670998875868224
101.86883198977048 4381.9880514797505 10.0 1.4509993458669745 3.4062048740576327
786.2417030944758 350.3972787325105 10.0 1.9096977870698093 2.109405032113626
384.22582246596915 5537.544299236699 10.0 2.151065375842492 3.533870204159683
161.9326142051557 6623.88207343003 10.0 0.8535534774598026 4.181755940435118
22.948449320797202 6244.702202370448 10.0 3.1301010470251067 1.6076911487733776
202.92561090077965 710.9327438857426 10.0 0.9894134708925187 1.1497956891382686
404.3900346959749 9513.471603603679 10.0 1.8999571042245913 5.91284668643046
364.71663938577603 8740.264543244817 10.0 0.008626362094412232 1.7019200344835395
679.3241445509252 6091.97867569391 10.0 0.8481252085737592 0.1036421828878226
812.4928596530043 6051.264874587709 10.0 1.846961578751345 3.2799233778913055
619.8105521749086 9942.245219420702 10.0 1.8812962534330082 0.7092904909585476
379.1033910302164 7110.993696639778 10.0 0.6026694186115323 3.119160652798336
280.8096222854507 264.4299832194874 10.0 1.587594861688307 1.4905872560824858
564.1065401283951 124.17895579746929 10.0 1.156757141997867 5.125869187998065
1.7014600676820146 1983.592099903555 10.0 2.932251579930061 1.0215617559393153
234.05005857490934 9500.267233044848 10.0 1.796752732281474 6.122830683470135
532.8662775426249 9113.04407473761 10.0 0.5966080627578381 3.5649074546819013
934.1403259886229 1841.5923647845689 10.0 0.019109982263377234 3.1140234480083198
322.4817777266639 7908.352408647672 10.0 1.5283097950232958 4.261306804228201
971.4573557571852 3616.7246848486843 10.0 1.7893982611244719 1.9578513043548167
248.6942697405573 9226.05083213912 10.0 1.6842665268873886 2.6394942650225026
679.8709602800965 1183.0635722075533 10.0 2.7584468006379286 3.1261511046552846
332.3195462982229 2001.128331527008 10.0 0.9545868199241334 2.0600979507587223
526.8152638104177 6322.736026148047 10.0 1.8242002942647015 4.628829752912633
215.22973754475515 2257.352547207876 10.0 0.8110122726109279 4.54258341602759
972.077115625556 2955.862537829028 10.0 1.4002882151317106 0.9229213517065494
439.58246324655136 4564.4951214197445 10.0 2.2654077460529667 5.712230591054778
238.7549881629668 3195.2542465839906 10.0 2.944785277114569 2.1779543021365906
813.0485196547469 5356.516520481489 10.0 0.5181132766946153 2.458059989268239
406.5446057552016 3406.6037674659156 10.0 0.8048530971010064 5.592529591729347
395.1944006930918 24.775940382762982 10.0 1.7356935944577971 2.3306757834726777
487.5073000042707 3438.2297295965236 10.0 0.20949874321943662 2.824259066258836
890.1758078350855 8200.330004697607 10.0 0.21842850352403725 0.14705174482889424
394.47774721168616 4684.442701727204 10.0 1.20508397364834 2.351855051761168
480.8984259697594 4139.377593548435 10.0 2.658136438100826 1.9374148285868213
962.2669423431234 5146.587850708024 10.0 1.0693583360840655 3.1766663870533387
389.80232078659816 1625.918908436056 10.0 1.6183584893792404 2.010992872018091
431.8169382841933 2155.834020928853 10.0 2.5517436201949386 2.35500872479263
701.4259742086716 5305.689017388906 10.0 2.216254974614171 2.7005577916783823
57.46343583426439 5921.7673371438295 10.0 0.3650298623125918 1.0429182777615202
231.9065741747872 2865.4267581839467 10.0 2.56744558795926 4.553679086507031
747.4625669303118 9570.851791680041 10.0 0.8204522830221299 0.4384904292577562
480.5722847270918 4971.544086969771 10.0 2.1280155800521032 3.1235467784837616
897.9380683064408 3838.8233375976997 10.0 1.4782168863376874 5.71050688672703
948.7834479810601 2382.257718619889 10.0 2.8975672576447944 4.950275890630238
830.4051210258356 7081.0736158091695 10.0 2.9842025489410733 1.024179804663973
361.178108658171 2147.2441973389955 10.0 0.6485198224926757 1.4961828437960933
493.0271499483314 3765.091998392528 10.0 0.3852596935371677 4.858901216167381
574.4790139238854 7308.882255506955 10.0 1.8313718040402984 4.7321319366669305
335.7616276023596 7109.025130845063 10.0 2.5318893389278205 2.2244194444267444
209.0175909699369 7019.145312916849 10.0 2.0600721494562806 4.598624405847663
519.5515118005906 4030.4167695536776 10.0 0.15718443336405924 4.341996359556266
288.1316005981305 6486.20447261894 10.0 1.0971219975147726 5.445805541713948
869.718160302351 3069.190300977286 10.0 1.9266514311948502 4.122635001840333
420.59254293936846 8664.80702619526 10.0 1.23812825986023 4.817653465633363
233.71226990575067 8448.93860146335 10.0 0.928331543022611 5.752302042709619
311.2190888820037 2104.491793252171 10.0 2.7543734251047414 5.7110808637049395
153.37883973478873 5940.580271432312 10.0 1.8934122450730548 0.38878791295749476
634.8328145089146 1869.703402229166 10.0 1.4125875263131524 4.215026673120688
11.89277315960069 8692.447573404374 10.0 1.4618792254464443 0.30668741689421947
558.7124897656632 2945.8686999563965 10.0 0.15969019668350473 2.8195681242605466
65.52087224595581 3690.867566293954 10.0 3.088713994736802 0.35355002527784996
448.70304219693537 8045.497769588245 10.0 0.7217801393785264 0.7249068314325419
20.36698073319787 2015.2979656501723 10.0 1.3166870152205776 1.0448291342458438
544.1357375462678 4228.37117972349 10.0 1.342307275383479 2.0154788934911827
64.25600708499557 8552.082127995138 10.0 2.8740850328609695 3.001386367235917
636.7155117917486 5249.877955996138 10.0 2.5370206691023007 2.4538244498988946
513.9137698766136 9330.884465420937 10.0 2.0446635971929097 3.384621561949254
38.53181014817775 9051.564333325563 10.0 1.5375332929079792 5.184243163018153
487.5980617869411 7147.868974963617 10.0 1.3301072083305787 1.422357670082408
374.349426401922 2307.9566625229277 10.0 0.863042077009642 4.109720484095314
263.33791171189205 8639.682859467259 10.0 2.706270108050667 2.8398459193862418
983.3350052049533 6443.722627261847 10.0 0.69647018213485 0.9401177654226327
232.93689575283173 8472.309489078387 10.0 2.3740168820161904 2.0146850386286217
965.3762743890098 2035.2312393838522 10.0 2.0753659170841305 4.099887585694112
611.8968880007757 8808.850966450289 10.0 0.6997323891919736 3.9266551876018982
157.14945385953638 1010.5734588666115 10.0 1.5693999241342347 3.2366743991279074
315.41848184962606 4720.304619303256 10.0 2.1268574751001013 5.030996182662161
573.0916175576949 8562.109196337713 10.0 2.8839976742512454 2.6075502397494947
660.6342566923546 8703.39420496099 10.0 2.616351990511355 4.550909135657839
96.43404364597019 9185.600681816808 10.0 2.500005748668258 3.411683856554446
805.2312920967502 9969.520374026613 10.0 0.6584991832694179 6.158517980884251
455.4529047225698 3759.993859749563 10.0 1.4924653105608565 2.6382317559713417
82.61906706173849 6668.891401335899 10.0 2.7104147505366276 3.0002503444269832
770.0934002753667 7081.913828986557 10.0 2.2091871722562852 2.1708073298737354
643.7989601863763 1713.8964216712393 10.0 0.9822105979669548 3.425249441057114
204.1237800381307 7768.933082044093 10.0 2.6822950728317885 4.611128795630249
66.09168951820243 5365.78553113519 10.0 2.8111241016171116 5.549772980394999
507.97524870109044 4945.677444712987 10.0 2.431301768804869 5.2711659093378564
838.8790643752426 248.71698001033505 10.0 0.01117067673080555 0.007339014940542971
487.42438690308563 8626.831078055528 10.0 2.68575530334216 3.920274718613105
886.5157993124834 6955.235594486958 10.0 2.990725073186812 0.1237641468997181
683.273907593997 3211.103879234708 10.0 0.5488522494880957 4.895938206901327
538.5683958264597 907.2439196839022 10.0 1.3220517632660922 6.0792557851110995
797.1882411336836 6000.222270686939 10.0 2.5415564205892403 0.8902660131416642
607.5365960996157 3636.5299978267108 10.0 2.258726343740852 5.9692616715322435
648.8402078003694 5157.0085767274495 10.0 2.0707491312014406 0.1270591095596606
484.21422811356695 4148.912156421342 10.0 1.0309875500137862 5.149240436834483
699.5249954032278 4016.607816431239 10.0 1.2388195116690062 1.135405620507873
410.84529661020883 8536.065241828195 10.0 1.4282391054644015 1.421090544968869
427.39749950642715 1164.9276334194292 10.0 1.1178700455107151 3.1089468452337083
342.231938064128 8499.089194615373 10.0 1.7597967890573731 1.1189582525143282
89.48971334596634 8198.35369316674 10.0 1.6360369841354387 3.180670079915756
54.94999728771166 1947.8846256133409 10.0 0.3004514118265681 3.076939013985929
655.6639343739205 9578.798445350332 10.0 2.7433428836094276 2.6289221850360978
414.82900029460313 1340.3947244279811 10.0 2.8561848799966563 4.695690007088533
949.6583329503909 1498.1537029885806 10.0 2.4514878856731563 1.6188332054035255
962.852467307414 7925.779872967742 10.0 0.16281171053630528 4.2143576852469655
282.38108970203825 9166.201583128748 10.0 0.6937555291726026 1.3532506331046883
229.6349307534098 2555.584072224467 10.0 2.996237938210437 6.280946869963091
112.60928198904274 4436.05210016377 10.0 3.0286450023695255 2.6621552797243795
438.6316691893033 6226.956947160378 10.0 0.6053474849562598 1.785944930596706
520.2487483511111 8181.166352379651 10.0 0.14668156586164224 4.196691258385026
508.23785727500035 6021.994833783368 10.0 1.032043174774749 1.308956583710585
527.3114317493406 4338.030389064032 10.0 0.45622207241982116 4.9647474463919234
512.933016077561 4607.261658525028 10.0 1.6506934085722784 2.036976607673274
551.7659908903051 5028.539071306468 10.0 2.172318067158751 4.949444172437473
13.627024240966179 3957.55408257903 10.0 2.9384168240974127 2.061575896348368
529.4183816148487 8676.156429431283 10.0 2.6048048702611206 5.405870079628037
917.3642672069493 6467.970354715604 10.0 0.20225502924126496 1.6038865527946609
488.97847330943455 5529.911904699339 10.0 1.7555131526481185 5.719014766049051
776.5416858335809 9118.349952932937 10.0 1.8720165459158786 1.402107576599637
615.468783924344 7510.295625458339 10.0 2.102196525628616 1.5598346672816732
687.7974729602214 8854.14129779284 10.0 1.2308592250633996 3.7838581238853792
87.13200205360327 1791.1166502321385 10.0 0.9489799886390886 3.213549119704456
200.72624632075375 9847.76469230736 10.0 2.028673826662828 4.666953799589891
220.99304438480593 31.384869237104375 10.0 0.7828659961551356 0.27728328197757407
896.5772600891981 5804.529484857169 10.0 1.2883916617175293 4.002082425645628
712.2323840289317 7671.279826263751 10.0 1.0293821615758039 1.5569014274427355
547.0916697241335 2977.1704493400553 10.0 3.046739913142238 0.9098032202868515
2.526375686590865 206.26931308003415 10.0 1.3592951458051068 4.1035146138028225
13.635315538480853 2053.0637946406905 10.0 2.4678847106902997 4.166941903074032
62.511454721824066 5853.439731695869 10.0 0.3598270668856698 4.511543115305562
296.7830471116549 9578.187425090922 10.0 3.0759103296013492 2.3036538556152197
123.52783924233957 6524.100853127803 10.0 2.4435400156456404 3.8081897446387183
396.51112102586296 2081.885938517594 10.0 1.8321851161850042 2.5060459244124753
143.79939619048176 1516.7271915208446 10.0 2.6711572533255996 2.817277062766206
893.1535077790423 8566.504760029722 10.0 0.09117533195115586 4.045814107283158
44.20584443619469 844.2995908418604 10.0 1.6313953375595023 5.300750095231367
409.2789607311832 9525.953823636239 10.0 1.86429336632736 6.007006050757895
998.803322576924 7610.107827391211 10.0 2.7753161345258373 3.7696470586797513
362.6443625615605 3157.2645292938405 10.0 2.4474706101063886 6.137555035118092
315.2499191188162 1346.0781978760817 10.0 1.9367723976543965 6.108548004678604
670.3812542476851 1929.204187272292 10.0 2.669468916058025 5.772692961617271
690.2920660842881 6727.687715856044 10.0 1.5470673435034281 5.648669621897049
314.57141222078945 5172.006089501274 10.0 3.1219347379863014 5.932222198656589
875.4684607755488 4579.5279177288085 10.0 1.155939428842949 6.240691167937267
929.3679093220763 5852.281878477691 10.0 2.6326361722692186 0.11397476398169816
38.187230474636124 4585.580422607383 10.0 1.4793810143363026 1.8208905356675025
819.8176816767417 2197.1759180194863 10.0 0.8959787615258383 2.2925160109266005
353.3331165682545 1618.267470773974 10.0 0.2899389019482465 0.030523245588504506
72.54219357219016 7331.827069846163 10.0 2.8187047185031187 5.689677062540919
610.5605940436543 100.33802043994066 10.0 0.09124745178934515 5.089987526487378
668.4321703033914 2594.1969097198116 10.0 0.9329257086698197 1.932159975290095
872.4291738526197 3313.6549371771307 10.0 1.1800519509589789 2.3638199232783044
757.5127154003145 2691.3292655861887 10.0 0.9786351761830403 3.286690382212509
468.53751189495597 7068.942887174413 10.0 1.608269758432111 1.1897325546100534
506.1351174765133 3361.1030171761004 10.0 2.6052021936784695 5.95080911967174
860.8121027319709 9650.56105307444 10.0 1.2102918238822635 5.6201401840074805
176.65161095973747 4703.540729826628 10.0 1.8647886089909698 3.5941893045547038
165.10696571450188 2450.363040259251 10.0 1.362941825162746 4.206909523216686
349.72923948144927 5845.734540441826 10.0 1.2746187115832674 4.836531901907832
364.2707349353337 8204.706080683018 10.0 2.3556849474503645 2.415816569938587
449.4591085378624 9104.454029020788 10.0 1.444059606603502 3.635702461624084
497.83735952488394 6248.670933545052 10.0 1.0340765957834073 3.4474790071572485
981.4174369697027 4310.496227074019 10.0 2.4549433961126366 3.9270157998122883
363.49628180761505 6701.558538709078 10.0 1.5896186389303175 1.891954852369234
143.83429899253875 6458.841527780541 10.0 3.1282553836956746 0.3634419209350992
515.4990225443707 7997.721767423877 10.0 2.889104955348093 5.949514310320228
722.026727095199 2348.678107898232 10.0 2.8036747575478107 0.789677390598782
595.1577949089343 4676.797059652582 10.0 1.9201611303931156 4.9899245289580225
426.25207498870657 4377.356912646333 10.0 1.619073391563748 1.7246321518892913
278.59272624671814 4847.398092361831 10.0 0.30800523494046267 1.8553103294565798
83.13819916453869 2152.3391430203365 10.0 2.345663477893639 5.626867946526938
376.8839276620737 9238.333511363258 10.0 1.643855399242494 4.687782175331831
340.8463954975455 5085.200606438193 10.0 1.9119177390458149 0.6423198991336602
873.784476392067 6251.412882715272 10.0 0.7171788725709555 0.2975220497802104
798.1235972982697 1631.7527095096718 10.0 2.3754897629056435 1.0336115011441482
936.1508117835322 9929.899990551176 10.0 1.086893453440918 1.7728548865901046
717.399838305228 3342.3460184497276 10.0 2.7727216129116967 3.0168508402444556
182.24658747950684 256.67935097511975 10.0 0.8226596338735576 0.7108474912762097
732.0877179898946 4386.415048340644 10.0 0.034169859743598284 1.3291071326353026
743.0762943673428 7696.197378571913 10.0 0.13013424152690636 1.5929600783206985
208.23931387140294 9715.330132257968 10.0 2.8072374718710877 6.075457378621755
901.9049725660832 6394.239679329643 10.0 0.5364537811542854 3.241813470007422
170.71755388518673 7527.616149052124 10.0 3.1221376018493627 0.9752813539581984
347.12027485133234 2949.6079181778955 10.0 0.6551319647309265 1.211041808125446
954.0380224938001 4200.603737283291 10.0 2.4192600568291955 5.609770306709495
323.5928198155986 171.75855450437427 10.0 0.6181408062710345 4.849587705804898
988.0371928545967 2352.5722525607816 10.0 0.7458509036641988 3.7195477686537797
217.69158145007862 7738.4671173701445 10.0 2.9156002929653932 1.5207437902241305
378.5238261423063 5199.448233139382 10.0 0.08698315201234606 3.8269256535178457
361.1102310941162 4167.577408059855 10.0 1.3104931283474932 3.088967209058767
193.0692993731945 2870.123324889633 10.0 1.3245624778433125 3.6564718713998174
88.66070905173184 7016.901909390383 10.0 0.5467017693604089 3.4822113763464215
612.0936251805814 8844.451034651991 10.0 0.23625271117032873 2.1062983458406976
335.19041120803104 726.3328639200606 10.0 0.39831948282724927 4.433950339833104
355.4027386238931 7177.989466841496 10.0 1.2979747885387038 3.031343342433116
306.7791114826943 4016.228735859988 10.0 0.9156998886384287 4.186088813730359
44.33416465830875 3677.5459105399887 10.0 2.865582979849398 0.6530145820466906
11.371953299294745 1256.136636416707 10.0 1.6861053765714806 2.5843715240953062
409.66642528033924 6691.593188657342 10.0 2.3445032120137226 0.812211561669339
684.0046681605484 4717.915352861908 10.0 0.12813893289729553 2.1704887579158023
505.4491137118868 5679.614306951007 10.0 1.6264756269515375 1.9066485327589848
391.7774066623063 7127.318592482974 10.0 0.9077287059816622 5.295417447913875
338.9094789258584 8224.44166370083 10.0 0.14112769592635102 5.437457253318124
353.7332878823307 6428.104497320375 10.0 2.2249423091441995 2.5661553773627905
576.5921125997576 8651.650859601332 10.0 1.3546152134700185 1.997141738943054
760.7980599272449 7172.731115351474 10.0 0.9045284095179943 6.057465429066421
236.88755944858374 3920.073506023242 10.0 2.7842968916589466 5.765456361329613
130.9369105184721 5453.700680277138 10.0 2.459817073141174 0.07867289608668229
529.1065249798512 4947.489890770374 10.0 0.07406925629289501 4.805462196661445
484.6850364673927 6789.617377459706 10.0 1.093855208332648 4.298802143094981
249.25556867728315 4035.56597398942 10.0 1.902865004218091 3.8988922729208326
876.2077054467283 8880.018244419045 10.0 2.2012061533888287 5.78116647003017
392.67096410657143 1558.0947537948753 10.0 3.0187357584891243 5.22193003044428
65.04663497522101 3643.041361894603 10.0 0.498012487856796 1.854591156296254
893.6664425864047 7576.606697784114 10.0 1.7064143889151142 6.21116055381375
363.7084294731968 5449.9938896066415 10.0 0.48091676720686793 1.4785648268675418
652.3514795664145 6547.410397591893 10.0 1.1267948197154665 1.2924690031471255
946.2517885473711 4970.880749963262 10.0 0.19642082391445315 3.9764248800498825
258.7762948406579 5784.126578037403 10.0 0.7256117550709172 0.8491980645178661
153.02920501074436 544.9600156193002 10.0 1.459334252084833 0.7142083113416787
74.55966694474047 839.7778846118265 10.0 0.40196466453909485 0.6952653750091708
576.7400222581393 1490.3820043376147 10.0 0.48861579198377203 2.8913095157401596
582.1558893273922 3472.4957182143767 10.0 0.07202306565637681 0.2525541549901684
964.9504428433571 266.9811917968512 10.0 1.6789042745856384 5.932093281656462
161.91725921724287 358.9104896924977 10.0 0.03979764029120436 5.839869954508556
224.23741003256615 2906.277424255609 10.0 0.6220628235890031 3.60034607683978
707.1081362029659 3219.2814221935905 10.0 2.0890736061542916 1.0338491721387624
61.111976531645354 9622.753232037076 10.0 2.6589779003415446 3.166421753518074
737.0268496888287 3518.434881587139 10.0 2.5712246176708136 5.863078487284223
44.87892569990204 20.466333447277663 10.0 2.6555834002360403 0.8109189892101701
918.392006333879 7406.569374621381 10.0 0.9649482620698682 2.592288802256697
127.58855002052915 9809.064055585208 10.0 0.13733360516097548 3.6832363591966533
155.14888804093928 9063.99165021923 10.0 1.0454741794552789 3.7959226269641615
906.2370317652566 8443.257048024436 10.0 2.1796340434487185 4.391764577715341
656.8527374727978 3113.8465884317347 10.0 1.4357483874198538 5.920418891722106
162.37151688807637 9599.818792307038 10.0 1.7946537709232344 3.768839156064164
645.7849420367328 9266.900916611261 10.0 1.3718316015895686 0.36195725475726137
464.25640904188316 8906.172083025582 10.0 2.0217539682888144 3.395178108348008
612.9581459049589 4862.447684153619 10.0 1.1762547654951834 2.0288983790403803
866.7567437849107 5834.624885614651 10.0 2.7761222478586887 4.036666083631509
283.1671429277396 3469.3889276680766 10.0 2.851217637111067 0.38028729845861864
994.0951624202262 9176.316821133445 10.0 0.24249379509653585 3.734841477253806
699.2411702248197 211.5627873722703 10.0 1.2809477691761932 3.3963643725471657
40.63881492173926 8008.94203592224 10.0 2.262347764990083 3.4296134091851824
85.65410513463645 6981.376902413501 10.0 1.3002363844672051 0.9326325034438139
474.87201848599335 2572.307843769063 10.0 1.1165132992217488 4.430788050866406
401.64895271676284 3205.8084599547155 10.0 2.4237819545830046 2.2054642338194377
481.71147054977314 1965.7928868126185 10.0 2.9701490739171166 2.4753367090991563
744.032701803948 328.8351844183102 10.0 0.6305249011581465 2.135131422196371
428.31988006569924 8081.767406567492 10.0 0.4041603594158239 3.5276925007117335
9.797780337017837 674.3606964640725 10.0 0.8338834102097972 3.0199049382439576
888.5743166869435 7689.037359640878 10.0 1.437183342885331 0.08655897743291843
478.7264636504781 3853.695175333124 10.0 3.0382751260222296 5.95736894388405
11.345745150263875 7080.377279206852 10.0 3.032996858170225 5.412151329252748
226.13453349731395 6381.651848407774 10.0 1.365929058373131 1.09722498832555
267.74572413352826 6198.209369976513 10.0 2.0771410617458397 5.897535828370275
525.9100869954084 2665.328213740361 10.0 1.3658724269203877 6.230215851183082
862.4967145251825 1652.497537526102 10.0 2.503435119543163 1.2546191277589298
654.0043222752963 8029.62693146555 10.0 2.1121141744487226 3.726658940789976
344.58205833821955 544.9146592852794 10.0 0.027635949764468 2.1632320202998923
752.5300733518084 6943.584619296919 10.0 0.3391883059260956 4.400004602869581
202.332229668298 9513.346061100641 10.0 2.1290987915685866 1.115818076279765
664.6244069092562 2111.5665427603412 10.0 2.391987118788475 3.4859074529372704
478.1030985536003 5910.793541646903 10.0 0.3350311928534707 2.8760653778458307
900.2318507348425 2593.3953608591764 10.0 2.2778784954107003 3.905146810179991
687.7028314878204 532.7408969440938 10.0 1.1428879964507428 1.4786929242203062
142.96414180684968 1617.4688630857581 10.0 1.1334286292851286 0.8061876842649592
579.7237133362567 3807.044020654482 10.0 2.7903684981966523 5.896693709162998
958.1929520135816 7250.937168154164 10.0 2.8317790092152455 5.16634374405846
519.934746996596 9860.406606923372 10.0 0.6466192735048066 4.4448377149926115
612.5316210706455 1590.9957359790606 10.0 2.923534777787929 3.5889282926446664
535.8918147432665 5375.508331233619 10.0 1.1110852308621653 4.603256716344532
164.8625557782234 6641.359373363398 10.0 1.4557899485276127 4.331982199187285
306.921116035913 2652.840799090912 10.0 2.700704374391904 3.772394808047458
239.06604951443822 7537.980960994533 10.0 1.8842740132468787 0.7325223167614113
634.6325837744849 8791.322086817418 10.0 1.1809085425676191 5.651997553847748
138.60721835936695 6288.073302183214 10.0 3.061301715814429 5.203492224355078
179.11922474949205 5401.7446427301775 10.0 0.9830695942850365 3.728870285203722
213.13683009754837 1686.5014717294935 10.0 1.4923814233224948 0.6753189536205028
495.998825499594 5767.125361325092 10.0 0.22846340767396048 5.725373341637536
637.262878955729 3573.6044378790366 10.0 2.990181932613192 3.4999646099776287
659.4541108861112 8864.015802492535 10.0 2.287225798406913 4.785420998970732
11.648510960341918 2098.5101320042377 10.0 2.799249543275178 6.149560068465004
6.427759343721751 2158.837568589341 10.0 0.7720205915869747 5.807472517633565
446.5931155185597 5152.0069858045445 10.0 0.8644170765904686 3.152286069868494
787.1283695675106 7593.303717119647 10.0 1.8904676563683351 3.2765023645098053
38.25231476728486 9633.031863829468 10.0 0.32072245419856804 3.686075202112759
757.0038645520215 7672.992041413156 10.0 1.2109215134562548 3.2964769727869445
897.653643942178 4712.841061903163 10.0 0.899907195169829 4.936533805655268
995.3382116756436 1073.126403187573 10.0 2.3275932031567077 1.8832853183528797
142.66366176166767 7760.921691550865 10.0 2.8755538654551414 2.427255435535198
485.6281310104961 9675.636494237944 10.0 2.333587447436684 2.794875384802183
513.0630978135276 6096.711834639599 10.0 0.2552109353853017 2.004146817607489
242.8957525075288 1451.551540587349 10.0 1.7427170930219131 2.666506642221595
518.8860963139306 231.18567074632224 10.0 2.4035083491299947 6.009377413908366
23.09349935623284 6102.794675557231 10.0 3.038576185793179 4.736720491847813
282.1799471597256 6762.372035971784 10.0 1.5435554933820856 4.300023894592726
899.7576275552543 2877.4390830272578 10.0 0.5138618277728829 4.639903614557664
482.34137109443196 1588.86418033515 10.0 2.2896454672943234 2.3372782876064515
243.0664978276298 2472.4886885352494 10.0 2.547445032985189 0.12626741868691763
65.18583186508108 6605.386574764463 10.0 0.8134262189702272 0.7623613758702077
886.4597938501009 7438.245468062582 10.0 2.5883845152637925 2.7426384168262334
625.9058900363343 5544.478248451554 10.0 3.09302557381701 5.808903708868336
515.9752323168025 7998.326822707836 10.0 1.2554391287370752 5.945509669979479
626.0750787895911 7128.358731103846 10.0 2.8340137934153464 0.6758978960339079
567.4585541236872 2699.3929284257247 10.0 0.53366260005675 3.9186766392489
854.853308922933 6195.036304379142 10.0 0.6577081901918435 4.334870748040298
166.803528458499 5804.651904876634 10.0 1.7908010757889357 6.14212995035666
794.5503504348442 5962.720837239694 10.0 2.424463335579848 0.24052987908887433
898.3778857425245 5845.198167709636 10.0 2.422504272733703 0.6128586719328791
800.7033606546512 7096.606795470311 10.0 1.3184324273055419 2.7901991432137048
436.79147162468155 2243.2529259114044 10.0 2.4287199808798 2.4013882477901904
256.8247753346231 1742.0854963471877 10.0 2.512758761190286 3.1605929742121774
327.1630818665598 9421.365690316767 10.0 1.5931137760379352 5.356222907447478
113.97701695441353 3188.450783091845 10.0 2.3647006923216733 2.6769859714986866
449.0419499440016 311.63912389659873 10.0 0.1386808378883563 1.914350624244328
475.33004608014437 4327.1606918697935 10.0 1.3800014431647298 4.148624117562727
949.1404291602286 3679.0428799471274 10.0 0.8101520040239518 5.068908862198117
135.8579492584905 568.7169762883016 10.0 2.1659144941040065 2.8210247802842554
678.0337144362318 2172.8754060350943 10.0 1.6944155154473073 1.8327193658833285
237.33111827928553 5382.226179739953 10.0 0.9263617933848983 1.3170508349798042
415.98339144258944 520.437944212524 10.0 1.291500619978889 1.5850543678603284
448.7599982201753 9121.70166185482 10.0 0.6876552306078955 5.394405770095786
423.0405166773984 5776.982760093589 10.0 0.4349571705250453 4.967784946283408
332.4467579411592 4303.173920192393 10.0 2.971980271239617 2.9002858340932436
98.58488949461419 4045.999607789904 10.0 2.1538238957747997 3.311199217509237
805.8011510151899 2996.6676448606354 10.0 1.394682771182545 5.272948781614952
785.4565251612908 583.8989615238698 10.0 1.9290014653489518 0.7600512216474159
859.0767046958365 4497.1094944320275 10.0 1.4468000380813109 0.032896701794045496
3.835788782336702 2703.16011873571 10.0 2.4229463812037655 2.5757167497877917
939.1836762715328 3938.2291286632944 10.0 0.4034865545050306 3.569174004849825
650.0281023137336 7388.00188593996 10.0 2.7239997532960207 2.625723854995847
659.7348175498687 5013.516517813214 10.0 0.31446153691864853 2.9732192700920947
945.3098707673463 8036.640301362571 10.0 0.8966575867579558 4.6427183006719766
747.4804240743506 2468.2964994432587 10.0 2.1542959910238197 4.500104275319602
169.99163668581917 7244.196991573046 10.0 2.2905962214965525 0.3083909193252405
385.2886427618618 2526.9844220593664 10.0 2.2523870211700876 5.683933307989205
467.8547290110789 5040.31762425378 10.0 1.7139251499823074 4.717872626676169
361.8275816184748 1919.5851130782405 10.0 0.341494290958329 5.014679118252101
256.11779540454626 4495.565767954548 10.0 2.6093160514527627 0.023491673985976097
688.1051579689446 8671.497296842987 10.0 1.0747782462715014 1.2917122036476751
26.08920847109686 9110.655122747205 10.0 2.068571372816157 4.052328423937113
591.0233704185636 320.68607270050677 10.0 1.0714552392639745 5.455112971887448
569.6619659128704 8902.577162484078 10.0 0.11189303970314532 4.740719216879585
44.10268511355042 7726.286249417671 10.0 1.4604726239750454 1.3020590332362394
916.8069186027784 4601.695720742788 10.0 1.3373219317768639 5.4544778865021994
245.5333183761993 5132.699071442953 10.0 1.8540050608768543 0.4114934209142959
519.220909350904 1873.8614633416628 10.0 2.963960266832786 0.577802878301382
703.7092925454772 9653.24416471501 10.0 1.5830070129404639 5.162250113543274
465.2859916297721 9981.616661921404 10.0 1.7770960603419037 3.917526116612486
840.4016373173638 5837.4291630191055 10.0 0.25493732076542885 3.1766945978784182
761.4957522381395 1798.5468622616274 10.0 3.003268289825153 2.712744858880967
271.72718711032604 3485.9018973309253 10.0 3.045540814658451 4.995392975193439
965.5052871488912 4590.846658078309 10.0 2.3623345069176516 0.6371990989541625
177.06874325319478 9377.143809352545 10.0 2.3644491750647423 0.12904841816742155
705.9610854886945 3480.158175627519 10.0 1.29359998418771 0.5932860126080499
416.1034762039292 6069.9690991510815 10.0 2.5675424867650736 3.5144443296669077
874.2666034851925 2001.74731919308 10.0 3.0411251206122834 5.862072032471655
304.09519503550484 3445.894452086703 10.0 1.2363707537587385 1.547183867510186
523.4405209368688 6672.078692463538 10.0 0.9005838514718226 0.3639384660477198
205.60724763870263 1155.4357338076504 10.0 1.551557120038599 4.275488916992371
759.2232310733677 4979.8543203818845 10.0 2.131366353035502 2.3021830607265548
356.7918800437103 2632.4002982950524 10.0 2.267206072799045 3.503067733379871
158.58831049224042 8714.573584700536 10.0 3.017721565943176 4.289359038465042
576.4127065516038 3840.235395554541 10.0 0.5433299927504212 2.544609324538334
500.8148404148668 7046.683595644327 10.0 0.9941355470590826 4.184417488244401
775.7562308363317 2414.4927557697392 10.0 2.8380026394884186 2.204917268548881
846.2772737934614 6273.376593350166 10.0 1.7302401948507757 5.713879849417177
427.5887642344633 5365.474679392014 10.0 2.1472336024360397 5.052682204052292
248.10850344507452 5644.0993546551845 10.0 1.8470953756711248 1.4679542710127844
404.3150613629338 6005.124615708019 10.0 0.046477742469607515 1.0997224492412014
631.8930269101717 1179.838873000022 10.0 0.9787148602654772 2.69878975048378
845.4947883140508 3262.220928342674 10.0 1.9766433754233095 0.09828450038962257
628.5459749704144 1900.242954025574 10.0 0.28873417255168504 5.989667832013115
964.8732553267024 9049.941077070042 10.0 2.9674557519754323 1.310601692834488
395.53441523548406 5372.640665182102 10.0 1.8861822390223468 2.0630308731057596
957.0825068312912 1849.854988895574 10.0 0.6259870468195077 0.5208229478671911
711.5973310329242 1997.0262738180388 10.0 2.3785709486400504 1.6191479788157113
414.16901450281665 7176.41238909057 10.0 0.7469304635451179 3.683324215219368
880.1201878219429 9941.06513006227 10.0 2.8602459817026324 4.402534812872097
912.1044014957606 8085.985770868769 10.0 0.5361504391729067 5.60584722966225
226.3207332343078 5139.187587658795 10.0 1.8706752981891759 2.6268606406416466
677.4351976260369 1394.5301236014063 10.0 1.1978847391480434 0.45084975048673154
223.40192061153786 3269.8339639217456 10.0 1.4746003482583023 4.645714596872837
494.22812072888354 7767.926537184517 10.0 1.8904078683308314 4.444659400804342
532.8285201851353 3124.9079147903603 10.0 0.8527080527906614 3.495556374009026
261.46690630970346 6349.0652145193535 10.0 0.09699368217512512 3.6397767943778736
493.883285417319 3285.508006180223 10.0 2.842359940549445 5.003522636144548
861.0572179696339 7085.736127306784 10.0 2.253265524898275 5.040256915385187
847.6594696170038 6517.992249907153 10.0 3.104647017925658 5.528892590187542
246.5954297548515 6423.388584063609 10.0 2.133529515992512 0.2629556064005481
730.6453442816486 8804.446651978778 10.0 1.4944737224027294 5.756553741625517
913.0582077921637 4526.819377393986 10.0 1.5230144623789361 4.336608313262792
223.05746212565302 2421.6114239430785 10.0 0.5975511404897563 4.01834239834669
157.5683619849312 4694.8553242780345 10.0 0.8334835509773991 0.80267637680307
987.078442905796 4982.334042443761 10.0 1.1658719533609179 2.1535279753830268
791.393842977806 8132.09217609082 10.0 1.202418319267169 2.843817121747708
780.1561516642671 8853.60824659563 10.0 1.8270484186995295 1.9418342449417973
213.33588415554982 9741.749379120283 10.0 0.7111117539066389 1.9136525677494813
878.5199059387509 7865.263166440777 10.0 1.8035118218935857 3.1291157156074694
4.662470980426381 3103.7086972675697 10.0 2.6999257151497913 4.168915941547642
696.0702164816669 723.3639817787629 10.0 3.021379551469472 3.070234464839487
455.7435472153629 5301.792526913876 10.0 1.5372907148045671 4.717467201768216
133.7984505466674 3042.3865909980664 10.0 2.491007791677374 5.867660099441833
684.54398387518 4764.351033224312 10.0 3.0906101747887367 2.5938819193455
444.89246779907535 2410.2297008587316 10.0 1.1841652365438322 0.1896344672900669
257.13101102573233 7782.214906448408 10.0 2.8441479388143907 3.8654815272575695
650.6844912484968 3400.126593336088 10.0 3.011086715101587 4.752612387563982
470.3516688866796 1868.0810048426044 10.0 2.474004778812194 5.824762708657079
792.5975985364189 1943.5179688186943 10.0 0.2772117123489188 5.563332781914117
706.8372689303723 6621.388651349816 10.0 1.9624296331872684 0.7772814061413295
555.2468948113475 977.950133427149 10.0 2.475072019184844 0.14416232499517992
522.4905182901218 5262.754670225304 10.0 2.5084793160872785 1.8057291013607608
45.85186428300758 1784.059110183054 10.0 2.689372558491047 1.111398896021789
376.6119777953734 2502.023366121995 10.0 2.870364203138273 0.2139557566728131
765.1158499294507 7925.7047182773595 10.0 2.8733781531501688 3.843469018823354
164.8217528162088 6903.999457318691 10.0 0.8345492692592489 4.686533893362599
54.72919570149482 1207.3175098473544 10.0 0.12863339176724217 6.228155731728095
964.9330499817974 8415.924114412024 10.0 2.867300677071756 5.894170740656673
556.652127358212 1562.5174676109132 10.0 0.26825553906783756 0.4027895682687433
655.9334766034791 4220.754144034341 10.0 1.8074680625568162 0.872600177049554
469.3335859029233 5288.073089714348 10.0 0.06573593364558172 2.4853902808444945
320.2305892072279 8580.313037086096 10.0 2.625213174152503 5.728263372787335
636.022499535349 8537.256412381186 10.0 2.898694874232379 5.653173220164417
589.3178287764998 4832.3699722371875 10.0 1.1276025208220724 5.644443527297137
750.3274920225361 5486.6631182588535 10.0 1.3355420945011904 1.1062241082848379
343.01705853757136 205.71258845938468 10.0 0.34816509347870594 0.07742643300745307
214.18138674434218 3090.554249626105 10.0 2.370062934373119 5.679830339638207
422.45413246101657 6617.2759503378265 10.0 2.4880550460089865 1.010166007444812
433.36679488873807 6836.787705782657 10.0 2.1483447757320824 5.023825073472944
266.92350914575013 3115.3898691391933 10.0 3.026455349195738 0.7813569730709878
585.7588862823915 4418.395671254859 10.0 0.0302308618929697 5.581436490674349
634.7983914133513 8133.205736785864 10.0 1.8368840254205852 2.9768419565264637
147.4418175963057 6734.877569749166 10.0 1.2412161197680327 0.6134413312433304
818.6423541250301 2216.367196382032 10.0 2.949166814018127 4.095958870671936
711.8548642579119 8137.264914004672 10.0 2.138397550583366 2.6594088566406775
14.67909701114445 4388.98707303977 10.0 0.5149776484376073 3.7717889785144436
887.124604149522 331.02414470358775 10.0 0.02337570799447099 1.0889111027683933
756.7761583657585 7821.991088854955 10.0 2.7273242340444437 3.5145458587250284
306.7394452936951 6850.858522456671 10.0 1.105367979032816 0.2760794853468244
575.0991891432487 2967.8938405190424 10.0 1.7164895038150823 5.783618307980617
38.72255503278576 7521.472260296098 10.0 1.0031890005993358 0.19197304692576542
289.59280957396214 8826.066445829536 10.0 2.4338621665243845 1.6318409544514971
928.4597138712232 4818.358482233418 10.0 0.9247486413850116 2.6915087323110183
598.4443721644515 5502.560965056123 10.0 1.2674087704896833 5.851396030087923
660.3381589383715 6542.675014878917 10.0 0.9260000894617091 2.678793068649936
871.6868841672906 3728.552121012363 10.0 0.6966818886564495 5.342807756359729
573.3526347667143 1724.2686291045861 10.0 0.40126549569714187 0.3037131647479528
310.09748044121955 9501.46075323772 10.0 2.5673959834216395 2.158543987248891
515.835096322825 9166.911813252817 10.0 2.184744017106025 2.7984055369634713
879.5472602023684 4512.819157610734 10.0 1.8908163690491044 1.23472343664007
274.4641851283194 549.8138124600993 10.0 1.7204427604153634 4.982570919219607
680.959362875046 5526.943119327162 10.0 0.7170126323628613 1.7403334357908122
362.7106030332833 2499.46859998755 10.0 0.09183659770510816 1.8692561008587383
666.0309996852986 8374.471759139406 10.0 2.7261652079783314 2.2786765911941207
203.87495896479157 4545.901738644943 10.0 1.9481446145280006 0.4089196127604991
858.8758915226264 4724.837542099393 10.0 0.2329944836825193 0.3306378980130786
993.8739673438498 2377.380362822018 10.0 0.9902147462016041 5.263588353186639
493.7435077158987 2301.7304744277167 10.0 0.6423001592435734 5.599268593356254
778.9316405485997 8307.645929533732 10.0 0.4467010958411268 5.339183375060394
728.971071961121 1705.6171241176366 10.0 1.9489180329181586 0.5213884539132824
533.3313317653794 3369.735980649997 10.0 0.5176915564764409 1.9412632042584907
847.3248269046351 5507.378118367725 10.0 0.4483971041193669 2.694185194485461
272.3851290444483 7950.45300009467 10.0 1.7872664873967186 1.6097106320720451
102.88666518044099 7777.126020050451 10.0 1.5127624797627421 2.2612893518265693
485.77682198041373 379.5468317017048 10.0 2.1352390057642494 5.072829973268442
624.6423874372254 4712.267459827917 10.0 1.9295337825444074 1.262934576960899
426.43460655804734 5387.670902181654 10.0 0.021243133845870465 0.1993826139017775
36.9279410229405 9528.86911644206 10.0 1.0521625457948758 0.2513099909696032
40.08983153991175 6847.17566014836 10.0 2.0917713238693185 6.096993589361977
706.8897881038116 7280.393284435658 10.0 1.406077572048921 5.237677731635606
570.6780636951936 1709.801040280945 10.0 2.4302351302885814 3.4478577456216715
779.1156302257474 7767.863739418564 10.0 1.02062938929284 3.9449181823063597
126.7385889816509 4555.330693018712 10.0 2.0864850465756897 2.433703188616561
407.5919137665108 7205.524734409077 10.0 2.5337727189740895 0.1400391378735098
743.9689026515524 4665.271502497575 10.0 0.077547549380204 4.801122971012293
845.1441570221141 1806.0546569287162 10.0 2.0698699432689023 1.613237926670519
729.0899552162281 35.61971751533055 10.0 0.9340704418437135 1.4634901733444956
300.51642651824363 8949.400682153208 10.0 0.21621302713571655 3.454160177351093
320.17893820810616 5242.774610531174 10.0 2.9709574250101007 4.093202076519438
723.2462491593393 4099.290512874117 10.0 2.811037946230051 3.5636162358259567
948.625488433568 2576.6677695151343 10.0 1.361109193095091 3.9146478723606215
926.4912356520721 4131.489553230678 10.0 2.032348115154978 0.9452117331499372
637.8676103677534 8355.163796752186 10.0 0.03588160549165841 3.806502060004056
707.963545353648 237.8637047856036 10.0 1.3188979953526667 4.29037249305143
324.06378398051794 8833.79850775998 10.0 2.088528575210446 1.2157725066497427
879.1285201357504 6070.308904841217 10.0 0.785226134784453 4.542817287230199
133.85729687435176 2624.917482476513 10.0 2.5493716762893524 2.0187614208082527
362.8237291732541 9288.612736470339 10.0 1.949698925459345 4.9294010287513705
904.389051956626 9040.275622952813 10.0 1.903649093585453 2.5216284006890928
769.4547447979454 7176.308857629233 10.0 0.27373402805088326 2.453122008402669
480.7151950007798 4271.161389270885 10.0 2.9597289150088657 4.027748712199009
111.92369016070414 9488.586226065734 10.0 0.769219309384963 4.910439629295125
575.7858654728774 9820.10823056708 10.0 1.5846593706988066 0.30615100026902
569.4470949092191 4196.318263232469 10.0 1.6103516444020511 5.703028675667725
228.1410946031851 98.2550202360255 10.0 1.458981784014078 5.5298199138744915
460.41906237179063 4290.27043214538 10.0 1.427263325609724 3.647708148058309
142.48029564022602 8602.418980770739 10.0 2.106721649110186 3.3278851364054067
834.4761279920986 6309.553086031006 10.0 1.9211988063763183 5.762636824366237
448.26161613612425 4585.941789726969 10.0 1.34805945578778 0.7594131529360633
343.91999877000467 3758.3782862201742 10.0 0.21755111420572137 2.8441390238300124
661.4871725176013 4637.374214912567 10.0 0.7005036993292484 1.8793765375847746
304.65454600268583 1075.1864775560216 10.0 0.7159866945104776 3.467107967112804
884.8306975617573 6081.058852702799 10.0 3.0397893096903 6.164699676060242
106.79309952013915 6318.201943291476 10.0 1.5840588914765559 6.267608129703748
531.2636731850652 1613.6760940650108 10.0 2.041897921040676 0.40899840084762445
385.09245296225436 3231.483002249894 10.0 2.932298257434001 5.565400678636123
106.33624819670983 7090.812370652902 10.0 1.4121093700693077 2.2300200755482646
609.3697549513661 5855.527136822685 10.0 2.8127542082977723 1.2912017014222479
834.2691549857335 6877.618264245449 10.0 2.161425292788254 1.2762876945037493
5.058643553419007 1346.49381082798 10.0 1.3754392461469813 4.603838297528307
163.0130514529893 3677.6129241874664 10.0 0.6486610118133124 3.9318137002095055
964.0605977159804 9168.110008681537 10.0 2.886595238650359 0.7373358253610587
433.43119668355814 2253.7031956707665 10.0 0.0511974102544502 5.614232938728009
356.048213253521 7320.315368945294 10.0 2.956508451838387 1.8347697099225917
247.76205803398744 8955.475170111591 10.0 1.013669509597871 5.359036263492147
400.3762206060069 8768.716935593746 10.0 2.517073833796993 3.6540599640644476
322.51791459219646 1466.82335671359 10.0 0.8411191072842698 3.0241836544923646
8.756586862775029 3738.909431488089 10.0 2.910111282976027 0.8936923229743103
860.97570450712 5687.979135279787 10.0 3.1142056504029227 2.7015874299969704
758.8542568852127 6039.726830567352 10.0 0.06468919247700067 3.828841397166609
730.4165015209022 9166.001677706012 10.0 2.6903519216207443 3.510453736244543
908.9594066336358 4079.487615251609 10.0 2.8102933417642695 0.5191710636399278
979.2696670350339 2987.7933707482753 10.0 2.946290689941184 4.500561941217423
113.89260706969462 9739.294801700682 10.0 0.6271129356050386 5.199128094006141
479.31810029614866 6549.69972374691 10.0 0.38075946572980857 1.6988781665461568
752.2991517193122 767.4557271266469 10.0 1.6988580536446394 2.023516249382663
728.120804396226 2117.762424916696 10.0 1.286789344260853 0.885991287652033
25.4888792122594 4859.08037212359 10.0 2.1667298585306844 3.31898519357283
96.80885539678951 8592.682475147732 10.0 0.8999476650850768 2.1446186397286393
237.97755761885432 6084.924180788374 10.0 2.7375704606694202 3.2398877124577985
58.41134244913482 6393.55572993278 10.0 0.7275541270568758 1.7578166963298738
919.8862289551182 6833.536163252636 10.0 1.089054786407416 5.138434298630232
181.8671650545013 7874.450369847036 10.0 2.319211790515528 2.0566646924945444
701.3546626332612 930.7757847081832 10.0 2.3975235436346765 0.9369715526774315
926.8792627868025 187.87797586581112 10.0 1.3473941265139109 2.538425847930179
99.12530877824821 6100.759947086646 10.0 3.1348590830573886 2.272496324571918
524.7673051828593 9.231380730578831 10.0 0.3690412046416475 3.695657394892253
625.4538182309346 6432.302002853618 10.0 1.4555751258116691 4.842825027860554
480.47511164894695 2036.2438783752812 10.0 2.875851002583233 0.018866766684631733
879.50254251026 8014.909844025228 10.0 0.31609838598601403 1.4324942075133746
480.8892388705336 5677.536480618245 10.0 2.291828661205502 3.037963908014252
531.3731178078962 3408.397182757732 10.0 1.66954061441479 3.5876264953998125
744.6247746060229 6844.314583159946 10.0 2.353207097895193 4.8916616654338325
358.9345835407389 3110.180803565107 10.0 0.28943970511247985 2.063872549163373
98.43466359266783 4259.276632272642 10.0 2.418690844089564 1.829889294889244
747.6030277759301 4684.316934939806 10.0 2.269307514472443 5.087444971654586
315.39882051230614 2196.7965267511304 10.0 1.4238930013750033 3.846334546621188
313.22915789973706 2716.3446775542375 10.0 2.9240335920444154 6.013536266719673
500.04931849218394 4068.4436131093717 10.0 2.722606332201303 2.1913249734111906
558.2501986269087 5257.99895004386 10.0 0.9762621232936071 3.7141759480380876
555.5878410332891 3767.9022321096454 10.0 2.8429421055680044 0.03294672188125897
721.2619569282887 4925.851576323748 10.0 1.0325519312004945 5.819633370829444
18.3515889839152 4189.35236492898 10.0 1.3788492685853133 5.7599777519093776
230.1677018424646 5317.947222270439 10.0 1.1218225555028813 3.056939311737153
794.6841806281647 4833.375348706308 10.0 0.9078813019059199 3.0883470238331068
419.0599744207205 5912.4946683660555 10.0 0.5531021617360811 5.030855718679676
585.3672820216968 2914.4464332925013 10.0 1.1689992266828548 1.6682217502025696
418.9913573728758 1112.6764753520379 10.0 1.3031357012363034 3.168755178950053
32.769885624039595 4884.076286301561 10.0 1.9443734004167894 3.282650422401066
382.7909529626312 1601.63790201852 10.0 2.062553440947025 4.581813655300166
875.8707135894471 7783.665229941919 10.0 1.6002107977819517 3.0428277726710156
454.08230814736316 8671.721484937912 10.0 0.5626588969954398 5.705571113200566
648.3108351289794 2341.1313481506268 10.0 1.0181835166047228 2.042579589231572
140.65920023485802 4692.004488484279 10.0 1.7407397066102865 2.3483733638450452
704.6319817563664 2225.3751299222868 10.0 1.4432803849512026 3.22227625156953
2.3759235721814154 5378.207199568969 10.0 1.812868142223919 2.4001223350680156
609.8572847518794 6372.644395058737 10.0 1.2672680780127807 1.4622960722147622
813.7075145131139 2029.0296479631231 10.0 0.7899644846496079 2.741364411703163
177.57058175844998 3798.8606036094066 10.0 0.6939370160074374 5.629689994597854
611.1369947636053 4392.98286399238 10.0 2.510517567554494 0.277699893919627
691.6504431495525 2811.9699226993157 10.0 2.0265581782479534 6.208796425204216
285.52543543012865 7329.775011189206 10.0 2.8894555448929187 1.7811384433897643
96.81522154527977 9038.380822566904 10.0 0.386559046407239 4.779276757729745
629.6210501524533 6930.316792054656 10.0 2.425581229877184 5.074009478819421
193.1354762818076 9177.550904956406 10.0 1.2985315279409895 3.2643535884999486
0.8638721543609007 4259.405644951091 10.0 1.2555658487498154 1.0600540844325452
119.66984524267798 9898.786598332092 10.0 1.8311149747990632 3.2392797792218357
9.641977724665129 7385.155290946068 10.0 1.8013388126677314 3.6958274718829904
662.3807084065162 3794.316262390738 10.0 1.5739985512299743 4.329005120205695
893.1556992033458 4859.229329065059 10.0 0.8608142892678053 3.4689981119650697
171.48594648760874 6802.700857880274 10.0 0.5609378694164636 4.861178899465782
485.04591664503204 6311.94387415125 10.0 0.9011803383747923 5.414712274801925
123.40298256176763 4016.6435437648497 10.0 1.7243429159903438 3.2282350109549443
940.9428488829029 8326.299500412048 10.0 1.9843386535469747 0.11272108686380843
612.4412237893906 3289.2612401571673 10.0 1.6948719204999243 6.266288547956715
630.0914108134962 6255.009198484069 10.0 2.512925634493514 0.42210360359922683
307.399456206593 8552.881530715078 10.0 1.6687534681573515 2.2638870013035475
853.2095352737542 5144.578660288508 10.0 0.07163184742074102 1.8210626988954264
658.2242277399341 7264.425037196883 10.0 1.7359194234523332 2.297717316541687
296.73569769415053 5430.506419072542 10.0 0.1318990756150886 2.25021856615299
387.8854520406484 8891.438055482615 10.0 2.5376896840854366 3.835753565420737
383.6217662277437 1567.6657468441047 10.0 0.33276643660245986 5.300323153404117
554.6256035700309 3852.837299389309 10.0 1.2090369593382522 2.2960959504111664
930.8274825942276 4259.926523369953 10.0 0.5174461768211714 1.2711500262644564
719.7386992789839 4828.427890803028 10.0 0.7617820437007389 1.8913583929782989
773.673046516113 9453.08635501914 10.0 1.5260120844906797 3.880524271009181
6.035310653505266 4851.260540274982 10.0 2.5849889107365405 3.7919985989937075
267.2056545006929 9755.167294976674 10.0 0.5122786930894504 2.061762031374603
82.14976421622156 9096.88495878519 10.0 2.7897070099687302 1.478267515507267
824.7365030978294 6448.144239359805 10.0 0.7631269413134849 2.017856131339201
357.84615423535615 9783.568052524206 10.0 1.3442376296585707 2.154873526058497
903.7045320703098 2755.166640673975 10.0 1.3768538959402217 3.2627146244835856
925.4787371353698 6097.535058983494 10.0 2.3155707677640875 0.4254823687555179
99.02297802255156 1527.335664333136 10.0 2.057560744912183 5.277973459146122
32.76371134027389 3557.2980783855924 10.0 0.026002690270565183 1.6409646044852135
254.065185287761 3014.099100233706 10.0 2.51932400613287 4.754616550701081
122.01810850604578 9731.13380952917 10.0 0.12641567605044599 5.4105465258122045
749.445647761776 881.3271236823861 10.0 1.9120346289802221 1.50810796999109
721.0222857830852 5721.772932423367 10.0 2.8509871155899233 5.849074692878996
379.75304885866177 7141.132633277399 10.0 1.3245933613321828 1.310605621777667
720.6620952424298 5332.364660420032 10.0 2.1671994496120432 3.8725489654267498
478.39075918623274 9157.494268154369 10.0 0.6401820607108135 5.454624852451171
824.5072871618953 6327.777637619576 10.0 1.9133450295666479 3.2921340215393555
200.68189439269213 4391.750824085419 10.0 0.6532791539989179 3.566057068893863
205.4819625355333 705.3001827183725 10.0 0.5356359336884917 1.726767546992605
125.39454924475646 1052.0240532555913 10.0 0.15234355721497475 0.32161457230969276
654.7837730636088 3388.8033647534544 10.0 0.4949846563289632 1.4916489328764018
584.8437962983978 5310.635512467154 10.0 0.4486315631885493 1.482421279652023
758.2077659428743 1260.4267081627618 10.0 1.8095472680171607 4.358838593619915
383.7265793126281 8253.57958549649 10.0 2.3426815366968254 5.60678300858442
885.0312960428589 6943.852918343101 10.0 2.816371562909066 5.922472986490811
816.8456799855276 8226.112905430291 10.0 0.15495020379081414 5.3936731979104175
24.616267866402698 4253.230307537028 10.0 0.6049658007011761 0.5887141718376299
145.87923834023087 6738.526847559942 10.0 0.22363458327253852 4.179264413074538
755.8848691098302 4721.808045632066 10.0 0.06896237795872986 3.498162485591842
945.3518041743943 8596.161307004031 10.0 0.9519232844397821 4.414149410968034
884.8251252762207 7124.34552340671 10.0 0.46674757873853856 3.0114796978424634
977.9634371537616 9417.725016027565 10.0 1.0776179611240697 1.9179185706855928
535.182414805426 4407.358941149863 10.0 1.4239553277567587 4.00398830565678
509.4327510069666 6205.983073919446 10.0 3.0924994872221134 2.428996618711302
727.4933561306808 4941.267080740401 10.0 1.9810838358117606 3.343365595250404
223.0106652713486 9134.877018902544 10.0 1.5153591392559866 3.1402178925022195
731.6182135760382 7508.498703561254 10.0 1.632411064067122 4.389123151093811
143.8204992765969 5217.136103281208 10.0 3.056682696495972 2.8619344196362198
727.9280323387957 1941.624202886969 10.0 0.5214123072878648 2.9941758563211343
233.1812239700659 7016.445473829583 10.0 0.8346652940870734 5.494283367659792
562.3028357356625 9825.576113787523 10.0 3.0264676614843977 4.723301960382133
563.0697670408995 2068.231483247428 10.0 1.5168231855908791 1.9105920361245317
630.0971620120584 2178.016117298317 10.0 1.4817091871691037 2.627206681421003
230.87871756022494 1173.1291641346443 10.0 0.8433442631186978 4.889290430164677
174.2290727276168 3521.915749602342 10.0 2.3862603506985707 3.5613230695361113
424.625720475329 6227.190973724069 10.0 1.6940528023946506 5.957381263841954
532.5489621713485 4264.411358700917 10.0 1.1608833874899096 4.113729511923601
298.7707954163679 752.9026603876043 10.0 2.611220082882046E-4 1.0394673884676224
119.64436687476376 5795.996123476388 10.0 0.7920086980957024 0.9897258419233462
570.7977583948131 8795.067371812018 10.0 2.8182540002596097 0.8992773746825639
178.23718663279575 5224.110050152233 10.0 0.8425152225606949 2.8908909581270854
998.7161820178624 345.61871495886743 10.0 2.2948814396404122 0.4800934365068548
585.3292851328226 9155.193964803642 10.0 0.3329569091529882 6.214052157660261
149.639782225374 3961.428730582265 10.0 2.828728695707881 2.2018030721839352
248.25294865685999 8439.26625625561 10.0 2.233660335913197 5.280547079580989
119.59794284503533 9739.171417913138 10.0 1.5953945159444745 1.3475328378317657
875.7824019252172 8291.088164504215 10.0 1.8103332371080274 2.562799384002484
114.73636282987188 8311.30352545276 10.0 2.46158632544893 0.3232521677383823
159.46258387520706 701.9758474574667 10.0 1.5414787689781941 4.79558830541211
54.06293397678053 4027.225702175804 10.0 2.7264721537188437 0.7640101071681575
650.3113600914628 8556.32807586946 10.0 1.863533176595035 4.996552722974791
603.8955715976699 2983.688928835342 10.0 2.8698679004866765 5.712673635215069
866.0517844633819 3366.9244365029317 10.0 2.6080411155422842 2.256755003105666
304.1676067529942 9068.504480792657 10.0 2.3076434430519503 2.8359782228704176
414.0301173996739 1043.063563946207 10.0 0.5150995828845044 5.9187709419006715
696.7477232895823 3681.622416570123 10.0 1.4887972613363494 1.7444652517233266
164.97620572495342 2605.599186846079 10.0 0.4086265442028147 3.746498859810251
615.9299663361627 7297.64198445059 10.0 0.03812038114415155 5.2749290949032765
762.7625499865421 9262.938070058779 10.0 1.8557409412165826 0.9253803986784941
51.250589431649615 3533.813949432547 10.0 0.2833243923098226 3.5099120813256257
5.317956491264986 3762.0633754276146 10.0 2.457753125939956 5.824668271002854
242.7878257331335 8887.598307370323 10.0 1.1581659469977403 5.481353734263305
881.8523158672426 2428.642977835285 10.0 0.015406222473737439 3.3869876457109465
919.100702278131 3807.8422314859617 10.0 2.81601694624698 5.695780308634617
301.54871094426903 4810.290804093622 10.0 1.72914415496155 2.563535006653156
837.9633627276488 3263.6358321233715 10.0 2.233022973593932 4.100701067602544
798.8788816577159 337.03573942975186 10.0 2.256694290190188 0.7398225407358515
40.05102501519442 7474.913480657817 10.0 1.70609642352147 4.903928162314053
750.6987638596117 3913.0677337533616 10.0 0.04979781034467613 4.977387798747859
475.7338083602912 5968.8592470068215 10.0 2.6709048048658546 2.9097444755594664
890.2797944657144 4853.820346329825 10.0 2.7968006107861454 0.14026672371877486
915.1348317431142 626.1815939523674 10.0 2.032711709952092 5.305751608904066
153.43258806351201 6082.451537934271 10.0 1.8575483579817265 0.5900571830853528
301.6084979238357 5881.317740365574 10.0 2.705139356934931 0.1749475380526216
141.87928090700075 2999.7890271629035 10.0 0.03498471177259296 3.2617401137526993
958.7957748852322 6740.631867968283 10.0 0.5718381731276009 4.489869307764904
739.0304098156971 3941.796283029576 10.0 1.8840633032139498 0.7952314167192277
311.4120684071744 7782.668850321442 10.0 1.977633829051678 5.473977982985898
663.3230912903083 6638.628972296851 10.0 2.2076856159239333 1.3401357038186412
29.92440079400538 8804.526263064376 10.0 0.9774141644505236 0.3437517451268683
994.276241702649 7589.3384552101625 10.0 2.8915919870284084 3.22196270183405
759.2740184546498 5278.406428600674 10.0 0.29445608674886364 1.7237394143740972
956.4195368170033 3766.288497299812 10.0 1.0509352735337112 6.175762597606294
841.8005994640769 4282.412520853453 10.0 0.5040665347968752 3.261332730512192
496.2520228638736 8563.346037750387 10.0 2.2024093723578475 4.19385086328409
694.5243849716355 9069.649365698657 10.0 2.1243292078487355 2.069774087394361
437.38678685067146 6401.908233194587 10.0 3.005458115546754 0.852870837667371
750.9425769482382 7939.693633251403 10.0 0.10770261384206159 0.2695257570200961
249.0380379145476 2908.8299701923293 10.0 1.9988256858841165 1.5916441084023207
127.49587165249466 5576.493983108213 10.0 1.2780941723674373 3.7167013799282405
713.0064784106943 80.31294766502216 10.0 0.15473402026557753 1.813909847065635
424.8620152001572 7516.7634000285725 10.0 1.795654658205162 6.162131904571932
24.319681619766385 8345.818361877518 10.0 0.9822619111170556 3.8272172814125613
324.23197494549584 912.9291240360149 10.0 0.7470123447981832 5.204100775131687
110.68346652646166 9946.06764799889 10.0 1.8473413652976025 2.9522564447750748
888.7253969921271 7254.699357684147 10.0 1.0803569277646432 3.720799909730655
205.90036815471947 539.1921932474497 10.0 0.37811345708782595 4.088226907661111
730.1015023354611 5213.311930950382 10.0 0.15566548593244786 2.304839065696527
962.4119315190563 8449.094613006017 10.0 2.9106697159657515 5.926934871349407
450.921607666549 4272.5237339737805 10.0 1.2400940457731413 2.359303658991026
638.1206222036933 3470.0851126160683 10.0 0.7244571709532994 4.676442006229721
22.31943079008014 2310.408854814582 10.0 2.6657321954841935 3.38654604240383
142.6477314517043 9641.85381260322 10.0 3.1241349190707526 1.6108448609419226
7.535850974046854 2796.0223698066657 10.0 0.6921342078425659 4.704428331943439
978.1836871740318 8908.843826641376 10.0 0.4401762395493687 0.333564231773055
791.373784994926 9764.996457081837 10.0 2.0607324049845235 4.545977172055405
360.08687308911715 5078.0851504441625 10.0 0.982876191141507 0.061869880519141815
225.72982684415544 1238.1288355752295 10.0 2.172932738460699 3.6355791992604907
52.38710663266766 9989.55333132707 10.0 0.8848916091775266 5.3775403500930405
351.358930257943 4247.02684732941 10.0 1.848019103092066 3.0560814302500208
