1000 10000 10.0 40
1000
703.3503919383735 6313.114690262486 10.0 1.0218430667589657 5.344308670005773
106.02798482406173 7130.870240144575 10.0 1.3139063653182417 0.35833525517701803
716.2606738459988 3886.1221406768477 10.0 0.6319405395410547 2.127251825353174
179.21509381889277 7268.354403770483 10.0 1.9753676840681214 2.0018823785553934
940.5754104033382 9005.721215143714 10.0 1.7135499294279242 1.1740741702783888
423.5102629673363 4908.875552065533 10.0 0.1658704011303955 2.6712425792224113
718.6106525655601 8589.931908843913 10.0 2.5163474980412337 2.2527339028573103
482.8741369155002 6267.024745219347 10.0 1.8568486989580308 2.963582126341727
72.91242620668459 3621.566770510444 10.0 0.0678134306191528 0.7947373375166059
547.9108874895576 1544.446060482283 10.0 0.11904673689564677 0.2842551013090196
69.47017220194473 8789.048689060886 10.0 0.4710634784397299 4.2810315110176385
398.3114956499113 6043.128264189856 10.0 2.4292251871556503 2.4548495258772363
641.9288981347456 7738.1897752105015 10.0 1.9378979710637336 0.863187467962708
142.6235833681202 5034.188795298425 10.0 0.9221784466033016 2.011824370287716
411.95598365148754 5848.996499902326 10.0 1.129346656329955 1.1957324297320922
315.50441731533596 5546.213229238144 10.0 2.5264848823588717 1.5410712636557071
290.9190769511281 4951.559583120958 10.0 1.904754874944752 5.849323465232424
242.61283080777463 737.2126830840875 10.0 1.0883640125736627 6.035340230989759
898.0313150053925 6895.09461449025 10.0 0.08267047432315534 3.5726567099617275
833.2966039415809 5014.263001403791 10.0 0.5680817443272895 0.363232386968378
80.12001442386662 5384.19435791319 10.0 0.28359597498561523 0.42765858103773635
211.2316071561573 564.8861721253406 10.0 1.258405883164196 0.6242933134505824
68.1751475162664 7996.355219881305 10.0 2.3295504162389324 5.9950733249180885
843.1687936728988 8464.236992220396 10.0 3.1316838688442843 5.841759633081094
55.83392182947022 2794.8412924034637 10.0 2.2749312239146287 4.949325682925685
75.94524919085777 22.158785307549998 10.0 2.6676926885414547 4.740937997285547
234.95757654593606 6450.946438524644 10.0 0.5214913327340673 0.42100026373576116
241.91585367285674 6534.170371406549 10.0 1.1405182718298104 5.436437429476214
573.4567363728287 3289.719545018106 10.0 0.8308661675602536 3.507773994555799
742.9614879320912 8100.443993129431 10.0 2.287410668892916 0.8736015538178012
870.5215629683493 7173.214676820201 10.0 0.541446109525575 1.9450698612233452
773.2300492800991 4676.841092404904 10.0 0.05911171506436109 4.351770184030809
874.4129327758848 635.3252228209993 10.0 1.35612348802167 5.3503473224021
590.7669018501322 5022.065120481361 10.0 1.9188449631236113 2.0012734646786674
497.9708589607258 8182.271739701205 10.0 1.737801718515102 2.1319572018212574
498.19045216210054 1704.995220566824 10.0 1.9956656998752171 3.6656757366609933
416.99652788100497 3172.798485609193 10.0 1.849990572975254 4.016296388113432
942.5695574995137 2836.2634676240773 10.0 1.3956395892602478 4.503654581086212
586.6641156335363 192.14469958417135 10.0 2.4997288322064373 3.859410827838799
394.65877803955306 3688.1368969760965 10.0 0.9721226312595322 4.204512415184218
461.1185092370501 7333.854633721801 10.0 2.316620447070436 0.7056328639215566
917.6478450305724 3866.76916690839 10.0 2.597553835922898 6.087448548754684
951.4154779731156 5303.485166925113 10.0 1.3287627091177585 2.582403754211419
585.5813932110664 8200.88092625498 10.0 2.3574972293483243 1.6069206463519567
406.96029278737166 2758.2764228473566 10.0 1.0321855462396772 0.7726419488766754
161.60560543588397 2010.9349987533599 10.0 0.713770748108033 3.9058928684294454
155.60113810568654 9796.845338456731 10.0 1.260599067358436 5.124589637280134
696.1974973287611 3922.8667217538514 10.0 2.0618240470941935 0.8508133320545589
387.53358963934545 4012.9687234166977 10.0 1.2308286048654102 5.335198643662286
955.5335420810139 1890.4316022609735 10.0 2.0256652451747064 1.1458644574364862
418.17233117053445 6027.512999997003 10.0 0.35834387700511666 1.174063433749641
840.1536686892719 590.2351727464106 10.0 2.459740849659127 3.1196230802493417
615.1464658486062 3912.577387226566 10.0 1.5058741535917213 1.1414824841812174
204.07681966203072 853.5054960776678 10.0 0.664790029513539 0.0914103412905402
524.5745428343322 8421.911220776186 10.0 1.2639407063906538 3.7223550603411275
734.5246155779649 4298.669551217501 10.0 0.641058714385198 5.848514298282625
981.7756622732063 3441.66822347456 10.0 2.9130219690387924 2.101165517245657
802.4089474473317 8828.801027089768 10.0 0.7398773766512612 3.654851910050213
241.5728911937145 8575.559684544221 10.0 0.5378668672662411 4.508614483398408
443.74017091927556 3157.995913389413 10.0 0.8245974717329314 0.24259355690686885
413.3451372447978 3278.4703310363993 10.0 2.93039402181877 1.109403030122797
882.1118648473956 1030.7425961683591 10.0 0.5806514164412307 3.384314679238738
735.9838693306154 4452.598029987544 10.0 0.19860009515983884 4.690216239889428
252.4185525849063 8298.347987875639 10.0 2.2406001458853404 0.824639146575635
477.91089911206166 1920.1808812590605 10.0 2.978970816491363 4.951224245335916
435.9624602804583 8516.480662736465 10.0 0.3595073928673047 1.071574061377926
497.31327715701514 8686.873063100473 10.0 2.1919464481307016 4.500851789604142
167.10586700814446 5227.895432875014 10.0 1.7516351968706487 3.339792678873615
747.7520317988368 5409.833213914936 10.0 2.7998808553138312 4.631467747053476
821.6249943428901 1594.4007085946687 10.0 0.10433557812209483 4.269954997834254
264.30036490083853 984.587233807962 10.0 3.0689900251515145 5.303188320578664
546.9218486537164 542.1319606333597 10.0 0.21641164465882096 6.105694730840792
415.36811454262613 3664.7271287299322 10.0 2.108894842138422 3.6523747077477493
644.2501499905943 1084.1931493484346 10.0 2.2396561969464437 5.147064207573879
455.36834469519806 9628.51038849645 10.0 3.0098305792246953 2.0449422961207335
363.111827892602 8984.728321061606 10.0 1.6009330451412045 3.701880152822553
663.3826409327058 8406.420552921623 10.0 1.674142969076071 0.5662839851280566
517.9800317285894 2428.487248175131 10.0 1.3773063048401075 2.3626161732333513
602.981009500659 7083.7529358077045 10.0 2.489572382580511 0.6758897885403662
587.5050986451588 5859.946046691102 10.0 0.12460122057514443 0.12232036258359225
288.35295133790106 7692.285937508753 10.0 2.2462590761649235 4.343242479850586
206.35965770116215 7656.046573239202 10.0 0.6265862516622156 6.28109202497953
291.9057052296877 4705.10348043367 10.0 0.7237304658769473 0.8355507938972688
209.87927601062572 9796.615311727352 10.0 0.9943639471529442 0.5504114527681616
78.48619443628846 2048.6274335843514 10.0 2.911748502379046 4.01371792526337
641.6545199994933 196.52726535417275 10.0 2.587587437930385 5.528081576695704
101.38255921573591 1545.9263800581714 10.0 0.605443703326496 3.50180855454503
384.2311579730664 863.6738504641439 10.0 0.8994774380199541 3.7475515841769704
445.26180213456377 7205.360264162788 10.0 0.44037476103107026 2.542153192945511
323.07442925359766 7546.7994884205045 10.0 1.7312385682313998 4.846052747724638
51.199838367088304 2268.6245153576847 10.0 2.8557348915324217 2.7597612185265397
203.9536665006586 9037.269542761285 10.0 2.0943132983641677 4.480091851809447
808.9598445777251 8432.255495350404 10.0 0.6221405676875794 4.975624153802637
593.9036956626396 6788.8300509825685 10.0 1.7280157015806168 5.444250556067988
51.67568287463542 9156.662132160587 10.0 0.382392273445601 2.5315081322591504
605.9190990063273 8019.424505917567 10.0 1.9497441992912157 2.8430620247825105
238.09601775771029 1476.7426817533535 10.0 2.32395451237097 1.7082994588333162
297.537564507239 7959.127912538236 10.0 2.747443794861218 0.09935283009689731
857.5460739125405 3228.151853584177 10.0 2.6926026931382863 4.859795327789451
903.4687125214655 9408.262108549257 10.0 0.38460953867405595 4.772712901208373
842.7626304216401 5103.27940132513 10.0 2.9606692492159934 0.26878310863847965
312.42464537344506 269.7535431766118 10.0 1.139891896986803 4.998036316560605
25.75896827657287 9451.003403457911 10.0 0.8239458243057517 4.303042624228491
448.30833510893433 2219.7974280147946 10.0 1.615316444527498 4.32309333812483
421.87588085230846 234.28060160224805 10.0 1.818546793198016 1.9577784513269987
465.9160577946986 6180.889081805815 10.0 3.071457173654445 5.799334966739873
377.1747862246256 1059.635307631518 10.0 0.028251451341972753 4.149711632179257
921.3105037042474 2761.2879476359976 10.0 2.3695943698996293 1.1137398294938547
864.3295501807896 692.6115571241786 10.0 2.8019469932542997 1.8758916806572743
327.0203321868831 8324.971602650829 10.0 0.2756593763703424 3.2707611289337533
462.1730364525769 7973.248306569324 10.0 2.3985959721660848 1.0449418439854532
752.222644097196 9856.148889558359 10.0 2.692718678529325 5.8245873772068535
804.05467264691 545.6427244039763 10.0 2.4660724044910673 2.9167963586982744
378.06484838742904 4282.388819469152 10.0 0.5989293409339188 4.560145642242615
530.1653240746583 4315.6621928642935 10.0 0.7004947975805196 4.002901518268195
168.28158362656197 420.43072455881236 10.0 0.07629465348369352 5.4637678196018395
28.985696897641965 3050.868059071552 10.0 2.605677237808288 2.885054325902588
65.26356592931005 4208.737898036504 10.0 1.8133517277754923 0.9439050265716851
503.014510640329 36.71465806150187 10.0 0.6860493758571742 2.9818470773017376
371.73426992804514 390.85729417907334 10.0 3.03791882605277 4.6472253451563486
143.93275834381237 6203.084336497985 10.0 1.8466478695644468 1.8624834110123039
228.19074057612897 6313.645812280665 10.0 1.373645589333363 4.308364039430986
452.3601677486874 1635.2225213200488 10.0 1.2052154709625633 3.260826175243966
346.2648670987618 6004.429239050293 10.0 2.890659030772013 1.5184774859598646
987.3602488396385 9883.134381627304 10.0 2.368769233822756 1.5487374499156612
408.1612157141582 5191.152808685364 10.0 2.8484748520714924 0.9924651710719319
80.85019760055201 6983.506010465678 10.0 2.800026253264521 3.0959040656530874
792.3279238045077 429.5880395432772 10.0 2.662523296085912 1.9810801425098743
302.0716315310288 9608.212345370579 10.0 1.9145479881901872 6.000876340156956
535.5166254996628 8001.658159400374 10.0 1.7473287672935698 2.0626475965400313
707.2788812585301 9253.474828835395 10.0 2.370269917612094 5.762104950545755
691.3879039024298 748.9429784242552 10.0 1.0641553693101564 6.270352365660636
159.80053812554996 1883.730804044943 10.0 0.9292217026780786 1.7807791944394016
495.8181877643413 3505.4285765868067 10.0 2.5792508575114743 4.6659258863495054
255.63101933894805 4944.277274512786 10.0 0.6141596885888421 0.007620666262435704
999.0649082157528 293.56065298714594 10.0 2.1905922604567043 2.4218773232230437
639.708021924192 6156.751693514245 10.0 1.2700103165886596 2.333399478056019
74.9454533795304 8947.668468433785 10.0 2.740767919451629 5.832841866457724
748.0323364989987 1011.5118904134024 10.0 1.823642724051342 0.026473707057420276
967.1867737250753 1328.8172601797587 10.0 2.262396995485971 1.194300840932108
260.7861677806059 8370.978470328184 10.0 1.1969973691907472 2.657825147218308
783.1015261692398 9795.154495538045 10.0 1.3524818877425147 2.756840203896878
801.6062167743278 6098.0008256563315 10.0 1.3219608793234277 3.577965034432635
594.7471850977872 3091.8129841716777 10.0 2.100853341608533 2.490683378178074
668.1678876244603 1123.3110644818166 10.0 0.7828092795199801 4.4923664529995655
57.72432868891697 7324.430031803959 10.0 0.05760303077179711 1.5412188679272583
629.2366282060319 866.1263238322836 10.0 2.954962119126401 3.3413925086713676
707.7702828433448 180.34900790445562 10.0 2.925721189633678 3.234150046238944
73.34298350530433 5421.964145336081 10.0 0.46233230813897563 2.0579304545986097
345.30439815768676 9061.56377669488 10.0 0.4948122653566153 6.139319414069558
44.23730381229007 2431.730561685601 10.0 2.2335147469026357 4.382147002228659
168.081343411313 6293.467521153154 10.0 2.754312866902641 5.85713103585072
948.2805154098402 9046.14713607743 10.0 0.5764493731857486 0.6163127595419932
562.108549442388 7073.47125223714 10.0 0.016249736256040336 3.195920405778522
968.9272161575343 7899.57593248376 10.0 2.671265637665628 0.6052999021348333
710.9838963106206 8323.552862454091 10.0 1.2558707274131022 5.413047109109952
473.4572577857661 6507.306796280419 10.0 0.33899952786799503 1.8699591269708022
433.81024700901725 9110.797769166362 10.0 2.929388950982614 2.480095000537943
947.1121741558039 2000.3695738704685 10.0 0.9150931460057956 1.3028656317663203
911.8428088634535 5799.997147660042 10.0 2.065673440258995 2.4343287892210066
239.79260985064064 5611.93214905584 10.0 0.9393501799023192 3.3270901552355614
214.02570981552017 7602.363234745132 10.0 1.7097026885740034 4.104233294621567
160.4729369890562 3829.349532499159 10.0 1.929312066233608 4.122184291883136
781.573927189651 684.4261382919858 10.0 1.5632953078266643 0.6960633002060306
704.4896095084803 5625.922721359882 10.0 1.7850070865401473 2.207407582026488
281.75681457895683 1501.1723040249137 10.0 2.0115490481725495 2.484972068095775
448.85918203875883 7686.434130068791 10.0 2.9725730336115737 5.561609830195574
491.03974443038476 2517.4901925647473 10.0 0.24333452794373858 5.593235473769398
900.7822967432486 2040.518085807559 10.0 0.879836202084394 0.7467918373048408
117.73973198401511 5981.983541558677 10.0 1.9418855822955605 5.054884525269938
834.4901091417297 3017.932668116815 10.0 1.3453284364770788 1.869614918694117
724.3514910918906 3917.215009174342 10.0 0.5502954688652982 1.140410630811483
901.58919552124 2939.791311693586 10.0 0.908694804806177 3.476211717931526
159.70022715544596 4990.443330511321 10.0 2.565832627860674 6.034668442053941
50.06110747551418 8459.820377295742 10.0 2.345919539418908 2.338459475402904
161.0772675296428 1428.9167087011701 10.0 2.17319828498738 2.9832353971322254
537.073219676162 1969.7032704827088 10.0 0.6081178994262312 3.3332541389770864
36.514916589266086 1643.782368499519 10.0 0.949399587291055 0.08883506934793868
570.7566266343349 4982.5735133139715 10.0 0.731747706721305 1.5853504815195867
587.3566283549052 6726.679240972311 10.0 2.6538983264964107 2.0677861932698116
866.1076824019505 2908.720552484265 10.0 1.2681922342727714 3.7301634378663167
681.2789956327866 1483.0725894925956 10.0 1.8676887631221601 1.3073788071492005
650.1693785554813 3137.5692934066824 10.0 0.08817867993923081 1.9272767242957087
135.9213877956582 3166.3935968422606 10.0 1.7383182905523098 3.1712908310538532
901.6486254201535 839.9967711935741 10.0 1.6620781539670966 4.321759526485926
823.2800267315366 3577.0489076169965 10.0 2.6254846968661223 1.5399828134445785
860.1258777467217 9405.047320575475 10.0 2.5609377872042063 1.0265194870957575
155.02240014274403 2690.3593459327712 10.0 1.6166124397050416 4.356181458878205
90.01335606317929 4925.113008469223 10.0 1.823533478725785 3.8803095809613057
358.87815352153075 4477.492430103092 10.0 2.8265064153706683 3.1712446990630805
634.4179994397705 6643.632868125852 10.0 1.9387197661876856 4.497098902640296
206.26311249335373 8083.450213965316 10.0 1.481465132941671 2.170481017565
44.06536363675562 7779.3850746442495 10.0 1.5352713221976486 4.569390047966832
101.29237568842986 26.176107949783535 10.0 2.9630082153177275 3.814807554525394
316.4409952540678 3641.4237381360026 10.0 0.5063644893813598 3.7818941000123574
691.3388243588289 5580.840793959759 10.0 0.5416925532732012 0.6033751466385083
30.305220180835036 6448.730505519666 10.0 1.3821335520299873 1.9087764018213988
409.2932794743692 13.372749801089379 10.0 2.821302266938365 5.183028699043581
210.7376608970637 8768.638980223437 10.0 0.9739127653395527 4.123440898953563
607.6826003605167 2827.295061851468 10.0 1.6371637742512324 1.804819982799327
709.8680095213261 9988.09790394352 10.0 1.6566916383868324 1.2710640723288111
194.80184385284127 687.9268146450656 10.0 1.274000417039956 5.291481327309984
138.44878256088165 2731.8308862197105 10.0 0.18508016931067697 5.23903371345865
933.0170984061966 7188.020049288155 10.0 1.3178761670155816 0.5603350343013631
633.4269046330403 8641.460935655505 10.0 0.6880702107264249 1.219761014611126
809.3945831419553 118.88603452730572 10.0 2.1713627907356234 2.27262185967578
996.669824762454 5429.65795107329 10.0 1.883908006461126 0.6735774368674758
138.81302115223704 9411.079383694214 10.0 2.5154996576678417 4.512129940427063
990.0028858632762 9623.372732566131 10.0 0.44797591648668145 3.3791116369403653
309.7149440996867 1408.69890224932 10.0 2.769810139080942 0.37384751605885547
821.7138372753903 1910.2220037302186 10.0 2.9864980944864365 5.254966847903433
332.65349784748565 7641.370495398652 10.0 1.1127034468555128 1.5867476996083525
109.68093529216449 4502.0834601853385 10.0 2.1551712145140325 1.7117630785491214
601.7909202482134 8757.971989081509 10.0 0.8259134593319417 2.431977241001896
856.2807376157704 2429.967049300967 10.0 2.0525174728448228 0.6962523004837994
529.5048510443105 6786.1645232511555 10.0 1.3881378231292258 3.434524989096562
220.23216333739404 3184.2211237063043 10.0 2.8739679291537676 4.611348058992349
964.2589206802421 1381.7913393216718 10.0 3.0771028613287297 4.532123414220347
120.53260400341203 1614.1404930657388 10.0 0.11134313379700167 3.5481120740365153
551.8936215169203 8232.207950150798 10.0 2.2176056912939917 4.6596420428731085
957.6426201119556 9501.033750099332 10.0 0.9607219883161648 4.986983635216879
450.49391569906595 277.60518498423426 10.0 2.122371810824266 2.275728234645685
987.0755226909984 1718.817267858861 10.0 1.6968275431793034 1.0326277075113832
58.9897545294189 4914.387235086082 10.0 2.726110672003619 5.495618725869715
130.54790491581437 3396.1946598493296 10.0 2.504347313630201 2.0122420772138536
669.6457624348064 2844.669694253714 10.0 1.8135903291588964 5.516175260870578
259.84743086751905 4994.486194280018 10.0 1.9535196248175406 2.94418190386596
204.59623802623307 6735.956218168939 10.0 0.6872440064248719 0.5368829047463464
238.57426676550776 4715.170008773054 10.0 2.057312454099381 2.281964468157085
446.58195630599926 355.05857326630917 10.0 1.6220352814170076 1.8717144258286367
256.9122904121521 151.19849922650363 10.0 2.225839761594998 5.41395610036918
424.04473825950186 1340.3247340407077 10.0 0.9486699309352873 5.7830443480208915
244.5860544006331 3596.1495684915412 10.0 2.0597678872290173 3.51850832502915
860.736338939945 3276.231976365446 10.0 1.2411958790614412 4.10418392786919
397.1605850480072 7925.279908356835 10.0 2.2939322057650497 1.6265118558972025
849.9975979318734 5234.412233446231 10.0 0.8969866357551369 1.4737575290522862
100.83912088645819 2462.538584889401 10.0 0.27097042878239036 1.6681350003637634
163.86435114769438 9445.170908813156 10.0 1.8639084418211953 2.292749007570091
790.9160440381803 747.6045988521529 10.0 2.2429166142734647 4.930937287054148
857.1561745029684 263.56067602900765 10.0 1.6566487743085043 1.200884258889596
529.0406820015527 4617.013471275769 10.0 0.18587565063331457 5.679571209673147
76.70436156708804 94.07317314960694 10.0 2.5630245367646167 6.15662403164621
334.4484508630904 1513.430490934805 10.0 2.9699643981194255 5.806741511172238
235.8752578891896 438.01258030605527 10.0 2.61145105095161 5.39532009047797
554.3154421459234 4437.139175578557 10.0 2.025397459846215 0.27448833911826603
964.5453019418512 8727.611082718166 10.0 2.7711869459691854 4.7391808598073055
808.3929466610306 6453.799975963409 10.0 0.6168114437244338 4.056167771693236
494.68388793184323 4110.950580038003 10.0 2.810517531518244 5.692895087667127
293.0778462086273 4172.549935205519 10.0 1.0038728860374329 4.364749804871239
391.7005270803546 7851.752506977939 10.0 3.005731477713065 3.6746699043523963
480.07543355116064 7108.499301076074 10.0 1.631244270281865 6.267180450939909
791.7123108632505 6508.098710511839 10.0 1.4048147852342538 5.621830565362084
494.8106585605323 2343.6911098921755 10.0 0.7277130790116235 2.0633511021642263
554.887996351593 8554.144578051544 10.0 2.267918224173463 4.949069263192399
709.7442492022973 6400.584284479775 10.0 0.33809583596295895 4.255090876694735
995.0252312330426 7608.8880324395 10.0 1.82657879806002 4.204676268469239
337.74978721584415 8742.125147274613 10.0 2.455332417020917 0.7580559399565447
95.5165904538604 7936.058195862933 10.0 3.1120670915499162 1.411693567440172
60.70813499924088 3812.4658793808 10.0 2.2719562897020746 0.45626732027785033
371.8613369428969 379.1826446646096 10.0 2.4328947753491663 2.164988548284007
978.4753308106547 1032.398477437535 10.0 0.06348698805087383 5.761021841038324
790.8787050171613 9395.898323754314 10.0 0.8226521623352178 1.7455243603022066
413.3803711467714 4663.55908832908 10.0 0.5946149897486007 1.7341120505519865
406.779075037973 4355.569736461845 10.0 0.3169682553842326 2.46441485818445
355.40891545373796 7955.472689198786 10.0 1.1403726560849405 2.640601084967005
624.2492924027036 764.2728475189364 10.0 2.2524486710729303 1.0732629350833667
583.2293245804708 8489.494557424234 10.0 1.4158105427083267 3.588455002063881
248.708566496339 9581.211667772168 10.0 0.43310592322153035 2.02859392801636
746.2172543943694 4133.716039322686 10.0 0.3780578106896302 0.6423924325568252
733.8907929059344 5290.627075901359 10.0 0.4943051640212887 0.8716595961377068
942.6349999024413 1522.8924778542264 10.0 2.1987118284711964 5.60906813266908
286.9099654901932 5893.261045949416 10.0 0.19027519013476743 2.936202456608363
579.1219379577471 1477.4596905046844 10.0 1.0828241830799927 2.1110601361340797
740.9646333659497 481.43948672261126 10.0 1.2051165197385965 5.937492195710541
546.65212233314 8275.699018284104 10.0 0.21915112408976795 4.766224470159456
355.8378533369484 2561.836191315018 10.0 1.3505223293766755 2.230447336753083
998.1155357044025 2193.114729319644 10.0 1.5512129598649849 1.5854766336868957
956.3487939923795 9789.978942147685 10.0 1.6218297808654876 1.5467836510187076
262.6791491823016 7223.0852135889745 10.0 1.2334783918979773 1.0958238929972457
68.9121216255939 3280.562132421467 10.0 0.5375618438756883 1.1937044919450832
682.0838841537314 8392.85227381372 10.0 1.289645315031885 5.142412698235131
966.3617488835525 2157.6270238798456 10.0 2.3800948784765468 1.9134466596342572
404.03391764410924 5588.9083844370525 10.0 1.651499387017171 0.07111774268217701
781.1948304282758 1508.6724371587745 10.0 0.7670392235111724 5.8109735790637815
417.83462712686935 3305.847043268886 10.0 0.37408156015820077 4.015326742298929
97.39250456445791 4406.760049357919 10.0 0.2992820967503083 3.4429452069794135
367.4351615068057 8232.736162228566 10.0 2.3339616522538873 2.236259690520835
680.9735407859953 1164.673295314198 10.0 1.5869654024574928 2.7141823398095286
927.0321353687808 9091.081037378814 10.0 2.945292100300959 6.160813982425453
259.4370718206306 1485.1959098571788 10.0 1.4037736285959301 3.002197309558068
774.3905598784247 5638.4330448847295 10.0 2.1783100140715184 2.092826705775589
510.2508308957791 7671.570821160744 10.0 0.8150455218161641 1.713530036105935
447.03842546995463 6251.712912771581 10.0 1.2777959724339063 3.2505989309022807
668.5410206506747 9562.201781686108 10.0 2.344251116798937 2.665903543633171
616.4908634432219 6004.308365899687 10.0 1.337840782251252 5.664090941578536
414.1400034499074 4353.660607498958 10.0 0.018921323235866778 3.5441990130862293
565.6605772766026 9651.00702190889 10.0 1.6835230794529878 1.8943728674550575
948.1483791077418 6976.064275100963 10.0 1.4800359959070748 4.080892842605352
904.6103441179652 6434.829625463133 10.0 3.078681512605786 0.7635959237706421
419.16712568822624 9184.879754669417 10.0 2.743752347602191 2.784178061133876
809.8042549085911 6129.825914157947 10.0 2.7148103116751168 2.854544971610699
109.3567642712584 8033.224628641354 10.0 0.3525736457497272 1.873265443210664
322.01353085518446 8233.894105602067 10.0 0.13742899367803346 2.4901505794813574
40.47921589903114 6888.721449041735 10.0 0.774746794565602 3.95204848690171
488.0335623531047 8725.686671564981 10.0 2.635750796359421 0.5095417529215371
910.078797502966 4658.972466881705 10.0 0.2624512498364802 4.372664849870316
381.36809003234583 1299.667337509346 10.0 0.5573159823853162 1.1616449239432218
517.9588222376827 1389.7120164742782 10.0 0.2709209909860332 3.6608431362760916
287.03703246836386 2493.3777265691724 10.0 0.033580876001798196 5.7072438280100535
93.10966242624164 899.70534866181 10.0 1.8039306883223427 3.1138631796482437
585.6640366914679 2620.980448937806 10.0 0.3259253036519764 4.324839695839223
181.24477779611482 3616.4503762387744 10.0 1.3762896116082466 4.801424890499152
122.00003997004194 6927.138620348577 10.0 1.7072724821642091 0.9023758523195367
3.100991893213445 5276.74941193065 10.0 2.644606665920816 1.071404027420494
93.03920957395295 3875.293022676685 10.0 1.7746180529804414 0.05353394693092461
443.65909467033407 9656.210118927242 10.0 1.9943215215851255 3.0651229532818607
740.8832882230926 9984.40426641996 10.0 1.7050142884416934 0.36544447730156865
82.44106158793218 5991.741934767405 10.0 1.4041737451212621 2.237928108863782
385.5108832907637 3128.2158781748926 10.0 0.7706568486850698 1.756335497726397
925.0403323020361 4261.104580870268 10.0 2.1637156601314658 5.495888423821669
582.6076306093076 8711.107982545494 10.0 2.1964174952652322 4.976515653070025
746.0410890999191 3983.578122259589 10.0 2.919910612556613 3.38688856541283
441.6137783982672 5634.597576107242 10.0 0.8214882017932609 1.7064383585627132
203.48304521356897 4705.812456375036 10.0 1.1815158228742597 2.5321521137792447
389.14518921770457 1468.5515610907719 10.0 2.352017693439161 5.541873221769953
135.02789923841308 8836.918915488686 10.0 1.3369391343003454 3.727617467040446
912.9442235105845 8741.174422366217 10.0 2.2549047746551447 6.081004140249333
695.9835709065618 9996.869237695326 10.0 1.6107316351538732 3.4941275306704145
71.51659949438749 6761.83321362002 10.0 0.7831673367661524 0.07603825458564488
249.34279912512503 2542.261536256806 10.0 2.2843134236588845 4.178410988140191
804.6105812071561 5890.780469706389 10.0 2.60340353608495 3.8552914715908813
167.99195675854494 433.51770270515175 10.0 2.8937052554847598 0.428076187273451
329.69464162220373 3669.841361849723 10.0 0.546743810588128 3.0580007913262306
959.2466854172387 6107.5734381066295 10.0 0.8847339524302632 5.682410046946547
159.5899749884271 4728.12250893051 10.0 0.33875764070571274 4.640017106830016
371.8703164902042 2520.12378326953 10.0 1.8499840359001758 1.679202073856558
526.4139978598762 8876.81032615297 10.0 2.577506740256254 5.820959626361628
395.7314954193696 4021.4876519778595 10.0 1.9916853113289472 3.4246845507302126
246.9911906197787 4307.116249821132 10.0 0.38600661856331103 4.090281698952007
314.2572511248188 4230.15207736533 10.0 1.629495208502219 0.10469423173406724
314.88736680860706 5305.436496004185 10.0 1.6852708487034918 4.314498464171316
219.83768170951566 1568.0610911221338 10.0 2.5433836656692024 5.224854614129532
754.2238785235805 6399.78436237006 10.0 0.9965114329350161 5.691356274043198
652.3386101113675 5621.707188934103 10.0 2.417485300177526 4.7322134633435216
520.4277334404798 7351.559974253264 10.0 2.3956544494040277 3.1330109754547926
270.8782839737041 9993.095293735721 10.0 0.4361847327058026 1.8486185138802191
483.0740199664574 5906.719433043636 10.0 1.2499833486257235 1.5319587838880215
719.0245553583969 9804.633966426924 10.0 0.5947613862647739 0.7753409938310685
775.9769364496887 7720.40625630527 10.0 2.798124720267934 5.235153791280771
93.5688604418572 4522.020571885516 10.0 0.0723213459216792 5.477114392431278
49.685530381901486 5369.106695183274 10.0 2.48194898501855 3.1712074568416804
677.03274191414 9259.183420069598 10.0 1.0656236550991536 4.5103991158302685
411.54052547601685 864.3921910366192 10.0 1.3792108451921066 3.0622889711290964
844.0639867300335 229.3403629786439 10.0 0.44480317356796323 2.3960764803746866
88.44835000551909 8582.311227407003 10.0 2.0658551100514595 0.07713722290965648
301.8778313597199 2506.239325959232 10.0 0.34198815568464463 2.5279356992245483
97.52882624417481 8022.492870686514 10.0 0.1373480997348338 5.613436866408109
74.89991230711045 759.6407756646995 10.0 1.8877953482935812 5.258752352673251
459.792492831687 8311.025820215931 10.0 3.111758194076805 5.858003750286076
893.7672857613762 6129.107379637315 10.0 1.644756450088369 4.695136418388299
742.0041465637747 8861.172355450031 10.0 2.4085556880716132 4.087366322336421
898.8433224318443 4900.160487293212 10.0 1.6473446050202092 0.7190586885367225
961.8885083770379 3105.9837576365458 10.0 0.8116897344972545 0.6492257054826007
818.4033304230037 7146.867867714793 10.0 0.7613757298430188 0.34245751496444315
141.8345031695516 4716.876221116114 10.0 0.6905602637083943 4.89712059405024
31.646540836437143 6004.9247927224615 10.0 1.8343987886602955 2.9216829977686305
46.25427429438578 8222.231969044718 10.0 0.4095709190082043 5.2754108389057
176.69122700003658 739.28999490397 10.0 0.779052996228055 3.0284446748952782
887.7532957071242 8440.086600302726 10.0 0.018458072650405884 1.2516815373426704
213.7088676828016 9270.441196776412 10.0 3.056581169677278 2.3624237571346245
37.26779946212733 5638.9671588745905 10.0 2.3930241625796187 1.30253746208075
103.3537601171276 8323.308835032747 10.0 0.7157526390290447 4.811957560915849
23.32550155900204 5840.940089818188 10.0 3.064488336259731 5.826883551061673
510.64426885836525 1862.956922878818 10.0 1.007480449599756 1.755920778916295
355.5864771333734 8180.935584764619 10.0 0.4601778274387063 1.7147770762646106
194.4519896436896 981.0649805469674 10.0 0.46047699668281067 0.2530250995223924
957.8198327172946 3736.40770458484 10.0 2.5150117019539757 3.153910247108282
992.7551558410903 897.2813926025336 10.0 0.15062182939551758 3.822292690370336
245.47258697913554 2741.3938764375566 10.0 0.11544437903324664 5.180582644127676
563.8122760778778 3239.506219948647 10.0 1.6024792645363009 1.6025150422308894
132.987413496666 9599.03739966566 10.0 1.1450456121659627 0.7961525279174757
293.4126361133219 4267.167492152129 10.0 2.0866198386780086 4.3997539667569505
506.02484485988987 7606.633055982755 10.0 2.9164000954270883 0.4124540342186117
28.35951198378739 2201.5529568035954 10.0 2.5786108093627194 4.339912789511265
943.746628910248 7807.260128969333 10.0 1.4708928512536237 0.24364976604633384
546.3427647378842 9327.259299877831 10.0 1.5902349223905732 0.30799270882999835
726.3164548109366 8882.065238000121 10.0 1.9248613286146246 4.912415919048077
922.3566116359327 7028.824166568797 10.0 2.2759711654702737 0.4485833771490563
412.77407665328604 7497.256236884095 10.0 1.1091784355423666 3.764038851315203
201.81925158184455 4426.598749734395 10.0 1.3129076746190214 2.5375295655512558
524.4392683607825 1019.8718920186877 10.0 2.499322690660133 3.0147265971661463
40.55028122274751 3775.9279890588828 10.0 1.0942855587917693 4.87099598433209
119.0019132671617 7016.386578682925 10.0 1.6962768783881201 3.802939318225255
221.76233361529862 8293.697563678397 10.0 2.739271651572013 1.3579813334143287
290.45420764473874 6448.216274892939 10.0 0.8845161657824452 6.278891977718071
210.22306215852637 576.3130077439316 10.0 1.0388064027833785 4.037723962544809
880.0214678239199 9978.184867927172 10.0 1.5229994104978162 2.057662157270547
153.74383463692132 2273.1702061730152 10.0 0.10118009560701732 5.867346888770839
933.2479150608309 9302.016382392463 10.0 0.7087035106377102 0.6135409045288773
992.1514463381324 8179.683270616715 10.0 0.1313505581686559 5.541002622969372
688.3930709772391 7918.912815490592 10.0 1.729670873069875 4.817167526811749
583.898658295441 413.9295744338467 10.0 0.8111928064065917 4.044269856466981
131.29583063369932 8255.282219780996 10.0 2.9860520994823947 3.184234934680382
10.470562523368642 840.975338995793 10.0 1.559823317493536 3.5988774247683333
401.86195781881116 4555.678134709547 10.0 2.4996527628259027 3.99305012210836
468.7422897239443 2408.945051886713 10.0 1.7296885705680674 3.5245086377816612
587.33124260107 3455.013889611993 10.0 2.6108178961434754 6.052139082110023
411.44480056166645 2560.8968427238356 10.0 1.4379145110705762 1.6816125843634933
687.4808182348385 6646.113848037476 10.0 0.2468849609961906 3.5318129474091187
845.8947602724277 4386.564042424556 10.0 1.3762148564721222 5.44675509980878
786.9207806093767 2556.6637004903714 10.0 2.338909208379488 4.463886442371046
951.144857724824 3678.0301925456747 10.0 0.7280604688380288 1.194172355779479
719.6381975505219 6449.622247964903 10.0 3.0762072156242994 0.10223958775376986
423.7107251613076 2553.39467578343 10.0 2.5319821166123515 2.473991548750224
760.9460907482116 861.1595400856243 10.0 1.8453303777635355 6.1200823602139875
212.03094639748 2812.4958617306297 10.0 2.057762334080037 3.338665581726406
131.99333605841045 790.1791163624073 10.0 0.11380987848556853 2.880871636442104
549.815899925048 4688.75169569437 10.0 0.5211135063409524 4.131977002241119
351.9918041823139 553.4919710878794 10.0 1.1274143473814142 5.714482952691965
448.44237918215566 9161.180228828092 10.0 2.4248365380070362 2.1656042380923766
723.3172760672553 1720.7014059962432 10.0 2.5175395531645783 1.3293987532742229
58.5496097767475 4490.665009270456 10.0 2.723743332235695 4.641861535103333
484.63974722703273 4042.8624424037152 10.0 0.9750834592999849 3.28366465522826
560.9932557493848 144.52433077190574 10.0 2.211948770669132 3.3714960507877367
417.24016941614497 3788.978011687558 10.0 0.6582217333486102 3.486079571715189
497.31369776284475 3773.4502270768753 10.0 2.3519444746118268 3.202672463624184
939.6692364050707 6404.395372306531 10.0 2.0789356278348006 0.39374032922175234
699.8744973020911 9404.876581071563 10.0 0.6653012625061112 2.8693244764744876
975.9047780033411 2905.1623645165137 10.0 2.4056165939297105 3.399520906947016
231.82770975155432 7516.842162459399 10.0 2.30706027394051 4.467039790953613
132.1639576734096 1922.4111978150681 10.0 1.2053588830281148 2.4384538005230656
997.0620423896979 156.40714341025318 10.0 1.399419050878278 3.6717331827531052
967.5264131989725 1810.826625553894 10.0 0.15176271437557498 0.22693076778520085
930.2901699905206 6766.690172544242 10.0 2.7246434926217096 2.351754831170842
393.52481142222706 9735.264041084543 10.0 1.7174347919420054 5.057505798494372
927.4314201388079 8886.584780213594 10.0 1.2244963886969666 5.113468132086669
487.85885965617337 7149.580682869861 10.0 0.08939723754284312 3.023397808605901
926.4462825098146 4387.217501577623 10.0 0.9016880380262309 0.590236701726592
257.3890883242543 3581.739447956258 10.0 2.313314094556226 5.515815370999749
798.7785146359371 4409.216250694896 10.0 1.5662131269020825 5.2537845281189215
135.56676780840394 3139.2515559772914 10.0 2.2189130508349306 5.514234842788975
961.5617677976319 8664.840975820585 10.0 2.0353576115524814 4.05346035030128
249.45595368283435 649.0165945082127 10.0 0.110381217481177 4.4861972581447285
870.7464087035955 7269.0493759640285 10.0 0.06651821094249356 0.7508508155395897
741.5042244803084 6845.626113436138 10.0 1.7696882338286053 3.1070182460695683
805.3030359143658 9763.554402760303 10.0 1.5033021541512896 2.830496329676002
681.2180987176457 4522.191459833865 10.0 0.22122493139711683 1.3770478315414338
602.658880764419 4497.936418438596 10.0 1.635290544327038 6.199302568642967
351.8995239638555 57.75702911301694 10.0 1.0402121506237405 5.0194309648422895
255.5234948793813 4031.8751530972663 10.0 3.0882124933971693 2.4757350441604764
947.5997003491278 7235.36461583351 10.0 1.9762859496042184 5.19618925093558
530.2596979765842 4722.561426341966 10.0 0.25818947354279015 1.824758425021543
965.4462811207886 2764.8290713695665 10.0 1.811879826941666 0.6822075819934987
16.956225298489613 1161.3522118747733 10.0 2.4607785565557605 3.033425593776661
828.5006075252178 5424.2881950944475 10.0 1.063089146015412 1.260609781521013
271.35845814914774 8623.730574712628 10.0 2.246530606598569 1.1724461414884415
524.3007151480365 3234.590121022155 10.0 1.8983974307002136 2.9392927300348677
958.8129094734091 9196.636071279796 10.0 0.3236988863632626 5.379344104728156
294.24680624446364 5580.579114911528 10.0 2.8696709206668456 2.5574006139647913
160.38260045769715 9747.222746210087 10.0 1.3937957995307377 3.1704966345607737
658.9851859624667 9693.344161358093 10.0 0.5431903409659057 1.5408037561206567
251.28879892638255 2397.1130728183944 10.0 2.80524332782492 4.038887377181702
314.9470366156452 3407.4919264312975 10.0 1.479109523061878 0.40192108050353564
11.835652015542042 666.2054926178918 10.0 1.8573535496469329 1.3554946968689041
687.1980949636937 8607.505867679332 10.0 1.669236591882848 5.999577067845153
880.9742344300049 6950.1011441276605 10.0 1.2483844198486755 1.0391108994083902
173.7558078230611 2277.2558337739547 10.0 1.2841771057440003 6.030346149063696
512.6617028498611 9495.21153416641 10.0 2.3715912366211955 3.1364026245705308
366.5298447011365 4566.718510007205 10.0 0.8441613953801482 5.023704599863962
45.17226405685093 9535.607749988041 10.0 2.081334514746578 6.237193021877797
784.042565128322 5789.9732754298875 10.0 1.11150123947268 4.055812646931982
743.5161316345498 1755.6778083321312 10.0 3.053517337436124 5.689777010218641
901.0852672272572 6768.533753337845 10.0 1.5136846046482966 2.746283346936279
925.1224263041244 3742.6501320418583 10.0 1.5261334429779545 2.1341747032012104
510.4670908650376 9434.080887494647 10.0 2.1162933137970836 3.142132414241999
328.94269393847674 2593.048483723771 10.0 1.814108622470509 0.7429128701449309
702.0120666515664 7104.655069081874 10.0 2.3839575185138147 2.947080804674903
338.1309590636503 9337.139997886381 10.0 0.9638626342163649 1.9792761998412909
993.9612660862667 6348.375158422374 10.0 0.17773417853384116 4.824290804965234
716.4567271199885 4345.43888431718 10.0 0.7957568983283306 5.103321656941476
401.9357452819711 4848.74259701996 10.0 1.5058829484912672 0.9563764085163743
768.6071587657306 9381.328263698926 10.0 1.6954299094136154 3.244451135948903
480.61694699557114 2185.5965913157415 10.0 2.064926998336331 0.4314725215949619
84.53464323101679 4463.862484707385 10.0 2.4154612467604006 0.6956125867359898
623.3005588680495 2945.7801283264985 10.0 2.9242503199906573 5.232126843839134
278.0060014555682 204.81350117844798 10.0 2.659868745669894 2.9735899511741093
154.48018712967172 4077.5801968620817 10.0 0.9707662598898057 5.537394382760683
379.50965777672417 8784.021199895218 10.0 2.8677481660738713 0.8756754816146626
0.6169405305083142 903.0062213181844 10.0 2.329742661258453 3.7874540952524502
793.6769736481983 9227.113418251387 10.0 2.680949206752428 2.749741927952999
974.2516339293531 8701.966430956987 10.0 0.949114659155837 3.132644400869838
981.3738958917204 5149.656063882078 10.0 0.3660794204336777 1.1195248554794324
956.6150133972113 9282.406842224262 10.0 0.408499995632476 4.273755640811553
276.6193439299254 5631.796765838558 10.0 2.5297108332705975 0.13876141258554184
513.8933008642925 4450.475035707025 10.0 0.7198967030031422 6.0057366923879245
498.4864959532368 2387.463437973434 10.0 0.8439874171448248 5.723961840468305
732.304363309133 794.7699035074862 10.0 1.4777395542029867 0.06458043397043303
268.1433165127183 8892.180960595308 10.0 2.090528956849923 1.1668999943280114
307.14140963800963 2698.741560294099 10.0 1.2447591962362827 2.7134314694275288
191.18825452364374 9633.5705648092 10.0 0.6955862614955707 1.7137527692748953
170.94016845378567 2995.303264357725 10.0 2.119820782776998 3.711941910534794
315.4378937560133 148.58894161980385 10.0 0.4846962361262276 0.4252666758574045
195.9256973537068 3177.7163381840846 10.0 0.9449812017977912 3.910214755183497
524.3222687299287 1011.5763540796307 10.0 1.5333297163226927 2.4774379501825035
755.8954847604442 7580.814926759478 10.0 2.801478871886169 0.120212412440649
776.0445610368317 1437.170402030109 10.0 0.7223152030010164 1.0577900169159515
182.69468945210255 8446.625995185514 10.0 2.1235811614631963 3.682970184708743
348.6610007632256 662.1524080377284 10.0 1.985145026391172 0.9105470338282774
402.43985842051967 1288.4557996623757 10.0 0.06672530758206915 4.791565075209221
501.237546476853 7770.285383753219 10.0 1.603742247820906 2.376048643834647
286.6475717206064 2467.4969668176805 10.0 1.8880811638133272 3.5456988737121806
211.23948882691678 3124.2083846275327 10.0 2.6592573982635432 4.853814063520006
503.4240196639258 3396.0248077372166 10.0 1.7149165239546065 4.089885757283773
898.3101265352215 7068.449564973873 10.0 0.4325291391456991 2.224861286370682
903.8719684698412 8281.242142575262 10.0 0.5606525563580214 1.704912893866416
294.5949206001437 4067.6186434901997 10.0 0.7147608657160804 0.8883553197020172
728.8711122768518 4823.836270211746 10.0 0.561341797136715 0.5762335565638168
871.7672680397292 2943.8432518998493 10.0 1.827470967711695 4.67385842790278
171.38828997918597 9785.310264560403 10.0 0.8721048079441324 1.0027794786269544
484.9122637429204 6377.511441446598 10.0 0.7414732600618823 0.4258475033610124
79.47384046275407 3838.1508163848675 10.0 2.598905074729458 3.1946227553354833
143.42452469998835 5335.381467140564 10.0 2.788632295055788 4.760700890848847
835.1000159119868 2612.896664871982 10.0 2.65210704655963 0.9804971913955967
69.07640792826864 6590.121944055124 10.0 2.6791657813271494 1.5892968820739959
693.9981663459146 3356.167081104491 10.0 1.1759552451007027 3.148832890494171
451.4131061462081 3995.3474443789537 10.0 2.7120366309545076 3.6930215450401502
121.65050329630567 9113.717353408787 10.0 0.8696233213410389 2.3362346145863038
560.630319212473 6680.205998506672 10.0 2.9044847697586276 1.9728836434995547
910.5930738298321 4852.577830993473 10.0 2.43361867159537 1.4436917849909137
128.09136536273314 9827.588858784371 10.0 2.2247037936154492 1.102013764064297
114.18584968462785 2436.3457855343763 10.0 1.1607292087322807 1.7864871508556486
154.63957182190592 6200.017424571614 10.0 0.631582381812791 2.590619399638162
82.0065850749544 3867.686721627587 10.0 3.042464771598159 3.2678296595111846
556.8622947344131 9077.275675579434 10.0 1.8356097912857092 5.188372109325292
132.02414676865436 4712.11149003974 10.0 1.007530206142575 5.605183056816676
311.4630710919073 9769.847258976826 10.0 1.7724747473124876 6.1554132574406415
644.7081711567905 2117.08918743836 10.0 0.34911770490219945 1.209052852701291
7.897529894702604 5372.221032371119 10.0 1.973365154158503 1.0703246831744606
614.2308338765375 4340.561376967635 10.0 0.9708320373015414 2.1502792741110386
969.4301389210731 4920.1266668463195 10.0 2.978368972701443 0.2637661075130924
941.9172514305916 1202.9153036724426 10.0 1.9460915661643747 0.7094126822892556
352.7673621865901 4615.764633705453 10.0 2.839815600443273 6.139055433346585
7.100516431008619 7376.484246839229 10.0 0.42346880709225515 3.33358979304204
886.4237009706312 5285.090763490662 10.0 1.4150517418412585 4.025909611103253
300.53801257060286 2926.633502820394 10.0 1.6781257740274003 2.9369684087497014
157.97713971596926 7731.21873235164 10.0 2.508768920464596 1.9348092267590566
155.54475017949642 8018.496191603086 10.0 1.346234633393084 1.09580647605534
610.3697469722583 4148.005209190314 10.0 0.42720895414752735 5.353796138158468
862.0004951298221 1203.4202864155097 10.0 2.1956331127881734 4.764502332236484
657.4100197445459 6257.8755797284975 10.0 1.123828893530243 3.2958695193064376
698.3863797921053 3199.1908361141864 10.0 2.9076580610700415 5.391123309020007
578.6331908042096 3337.957141594834 10.0 0.09610288492154072 5.676830553922188
667.0078805650378 578.0890031627339 10.0 0.8030564874775453 0.14722679770372923
103.67566264035189 5798.579698234492 10.0 0.19976347143892512 4.02821870139128
967.5598432315853 6276.849726277213 10.0 0.9647876270817738 3.4602376705227647
846.3197950596319 2478.206347918602 10.0 2.53573691313379 5.580932979743082
494.19010538701866 6342.582685286648 10.0 3.0047815204934163 4.890629763995297
998.3654708828902 2318.85953655753 10.0 1.7397941258170613 3.2994026194467874
891.2179708865149 4828.716514638616 10.0 0.33896831472983263 0.6129561524836695
943.4844357785438 3586.0995826595044 10.0 2.0823773032692765 3.627566322651329
952.6636012701772 1255.0299745230664 10.0 2.4875506088618047 1.1359016961331532
701.2139335386593 6297.624393923187 10.0 2.456419555721991 2.8008589725443858
400.7448696857672 7545.833527817105 10.0 0.5967032316975689 1.1487323840561734
361.2456253870966 6024.548105346381 10.0 2.7889325604098674 5.211132221855402
328.49745169435175 3860.3618280742603 10.0 1.3668038587308122 5.766466498208089
918.1662773727313 9729.422664473635 10.0 0.3745315479404108 2.953039487257169
841.6750933599319 5229.440790278411 10.0 0.8886915312272784 1.671771121499923
166.8062565912114 6805.067171716547 10.0 1.963134947734026 0.6140344264954155
685.0855851390951 3412.4923572890575 10.0 0.01111366594857589 1.983426660240381
568.3522830353522 978.2620723295543 10.0 2.8212498961589145 1.2949225971329414
888.5191808060822 888.9372809368812 10.0 0.28509900869343674 6.225474270940132
247.38055977401407 1242.3778508523974 10.0 1.0105794368134582 3.3655937031409477
717.4254891182106 6398.061340376242 10.0 1.9978053196628018 1.0852964420477722
529.9664972915649 2482.9933129453075 10.0 2.8157531652134766 2.4826916383033866
463.4951974774355 3941.4047951129314 10.0 1.4610430309531952 3.555969221634894
683.0274601615806 8960.572136852586 10.0 1.1711196183448014 1.2499610991545553
860.3028564586657 9661.739228715109 10.0 1.2130417259233146 5.115762331308762
765.0545507212074 6314.255834158713 10.0 0.8281247750139455 5.34006101020989
159.16682369029377 3512.694188328962 10.0 0.4535315249362882 3.894092172354429
748.3899547773844 250.839045357798 10.0 1.4273814554281365 5.31699598327864
150.38282692555939 5133.094870280593 10.0 2.9326499354048177 5.467951743685914
323.20578205496867 2582.9861294644065 10.0 1.2213805176073342 1.5177683205992818
664.9873863512327 5840.074970519185 10.0 1.7597649209541348 0.1673416443104718
43.34094876969941 7780.755047692361 10.0 0.15618884211159506 5.258956947654899
342.2071610914674 1155.0260246887801 10.0 1.9146704687875677 1.7372488036622673
724.1521467947535 5700.488618016631 10.0 0.6554367042100522 1.4701970466996706
697.750497206214 776.4462389966243 10.0 0.657336327336346 1.296657039796233
252.53523073699336 8655.135787883684 10.0 2.0936995176324436 3.940600535634047
778.0978456390676 5413.751552275715 10.0 0.7558345960786556 6.26513722077569
219.27334306313674 3490.0684408091875 10.0 1.4397418751219717 2.9261273634512937
935.946545102982 2396.11066381082 10.0 0.2905723396755341 2.4895385634962133
33.86775841466705 1828.4504981698158 10.0 0.7691199803238363 2.2773910111695566
511.96695873368924 4470.366841831411 10.0 0.967726604832463 6.099736238502899
432.00814723132174 4150.2283337009085 10.0 1.13988573122033 5.526172098681622
458.0257500718975 8702.110705932359 10.0 2.2619580439664198 2.4852511480417596
535.8380386562991 5868.799336512535 10.0 0.8096489168114371 0.43526460132552414
187.03269860824122 4893.961806436844 10.0 2.9009476736673108 4.895143941622509
877.1720859854772 6069.425628478963 10.0 0.849686274342508 5.653453634680566
184.56732473979608 5435.128185851341 10.0 0.5737756035081385 1.7786659562260105
43.82108599713697 2073.4523795172886 10.0 0.006036784247153654 5.927171795970784
167.44162751458168 996.3000317935755 10.0 0.38011415245064395 3.3779175274354842
859.1813181715792 5492.394075825744 10.0 2.283625579435248 6.01503958807552
824.3549144402239 8983.944892909783 10.0 2.4819016825935463 3.813889767101803
255.24422219235498 7935.952580439962 10.0 1.8245959002499827 1.4825080412525
423.79737691048825 4168.062578818925 10.0 3.0364126671184923 3.203692515461036
249.18268916585606 7038.026839404872 10.0 1.543614123756489 5.416618499838934
824.3582787671452 3397.4671410943947 10.0 2.4343372136728774 3.439716871411529
683.6704245352361 5964.779637542411 10.0 0.246197112989624 1.4947299855625067
672.5953444956538 8816.652789722162 10.0 3.085506799219749 5.929607809127288
641.0902185411593 2068.821778653367 10.0 3.1220307050619853 3.287934584476007
823.6212518250288 6498.312110621358 10.0 1.7714512674558585 3.46760998599154
691.7878578768268 2853.5770824767783 10.0 1.3349028479173375 5.410007328367541
269.56383758212013 9905.56366218368 10.0 1.218928015446847 3.9609425046521585
386.52762614848524 9911.890584901963 10.0 2.304757643110317 3.251019815285001
111.05589921892367 97.95634784213635 10.0 0.3605127198931489 5.925132875895819
653.3055679953256 4002.9422161695315 10.0 1.4256228113033007 1.9949489402152503
356.9112977207054 7095.308313177759 10.0 2.0735593537962207 4.312670207743005
8.67723188977687 6931.529014108692 10.0 0.37686106099077776 0.02325647311110797
587.1429984443952 9313.447541057398 10.0 2.5760101415856047 6.279170673149089
743.755477876235 8393.77762560655 10.0 2.0414063513014806 2.4922553809880905
764.4799716618695 485.91256386346316 10.0 2.8411566044351804 0.3629283217364218
495.0351770279413 8453.35037687416 10.0 0.7946378599562601 3.0623496232645118
729.5386713139679 5985.678603663592 10.0 1.497444838065837 0.053715150698075254
860.2006943538569 8812.206293175988 10.0 0.2793133973597679 5.274925601934938
164.80566357257186 2960.9701670843115 10.0 1.7214454068359464 1.5541461659018976
969.0726466591161 8539.98146617461 10.0 0.46119560330784953 5.847019430002311
62.58739938807445 1199.223692103132 10.0 2.585653013532286 4.983806528442983
169.84995375078006 2426.048435923802 10.0 0.2179587892086584 1.9547597240421812
982.083754773634 4133.260602970902 10.0 2.656849150593179 4.802902477125761
240.8036223384078 2618.3205502837604 10.0 2.809104011772136 4.465971485611386
630.7411467390255 1903.7371271936643 10.0 0.443859669483731 1.3162610949071174
787.5784076810339 6712.860596262558 10.0 2.935228118665257 2.954010862457272
555.0416772621248 891.9287720942548 10.0 2.211679779096692 5.007885820220238
736.2586805713646 7958.35825044729 10.0 0.8538377178914792 5.824886748861421
975.8848061148425 6636.915442353855 10.0 1.3404474489330649 0.7438916392333434
82.35462235703773 5739.538399743832 10.0 1.8397028036126788 4.000368206005147
53.71728222521932 9551.228150791783 10.0 1.0072937005162104 3.8152522398558295
305.8651873484679 7003.561377815759 10.0 0.9038460853119682 3.480279381203162
118.56796105236911 5349.020547068914 10.0 1.958049869111301 2.0705863202799266
112.57384355441246 1793.4806702142491 10.0 0.5945547145060632 3.5010158659085406
650.1437666472091 4600.826142067203 10.0 0.4433035829247481 0.9334180565025133
411.7336130511663 8552.817568967605 10.0 0.5334524703501016 5.923226140611609
43.142732971663044 8328.966762310696 10.0 1.337988136377614 0.1116571280219697
690.2974303771042 7365.316914011873 10.0 1.797630937193017 4.822319099963954
442.9407333265666 9057.671100523732 10.0 1.983606213471697 2.55480620004007
193.85019869744391 1793.9452648763731 10.0 0.9291937900628409 1.0740391970651755
186.80800382431462 9231.969120209149 10.0 0.4669595877182218 0.7055677120911351
574.3987036919812 2483.196161546236 10.0 2.5460439308575182 0.33354858233336165
635.8114960617739 1419.422744964114 10.0 1.1532446237843201 6.043841256676552
915.1757872624138 8188.762402305457 10.0 1.7733241171052037 4.642736105300132
432.55987273465655 7208.755535678343 10.0 0.5015507122170902 0.9963355658391694
292.6148590556152 2398.6394759419472 10.0 1.597656740265963 3.188085775974738
469.9466374564958 4219.445288105226 10.0 2.9496418264506876 1.7318993643104694
285.65102123960907 6209.721789751571 10.0 2.226424886036601 0.7181553935566198
106.04835408444879 3136.339795259011 10.0 1.2013715708338384 0.960055836152393
92.50527940937414 623.9548621472246 10.0 0.8507035973514185 4.319997556177712
410.33376719003456 9183.361718785329 10.0 0.5487425158999766 1.2439888105040424
165.10769037613628 3928.105791862183 10.0 0.15514136446935634 3.921981995318279
476.34023508465 4950.359460996948 10.0 1.1416080583171844 5.334841092015373
521.3160463771504 2321.213607931829 10.0 2.712341513323623 2.3108337272169366
85.9737117210625 3987.1727384368537 10.0 0.5582675622691846 1.2509758301782343
145.08629663691443 4453.784122123004 10.0 0.6006198404704954 1.2250480571913005
260.5884281104038 7078.972505375365 10.0 1.2757882170153803 0.24621317530089007
134.75062781398339 3042.789770407972 10.0 1.7853372601171924 2.454090378607149
484.0027256427014 5616.935657958935 10.0 2.141098508897822 5.16946839083084
509.5600077613565 9226.536457449065 10.0 0.5009214697828378 2.7621716646433256
632.607184499888 8978.321394480494 10.0 0.8531881043591579 1.9173215016718237
834.646912968928 7823.463478626423 10.0 0.7180198332476294 0.725302863856054
897.7211195697199 5330.00779984387 10.0 0.6946260068001984 5.419986780701733
74.5648131479748 4158.933988720728 10.0 1.5036929012782536 3.725198322420506
235.3540117326345 7769.554710128255 10.0 2.969637300301526 4.676390038434577
335.56051330578487 5624.083805416908 10.0 1.5228121483998887 6.064841687019759
128.5279841828827 217.851499831061 10.0 1.948896579142506 4.783235045774575
406.7357554070432 3630.7856442116627 10.0 2.174406637140421 4.98909826989476
697.3174371705516 9977.415475166119 10.0 3.0481859140339376 1.0489882982087242
260.25414271717705 4126.796945419821 10.0 2.208471923378958 3.5840417977664942
441.76237550890187 6370.401974687144 10.0 0.9304625767977747 4.597845192292548
920.7497218690532 7335.147272275283 10.0 2.5868944351970025 1.3649329113041038
152.81134106796657 7370.38835884054 10.0 2.661134404981519 1.6784993886115958
364.09350181506494 9881.835303466729 10.0 0.29683842331768595 0.06633213175350819
776.4505516540555 8641.996640501986 10.0 2.7609569061768062 0.6402962639731754
355.67419255193624 4975.8910265747945 10.0 0.8758213880341353 3.453138005620242
266.1752255513381 1902.4125422582883 10.0 3.140332577178527 1.6677034062449216
388.34922671344697 8805.870101012863 10.0 1.6532890934473012 4.108512409691839
708.9595217617979 2018.8692342618397 10.0 2.0381857345841436 2.394972732205608
130.22248847943473 3816.8400947574933 10.0 2.1714529506335922 1.990932308295215
259.881112472632 4756.154506994653 10.0 2.537692344660525 3.297226587580254
42.40508856776004 2031.924594895166 10.0 1.6441821634367744 0.5924358812100576
670.5569593484211 9588.204044833848 10.0 0.9103535015137411 3.4577311198517844
76.91506586520813 4082.463331649444 10.0 0.6468064423732238 3.499156407367686
446.5462878254007 4487.8455897258655 10.0 0.6483038334252046 4.014661632058454
614.8726152343329 2110.8530493165044 10.0 3.023935487939292 4.310102235177194
918.8771298394842 2108.753457111584 10.0 1.4407688945383672 0.46234632410760623
55.14710203182949 7210.134043801516 10.0 2.221429754365234 2.1400518915222104
764.8526154298822 9273.679460008383 10.0 1.1005801344838482 3.101441377249895
713.6116954656369 4564.378830039326 10.0 3.0074994073184578 1.1050059518913797
763.2933463970677 4183.018585804179 10.0 2.108163941650982 0.8395785778060417
943.1624997245473 1953.9513607648285 10.0 1.5280087968724971 4.024913480194799
819.3719505005417 8257.775258152085 10.0 2.659448722928622 5.026311492901267
634.6577393360426 9789.696612677748 10.0 1.3645022489389866 5.8660064775516885
544.1963952443116 2030.9917322703807 10.0 0.013421072231564241 3.7008967045054773
508.93392984019835 3340.1223304504556 10.0 2.677194056638444 0.29905303625819385
924.2977797559257 7001.700060193873 10.0 0.16294317234401515 3.77744356044448
860.054746697567 315.6375875009876 10.0 2.8315309369153407 1.754268065282319
866.1794445772954 7865.461781984576 10.0 0.3635053394817875 0.9707469562630647
659.949203143917 9473.908687381121 10.0 0.568441622794979 5.243006593352073
651.0832147306988 2035.5562579071106 10.0 2.9461748557816985 1.5802592017232164
184.59502127309213 8410.395947114625 10.0 2.8469726802276076 2.5659071201265964
585.1291166892958 5868.881425047742 10.0 0.2458782628407229 1.9089626624186609
571.9039486218987 1198.134494038765 10.0 2.8574811840413408 5.451942639863291
379.9851669265102 9510.629607015993 10.0 0.06685144896326481 2.310709473255507
971.4647331749321 9040.818817688021 10.0 2.1615106310893974 2.610895828547488
49.22274565916484 4771.79821140004 10.0 1.671265641063839 2.4834947450143896
196.30044200802476 9603.257710046037 10.0 3.0450195505506654 5.447238549047631
355.51475695575266 2953.601743410914 10.0 2.708436914960162 1.5951534666364284
36.79602275274174 3183.258069106012 10.0 1.6295882021600827 5.745373988225428
93.83193236253551 2032.8456409389873 10.0 2.0484995452460684 3.2660236185558587
646.9527409465412 6389.0030814785 10.0 0.5052569224608611 3.2158145618473717
745.7940992392465 5122.323218557148 10.0 1.9689306316824946 1.8711745382867668
663.1252657911581 6485.984823608723 10.0 0.7437861252907081 4.752070849545828
290.3324489599196 4620.300621536689 10.0 1.3613433872687206 3.593820177588546
965.3981193402112 2077.5570208598006 10.0 3.0515655934981485 5.632968525741109
205.81911208056036 8963.150406858082 10.0 0.6856962835227909 5.285440011056557
241.7574777054331 8283.166439402083 10.0 1.4829091637656986 2.175024250573928
948.8202022890554 1395.1985777768327 10.0 2.485354717019702 0.27218970758414096
765.214599718265 7078.328277635916 10.0 1.0437571532693337 5.228894254053564
444.6287479977392 2669.8439752930535 10.0 1.4866137839020304 0.13657159476962566
44.037177110021865 5960.4067888029185 10.0 0.1950228598898135 0.35196521712432816
374.7336063387926 2096.015821660442 10.0 3.0739899599459948 0.2422770075998443
255.24487419678988 604.2656819491654 10.0 2.572328558058333 3.121886697491272
296.3805623560549 3844.030777974895 10.0 2.9038351897716077 0.5532835265385873
621.5252989781948 9671.847223215409 10.0 0.5021625018191881 1.4850726650326231
879.3821477376769 7924.911064147493 10.0 2.575895084000966 0.09034259317010247
141.72648737169158 2439.7443611003146 10.0 2.4851851380941823 5.861600882363632
795.3321509152006 7757.227461993693 10.0 1.9793469002816733 4.319306994851757
335.08252247112216 2408.8314286885525 10.0 1.673621792258715 2.042134983493565
44.38115170781521 8735.530463376996 10.0 0.8214383941774458 4.655141526943168
909.3281097808715 2560.0094763452853 10.0 3.066564231673648 5.607143933846705
754.7293578111809 4714.427498180267 10.0 1.7915420702945368 3.933583032444568
512.8587079626271 420.13365051401854 10.0 1.737728663290825 3.479268432182289
739.9929198473753 1822.3761350596935 10.0 2.315651623359914 6.193588396877525
981.0922372117482 3602.185154124492 10.0 3.1159551324965626 3.330259806668346
349.6002481445177 1519.2490290861792 10.0 0.34085901561367454 3.781835338069815
737.1887040299281 8983.746338056659 10.0 1.1949416472819225 4.7276698389209875
397.3739789713989 7311.735964375028 10.0 2.675634628232529 2.644523798662065
257.28404018263996 1187.845855009979 10.0 0.9801077739648667 2.7869774227444806
203.4556870903803 2040.6470359531404 10.0 0.06439258605959947 2.578817921925496
760.39427854121 8530.233542811184 10.0 2.6198778468884862 4.718741552963112
34.728686880087345 5154.175687947856 10.0 2.7655171438883293 1.5835088498017715
533.1465051590408 7097.148913771662 10.0 0.5425565416750666 3.532053336085294
478.8959816382532 1881.18751499184 10.0 1.8511641370377487 0.7714983206399668
549.4924793138299 6117.645077796015 10.0 1.4398831726778039 5.522807369375855
537.3690087900463 8718.594959538423 10.0 1.834291817598138 0.4438686042650677
295.56180044956295 294.5308582658679 10.0 2.8918997363937002 2.400988805089261
472.1238010279817 2146.882992417942 10.0 0.836809202801777 4.628841703678837
959.8100294623849 7257.993598952671 10.0 0.8768681557832575 0.39345845042746663
691.6806208906805 9987.844493719194 10.0 2.643240612011265 2.6942453008460756
398.61890403445165 805.965197466223 10.0 0.9475936034656748 0.3180284781950611
211.3633833327755 7318.592283971669 10.0 1.2564421618691544 5.027048747259794
537.5040927127689 3095.2937889868304 10.0 2.357722807038662 0.12460271653768468
472.99518456354696 1355.9064482068961 10.0 1.879417981949016 3.9992151112821914
118.08745607376514 1447.7835412819927 10.0 0.6052064625595447 5.005362591681893
559.1860058374266 2224.9818912177875 10.0 1.6610123023011334 3.1868767634990967
950.9893863304768 7935.165059261389 10.0 1.238441316861911 0.3308463349618355
87.36899243034202 9026.637076274308 10.0 1.9835055218395101 1.7700447631146976
84.79800745857757 2407.05908358843 10.0 0.8568903004019357 1.3191976269755563
318.74159255187396 3117.0488111085547 10.0 2.3334298136050853 4.8232290090061385
551.271261683546 2125.9957580847454 10.0 1.9791224837409855 5.890135535844364
267.267650953397 3014.07172374758 10.0 1.980537564618554 6.114437917322349
596.9281652163029 3673.552075940085 10.0 0.4313128383559373 5.451625342377679
843.8967643339172 7844.208558605746 10.0 1.9177390532265808 4.698159390466652
561.1853708383236 5291.670151993006 10.0 0.9335685617121693 2.592915177798343
321.1572838764185 8744.292692129759 10.0 0.30022089907637023 5.0613820118282264
811.1954766857464 323.21811153095956 10.0 1.1079187656260265 5.07795248811394
653.2789516414699 131.94311244952627 10.0 0.5400980972078532 2.41799888960363
393.5432709875486 4915.857956508716 10.0 1.156130357173038 4.8031041241537
437.00172751425373 5258.859297298231 10.0 1.7328665269485883 0.3000252985436607
312.9560913369894 5653.27929390728 10.0 2.9931316960586862 2.219383319316078
548.2268157835131 2961.0125838702907 10.0 1.5675835730187595 2.3507122652008112
598.1845553066165 5277.866639893509 10.0 1.106335677360211 0.060103975027162436
739.6661872782568 5019.801092351585 10.0 1.8173958340182028 3.4768381554369
565.2100570528736 7168.857172845837 10.0 2.754071159509692 4.883016332252541
734.6470010214887 6048.228745598296 10.0 1.0092466976561787 0.8050779198454239
937.9350259502847 1740.0559783540514 10.0 2.8043940691900087 1.108551707719396
602.2269754576458 316.1717959142874 10.0 0.49770073188081687 2.4758397708922333
736.5125579680896 421.1687139965703 10.0 2.66376637878598 2.036673242961059
448.77707596010276 2428.792581839484 10.0 0.6877345158596573 1.3123967856454728
93.47121466362796 5386.814639183853 10.0 0.16766993606318373 1.1522921972612936
711.18768043414 1272.1683217417246 10.0 2.6358559404233386 1.3544452877136903
407.79168246173845 5697.284333713921 10.0 0.6127360847052312 0.45837753110890284
586.8546418757971 9140.191761398146 10.0 2.769977832243337 4.60365376030711
497.09116905085193 3015.10035646287 10.0 2.5059948384744963 5.120165300586809
385.6013277456198 456.8102157598286 10.0 0.6697951094254204 5.129636060806542
658.0721476086592 2561.44896765244 10.0 0.35684298387265495 0.9383678887444297
838.6928836543708 7007.663174847062 10.0 2.9357034425194364 1.5564646864260288
795.3913629409384 7476.541240623321 10.0 0.4988366572024964 1.855127285481654
650.0991215946776 9095.182406265738 10.0 0.676507266811027 2.82152818637645
29.105538883065773 7247.965800597621 10.0 2.7315149667761665 4.939834417498126
825.1621535558177 4531.216139902543 10.0 2.604123825007826 3.6693316681107637
440.85005122508414 3371.1011276081126 10.0 1.8888274106721443 6.032000111577609
561.8250887992265 9881.24029871399 10.0 2.3053628960209647 2.161413524218567
868.9066553325639 7905.641092910017 10.0 1.3942769048223682 4.5944883789601505
739.5779528848325 874.2194787540392 10.0 0.9488961459659698 1.1074599637847085
912.316733889809 3092.306210907092 10.0 0.23236950599447478 3.299443774805712
291.2772733856763 1392.1783326753623 10.0 0.12581218622739246 6.008530197013684
554.196116684737 2693.7933073323193 10.0 0.37435401205187874 3.1568532891060217
992.9951998082721 2953.549859645116 10.0 2.8296656971081373 2.258177651401187
64.4078708067628 8224.034521093026 10.0 0.8002303575135755 2.8496682533458215
457.0549826357796 9104.358499195456 10.0 1.6770656089581275 2.7321957057987074
91.74923983688355 5729.823034386506 10.0 1.5930669340013948 6.2270182961523295
363.40847784577113 1631.3035633741547 10.0 0.2286931993252587 0.8579199595202259
105.80895903794118 1288.8686253863568 10.0 1.526363592838754 5.778738476006938
214.51237515978804 8010.804406488484 10.0 0.9587008953639 5.116818340095798
598.6512368829698 5888.347516157163 10.0 1.6249271314986273 5.733003025544968
148.85897283866655 2008.0702591044708 10.0 1.0199936830659082 5.779259512992046
706.4826969848282 2848.0084925106576 10.0 2.832384978142776 5.476396797603727
598.3182643360516 1840.2562001005008 10.0 0.039179343927117076 2.7013068511029985
161.45847390747736 3451.8953726184286 10.0 2.411821750434999 3.7966227128458248
824.4471819758194 2817.7696090477243 10.0 2.9692246035957317 4.672685615414279
733.7835855587521 8952.751153855568 10.0 0.774609375013969 4.337441445475291
618.9222190734461 3877.787753152341 10.0 1.8132513286287568 0.3404709180083401
574.2661854269155 9613.165330300673 10.0 2.9435643424025284 4.2262216088717395
703.2522516930997 9924.050031468352 10.0 2.4997151526257206 2.8348006223156177
117.47855659052553 3947.5275496981853 10.0 2.783556079500487 5.953956393665485
612.9268352367578 4386.987095237804 10.0 0.6117886801200837 1.6167443534747121
455.68233900519664 3828.847239663359 10.0 1.7499430262926103 6.193796327682515
101.15734094951011 8918.249994538064 10.0 2.0963203839792066 2.214451969067368
343.6741127671025 3624.506469755151 10.0 1.5932745257506342 4.779540069558879
347.3662447902536 9633.699558436398 10.0 0.5091745001025535 3.0756772886283223
244.707731999258 4025.0047106218512 10.0 2.3502826077537455 3.238100527046558
505.5813749583935 1818.9223625810446 10.0 2.2099334228037035 5.3797964914158225
77.64946500519798 3729.758659025444 10.0 0.03747253503376205 1.5398683201219934
377.8911085285919 7511.331926807129 10.0 0.06719298512095806 2.4267892889398497
575.5223874901588 4654.021824919749 10.0 1.240170304116405 3.3016930189986518
248.11692860340617 2872.920230087922 10.0 1.2246007304711266 3.6055988617742423
415.59610684612005 8820.983249592278 10.0 0.31864944070937556 3.5488864388818198
160.85950379921198 4767.721091136199 10.0 1.6348838427214536 5.001819992609202
531.1781823444244 7603.110572585484 10.0 0.8268443299990538 3.8284859725865013
181.07444070493273 8458.04670219012 10.0 1.9164442622183029 2.4878337751356434
265.2635054968516 6476.79778498279 10.0 0.16173526370700833 0.5058514034180426
419.33429581206474 833.5635581541445 10.0 2.7928602658520654 0.1960442785999232
276.19772975737965 954.3820672112469 10.0 1.7601529666577207 0.4616071610685894
857.9326473782313 6087.265417844925 10.0 0.8424449368103477 0.2625931869248147
355.51120009002426 1857.5904214752127 10.0 0.5646246146145824 0.5962282641489473
262.98677646985067 3252.4088689604323 10.0 2.92881349204532 5.2820227743921055
568.0794790255711 596.4801244438834 10.0 1.3626210854251382 1.0672446651107426
717.6952568350544 7514.474721457699 10.0 3.0705894354302576 3.652300202900618
374.7669122820121 7617.934231847712 10.0 1.5836601161648562 4.374324619673245
561.9063397507646 9712.214020929101 10.0 1.3822589752394845 3.8081935817369508
647.709129405822 9687.776384123941 10.0 2.8710133162843317 4.2437673350853
773.1539177828068 941.84481238899 10.0 0.9903219229188223 2.6994112683884492
738.3911832792081 4170.564282121173 10.0 0.29123301288138886 1.2506660895534523
74.31669283264775 1678.4610537638089 10.0 1.2956909943590458 1.6353820804467942
8.677216499891394 971.1289877296036 10.0 2.502670881850394 2.0063830691472266
303.05742926717795 7328.715413654947 10.0 0.45550814150309477 1.9769815864890286
484.948082807065 5301.917108766875 10.0 1.9010747639078238 4.292076754690483
828.1980292638422 4628.838321242942 10.0 1.8933860805038683 2.690892149010794
545.5030574292521 6940.203544526814 10.0 3.0413080167420303 3.505741644923425
48.18706529837647 5802.058504675188 10.0 1.5829261852255248 4.503533902944808
801.3821315829331 4139.233117919705 10.0 1.6497385848980832 0.8123494368192472
256.8156931719675 9889.482393916718 10.0 2.7498007030243348 1.8295512973867625
580.7647791285035 2857.3563119197797 10.0 2.1059904754791954 1.240665156496522
411.3384389440649 3168.5009771675286 10.0 1.7505281372630364 1.769307968919257
677.1016980630153 4469.220639998216 10.0 1.8369212972324922 4.107473362004023
588.1549992344966 3072.7824554014637 10.0 2.76880275369111 4.226488281312442
271.1357650335484 7623.079664507679 10.0 0.6563871014430781 2.2871215596603323
161.20928749080034 2527.912504101786 10.0 0.37511912806124026 4.4314064538001245
186.9683553733793 2408.2832043534563 10.0 2.7635671713106826 2.1318970524906873
988.2621860593842 4116.749650962624 10.0 1.7277191417279907 5.328194617134473
892.3272742953728 7497.010969434637 10.0 1.8891670800047944 2.0213245116951777
140.1937523686907 5988.552735753974 10.0 0.7570649041191524 3.7220994414154203
903.1927423174081 3424.3096614175197 10.0 0.5544787098094507 1.0361624527383113
958.4918531530409 3925.9462474859442 10.0 2.815402774999236 3.6185057578715427
502.9373303769767 7670.502409341393 10.0 2.0963369789822037 4.009520491502889
476.0827589584927 6483.784453877648 10.0 1.1380469054305584 4.941952005798062
936.1365037765987 9710.02484267186 10.0 2.861006247580855 3.344686501392161
486.6604865948774 2613.9782556212554 10.0 2.0271524309243953 5.358792799319908
487.2057523735861 6690.755999749581 10.0 0.1890565129327634 1.2414597274553052
797.6707719526347 3690.346052975648 10.0 1.6754017283012648 4.232478831306997
104.0205861761857 2907.9056013127456 10.0 1.182761893638436 5.596689502266973
452.10624478177454 4347.5512905815 10.0 0.5448004482360361 5.594404022988163
476.6757090357563 8736.517616896755 10.0 2.324987497378358 3.5305524394405317
954.2686804010042 9048.189234630914 10.0 0.6295075818758299 6.017697810694746
731.5396868499196 7186.656943701608 10.0 1.9101174886516679 6.025495750947755
784.6550265942203 3792.087212905365 10.0 0.8320605612484184 5.117616647253939
150.7611621960153 8745.336369015635 10.0 1.2188236275950022 1.1249686897986966
739.123013607177 4881.876923007376 10.0 0.18457047824789524 2.5747653919223343
577.3830435685102 7669.25175337321 10.0 1.41935530708841 0.28505442450292784
877.4928592370172 9158.905348979642 10.0 0.582302560317614 3.69683701094848
416.22084779956117 5392.384617191813 10.0 0.8218365601585085 5.901349709846372
116.74134631405508 2623.5449032938086 10.0 1.4824573694666177 0.5566962101002364
390.66143757186745 9212.533437049344 10.0 1.0390476491542653 6.064386307684828
753.944330083078 6853.964491525215 10.0 1.7975134902703713 4.12956964281805
465.5384145593995 6920.8419985612045 10.0 3.118231830188828 3.636721981079162
454.12404964110755 5137.426363526767 10.0 3.006742915119683 3.3609800972646906
596.2404473580408 538.3794810013131 10.0 0.6266079455472596 0.3510305602775262
488.15753190688514 2728.1684367614766 10.0 2.011722313448701 5.1280063140399745
214.20872768650568 4823.841291178832 10.0 2.591409228272843 2.7125786198749635
255.90218660753717 8145.937477147467 10.0 0.7461745601856488 2.75117003617439
608.9798861736343 8716.429121510848 10.0 0.6001445438051396 4.962936378435763
379.6950670222027 4929.2331956040425 10.0 0.6456114384168563 5.028383133974676
616.9305388606846 377.9755990183364 10.0 2.4972938994256824 0.180348262294444
903.3817087035653 5757.327081030649 10.0 1.1331294851125129 1.7225919271116497
276.87966907485395 8998.372968761087 10.0 1.4300414608729737 3.047944673942243
382.03132639087187 3355.1180395641322 10.0 0.07196195313617904 0.6161428425251867
362.70535107877566 9028.370805909914 10.0 1.1084594968924262 0.27673513201940775
897.4939013557728 5094.8875432589975 10.0 1.203969693596948 2.6387288974608873
953.1317146784189 5003.804509651817 10.0 2.1610642778143925 3.8517169881249864
284.9561405602422 709.0171775999577 10.0 2.962730083143854 3.0580514828065772
448.8426050400741 7625.317114434791 10.0 2.9069145711380004 0.565927661423717
105.65204103358927 5027.728981311486 10.0 0.38394531544892274 1.478985259305672
697.0782317796221 4257.635352184121 10.0 2.677378261109342 1.285105529326993
150.88452675775477 155.91526766976727 10.0 1.2053645601695975 4.967822371151683
133.87094119980614 9512.466151781338 10.0 2.8892745099080583 5.3989383778383555
512.5144055579689 4003.1154150553293 10.0 1.4851451372326998 3.9057924935390944
104.07627907883199 4079.071752722835 10.0 1.8564985979986566 5.361747882402017
505.07277801183704 4580.705794411094 10.0 1.9414594315432947 2.2778057287437323
769.3559174702717 2466.589097708698 10.0 2.1037813652703417 0.7166273166497285
974.6533917430867 1980.3641211402612 10.0 2.4882903363787543 3.460798668003164
264.26838194959936 2822.1545868051867 10.0 2.6077459333253405 5.1342145912134125
779.7407825404014 2447.870152277801 10.0 1.1923515192376624 4.94329876443739
10.623862194686918 4488.896803193356 10.0 2.582894538906618 0.15215160280704454
479.130986240218 1466.306624173188 10.0 2.6703166249770307 0.42995580368029324
350.2596607337837 1467.860751838862 10.0 0.233263265623366 4.500380196011254
512.1005659563647 5262.7210849194435 10.0 0.890237643800495 1.9219556616925082
906.3920039547577 2447.923762403844 10.0 2.0918031929941914 2.211617880634625
405.98049272625457 2652.3128892951618 10.0 2.657392391071049 1.6872451920512086
333.7010160782845 567.7686093926959 10.0 2.806279560675036 2.0747198179603488
796.2911084442558 1634.2072770532768 10.0 1.7705707547370997 2.9504125980907663
367.3047962555995 8573.973330300343 10.0 2.8300281938785483 6.18779132758845
294.5943589746607 7652.8777475851975 10.0 3.1157620284977634 4.658634393916786
330.77872149066366 7539.28396530712 10.0 0.31441478581408394 6.230715857440892
489.2194592596506 2939.2818555437393 10.0 1.9708642167716954 3.1800856649333045
513.3766680559999 9805.126942574017 10.0 1.0993906556242568 1.9838576856840249
614.018513590807 8845.769628796714 10.0 0.5096180114448222 6.246968871509629
76.61001333172813 9312.430983466906 10.0 0.3777518342660088 0.49137554667960975
670.3079920892429 5588.8315959397405 10.0 2.906701257576658 5.760628459643035
400.34076055977 4984.813985164801 10.0 0.34984685360529655 6.103873228671215
37.152653618132916 6313.742271978889 10.0 0.34635361095854916 2.1602805156224067
28.545192335132306 5328.202743323996 10.0 0.16557892818132963 0.6395271297838705
855.147957733744 4895.170187231041 10.0 2.004596649841973 4.981674795832489
624.9041196547613 4910.945219084094 10.0 2.0500980674647913 2.438230023292243
718.8571014133312 9387.808147384203 10.0 2.3561037828382845 4.917845966980128
598.3759609825196 5888.477029105854 10.0 2.896749915257114 5.627558851609741
463.0593713665128 5541.093543166955 10.0 2.136841515581907 2.229498359429872
308.9091279327125 236.60908999007412 10.0 1.0865106853219073 4.614030097265743
77.96558259003805 7292.075750330547 10.0 0.01707371619800313 1.9941777835376158
13.449721062719021 857.4926568435692 10.0 1.9546419076430053 2.5078243564484524
38.55706300456452 3650.496936619941 10.0 1.630015525736094 1.351514621157277
962.4009900254082 2222.3298049285777 10.0 2.969107638591196 4.290921414110893
583.2045136269018 3890.147265245019 10.0 2.2806375895305737 1.755805747158267
306.69050941783473 3714.8889469229184 10.0 0.16095299410628622 3.392568589765301
726.7228688402145 5460.555670627653 10.0 0.9754811921135118 5.419773440049435
725.6017555448924 1339.887995803385 10.0 1.5835741649398432 3.32273072436658
43.018404259251966 1533.0814427667972 10.0 0.5271875915447982 0.6864347201722255
935.5259087745499 5960.308714687423 10.0 2.9472825080342613 4.487627160957517
502.4843881164519 7595.467125445046 10.0 2.6799173393245006 5.468663320535947
489.79036553767054 8727.704044081724 10.0 0.7414823534648294 0.9795951045979806
899.3015758200507 9008.916250985258 10.0 1.704049316681249 0.7057794874637233
529.7202838379392 6869.561575343729 10.0 2.703254031185065 2.288388561404002
653.7996573455318 3941.756938321378 10.0 2.6850929722035524 2.0475337391028092
397.08905772903336 5497.783992229202 10.0 2.5597160273882595 2.204038424523385
25.03605396909181 8593.756292702321 10.0 0.4109627736085928 4.325445317455464
268.11437990068777 3602.351810000267 10.0 2.995866819101579 0.9645686906432726
18.74825596084517 4125.145814229215 10.0 0.060420662484288234 6.181158416531486
219.15594429298068 4894.227818356717 10.0 1.9390022382014402 6.060287917900308
525.8358369761232 7204.421039911326 10.0 1.4596662195694794 3.349816901365091
384.2709635927538 6661.567887112753 10.0 2.549463332749082 1.5090228664066077
476.52865713755455 8588.979724260269 10.0 1.4063447166500072 4.030078187115071
114.78396331342677 2303.299999573569 10.0 1.2787185360472517 2.6511643181586124
45.39721918293071 6652.656791218863 10.0 0.23060143561892055 1.9626613377355149
301.02690065224624 5704.13386285394 10.0 0.24736959797090574 0.9249273750927614
192.3616971221226 5274.223268170639 10.0 2.6898031960346507 1.4897499155788874
266.40597296868583 8115.063332622248 10.0 3.016472641549489 0.49369492973662704
74.85557942631127 8000.909595494739 10.0 0.9373515878600859 1.9428129593393868
893.9513652437109 703.4248210760097 10.0 0.7348557933281034 4.592924761115532
116.30049834686163 2901.0143384303256 10.0 0.3480438139603047 1.0736471643056515
895.5061001979478 8436.574298161333 10.0 0.4128089910582902 5.81363259317477
766.04826934349 5019.663388581016 10.0 2.1129780690215654 3.4160154411778687
383.7103819895048 3463.2434471391584 10.0 0.20306512227643378 4.694341506435807
235.94649615221653 5851.781650398925 10.0 1.8156631028944805 2.186501765197992
156.9374258061299 8656.641384306853 10.0 2.709356665106652 0.8827704882536945
748.6838772314619 1746.337159078234 10.0 1.154534379000313 5.434958623825391
357.33749954857853 4483.359449239918 10.0 1.0485973109826603 3.2302957976108675
83.0717106778115 5655.925064121704 10.0 2.4881455442072604 2.7965337419125964
412.1458048414289 4862.1461459146685 10.0 1.9834351148921612 6.222055498809077
451.41753218413015 9145.74762521393 10.0 0.6469976602866232 3.2459159473158907
418.4109161176359 176.61160372179017 10.0 0.4308744747246612 1.0968775894014196
994.1473607798082 4076.058921263479 10.0 2.94933093274932 5.648265278925392
381.3000085100897 8105.926180040013 10.0 2.650435809665245 3.617419534118959
426.8327327949821 5872.132430904456 10.0 2.3294514386575322 4.233133364554611
966.1366470727359 5437.572945908856 10.0 1.421976677258294 0.3402925008782239
624.778663512384 2795.8159384886926 10.0 2.0601595711724277 0.7415842465456832
674.3281205731614 6526.221135161287 10.0 2.08743945565851 5.833262577390355
180.3291714340789 8132.736766736523 10.0 2.840685503805086 2.8507061795530446
603.3379806204962 6562.777094805564 10.0 1.1958524187311073 3.884005012118165
218.0459011297159 4709.216351153468 10.0 2.037011863576074 2.616873013050173
200.86019567582636 317.6810836158428 10.0 2.4886827872781763 5.988209799610672
2.9170085847756155 3652.962447293021 10.0 2.239788223951387 5.648134088340895
673.3513630199332 9522.508170354324 10.0 1.8099987697494289 3.303103234787249
