1000 10000 10.0 20
100
108.71684776168011 3138.554724205326 10.0 3.0752209674819255 0.3866230344336424
251.46741376676206 2625.3599408708305 10.0 3.046604320507771 0.6720465487825599
409.69081098002215 9879.87810667595 10.0 2.0963851776745903 0.23190145437246615
523.6887847443247 6646.508472639183 10.0 0.13787638739751304 1.4859923218137066
932.2281879656645 3508.616963991683 10.0 3.111899536119478 1.6968806563525396
717.6710266145676 4484.297594648951 10.0 0.863582021467284 3.437271713081058
614.2467292261898 9351.712757845851 10.0 1.3558949381684315 1.3322388165876238
937.260022528803 3919.158806678119 10.0 2.8987223937892157 5.444754875372334
695.1308963316045 2761.650138689947 10.0 1.9616371557753103 5.04129135989258
31.51346506575914 8564.948374028425 10.0 0.6239417930326568 3.313193964329146
411.3428492688947 7149.609095072677 10.0 0.5933201662269108 3.142741473914824
512.5104232925372 7491.758817421258 10.0 2.339790894090965 0.9689675949939792
613.9695298207646 1613.952069895176 10.0 2.2711055985959265 3.0593377568171265
381.4249745330773 88.60057240096752 10.0 1.6918554620918411 4.52482682062212
343.3619096516944 5078.113068063927 10.0 1.7271833726014307 4.988849353420219
23.020187456752495 4330.011697139379 10.0 2.9664144019832754 4.695976166670539
646.0229225445798 6351.947472625468 10.0 0.2124756968147205 2.2633105565964247
578.7189107377737 9110.663230543007 10.0 2.781351126563435 4.926095787521364
168.90009731702494 2030.6057940682742 10.0 2.512112755717309 1.7086909601816325
458.4073931277024 3812.018303074178 10.0 1.1284455573075884 3.356266719769101
316.2391202879079 6644.995061764934 10.0 1.5450593811342206 4.339274618110351
901.1280774330454 765.1110375656111 10.0 2.411234798864861 1.7033700187928815
4.1550069249642885 1977.8898156413015 10.0 2.690968265191233 1.389160641483266
744.817720900098 8773.504609038386 10.0 2.4655493439009084 2.5879941014800667
298.0763739365291 4959.7540973657515 10.0 2.542655331506606 4.554989288034339
815.2473707635253 8360.493234204141 10.0 2.317526194493011 2.4049770885318495
468.2198565166301 6058.338708825186 10.0 0.9308105879393754 5.231078536025379
594.3200270858832 1904.610663411097 10.0 2.2547041140573323 0.9668793087436387
248.25040787573383 2576.1149136635354 10.0 0.18924813044373537 4.133188546596914
77.88261850211553 4327.504506790881 10.0 2.827835852774513 0.4559926797489611
332.28384776350384 3769.607732062302 10.0 2.963066264884069 2.95050780422825
983.2084135688708 2498.243661231562 10.0 2.487338521503043 5.490403183769338
395.38809001986584 7204.691271137575 10.0 1.7979305927201943 2.032703877823153
716.305815329844 4018.117350369985 10.0 1.1932566367953603 6.264494624631634
172.7389613753244 8261.908272557603 10.0 1.6579799491525231 5.707378042452628
759.2105037125923 8549.991181583673 10.0 1.2734553153943353 3.693295147544525
382.58722780134093 7205.876096237926 10.0 1.0663267598768869 0.6949481642976081
387.4163294756464 7356.279402727635 10.0 0.7317522529720194 5.113982546111936
528.1927927857797 732.8437804097665 10.0 2.8607818907350713 0.3224868387544613
877.601916870786 9209.599582160195 10.0 0.1258347935966966 2.350060268295096
863.8825422732039 7410.458597122556 10.0 0.6791274068307591 3.7646117972512316
615.8086842131058 3340.1700123903356 10.0 0.9379119491803813 2.063186888979187
60.387822996766594 8923.809351179505 10.0 1.1709938938801405 3.8536591799506166
766.2269936545823 2584.0122610944727 10.0 2.4207808980855448 3.959245820903462
354.61809599670624 1541.8047670613232 10.0 1.347126587792094 2.6429790505832105
410.74632561827883 2396.0225225964937 10.0 1.5457945584223407 6.198414073031706
219.02678930509433 4717.952647215023 10.0 1.4834507818290328 1.7611742806624455
319.42588371509873 3891.972777948647 10.0 1.4646138831473126 5.832448375634294
835.7257798331339 6239.600008908087 10.0 2.835850989853048 5.280938846763223
762.0418608763493 1583.50653429418 10.0 0.12450924178262632 1.3623167762871409
910.5044464842737 5839.6978713681865 10.0 3.0388306677663253 5.281906653342892
20.867675666477624 8970.188736039036 10.0 0.5774091392885582 6.080098195032457
611.9101492125264 1685.154104158355 10.0 2.846617610795752 3.5391337973656913
514.8433126516944 7652.674544007668 10.0 0.4852934850940095 0.7484617499751384
670.5454576510703 6655.832718595596 10.0 0.9615667571751867 4.9591037166125
695.290023634783 8131.05918281351 10.0 0.791334670204164 0.7860588413786327
923.739483219419 3828.2691971447357 10.0 1.6039985628850333 1.6373592761429558
123.32681420445269 2952.469603811447 10.0 2.0549567592131877 0.007729305715194517
840.7485563778548 3078.1562937877725 10.0 0.5727509287921715 5.681766456888736
389.1447712438565 5371.963963658919 10.0 1.7166788039148033 0.6453744257960138
813.6431484519936 3215.6699748063243 10.0 1.1541209855303693 2.020656407388925
783.2955142856016 9190.796462103339 10.0 0.06082115312477367 1.6541391583571303
249.03707690829768 6567.691646610996 10.0 2.0665285749862408 1.8619650893559356
880.1501020293558 7936.115699690852 10.0 1.4384023906607537 1.0917191949428513
745.8151260936075 5420.995669502988 10.0 0.9445972934975491 2.0491730039119833
443.68460985415214 4046.154173519917 10.0 1.2395474219042253 0.8143605446688365
894.0155768049235 2240.458676530812 10.0 1.1030778743270584 2.7058288020349326
315.748642586268 1224.9747620547334 10.0 0.1556042104631628 3.3039227932821245
480.0237543507636 8076.356492577768 10.0 0.6816602120811611 4.653386184914658
196.97285679375287 5630.833679767159 10.0 0.09197555007219249 4.577537697249924
133.23276809536756 6074.811505836564 10.0 0.6057851947518523 3.9056573044010126
480.47207724344355 4062.2259761395717 10.0 2.8515103524944996 1.2685671665216234
699.3279172255203 9505.450102824838 10.0 2.610521082296862 2.1139811004050237
548.5000296374786 9805.673730349548 10.0 2.0777767039451933 0.12242888630672995
875.3507643679102 6220.336520870834 10.0 0.7758926645236272 3.1425217136825165
192.21184958205694 9309.31832230305 10.0 0.5736354817713593 0.8721041553599741
891.6993145438942 3958.2422076823586 10.0 2.2233770783090847 5.223017403279012
64.69093379783352 5346.383413342124 10.0 1.072934907145283 0.42715759240328693
276.220472452938 3408.314881259896 10.0 0.31134220148159025 5.9922828043099905
327.39613706250856 4832.566515520886 10.0 1.0099507691600318 5.049044636776323
985.5509995047665 8447.209732528281 10.0 0.38179045726059546 1.5874552394378945
900.1855158165506 1961.4245161771337 10.0 0.6254471706359909 1.057165591249657
438.86328515252325 5463.7449522910265 10.0 0.9758327515477602 0.24387603241204395
975.073180716155 9821.816028582356 10.0 3.1177047064702132 5.826926097013279
239.17217629871658 6185.1448444455955 10.0 0.7251236464272914 3.2962662294605325
703.875153590576 6161.458708334262 10.0 2.0402241007165562 1.9694074614803032
617.3590377652195 918.9303973837204 10.0 1.3809255040239958 2.302422167782311
219.90072403270645 1460.6705902565454 10.0 2.198694242002322 5.259205947420472
884.0693546543273 1624.524226299543 10.0 0.21901266772022204 4.8803475786382595
403.8453724433968 9980.353510964178 10.0 1.7046900061216013 3.226599795385401
424.64019115316944 6728.627895684539 10.0 0.40154743607127674 2.8895672581852443
54.04177711013103 6948.280891830591 10.0 1.8590418729788116 5.55582161616737
22.213570739321398 2098.4375661565236 10.0 2.6890083362171264 5.503279575339159
371.2247262713907 7547.7553235898595 10.0 2.367472397471807 2.895859977984179
544.192263703267 5086.758731616518 10.0 2.370913588778716 3.67820346728448
917.9666539129996 5872.69636466508 10.0 3.0083483219096387 2.968934030577266
277.193994791492 1063.0817440498297 10.0 0.3615144268827133 4.276740693932183
462.9398065122968 4513.221386752838 10.0 2.241865760706694 0.27332489417453076
445.6605494352778 4344.683287807681 10.0 0.4929214173971602 3.489901889600228
370.1611708805632 7935.781593388528 10.0 2.884943682991386 1.1418205200207394
