7
166
8006
[0,69,47,87,81,86,138,106,124,38,63,122,16,125,157,19,110,70,49,66,4,133,56,155,6,60,75,83,99,95,154,28,107,26,3,135,30,48,71,68,130,140,1]
[0,114,45,109,78,5,136,112,111,131,32,137,8,17,9,79,74,10,156,55,150,43,35,34,158,132,51,105,143,1]
[0,128,59,152,29,53,169,14,118,7,46,27,41,162,57,167,97,94,61,80,134,18,23,12,117,1]
[0,91,170,141,54,115,127,15,72,147,24,161,171,163,40,33,93,145,1]
[0,85,164,89,144,104,119,25,22,36,149,13,165,139,31,142,116,98,1]
[0,166,126,88,82,129,102,64,96,2,65,148,73,52,21,120,1]
[0,90,168,92,44,39,58,76,108,160,1]
