7
139
8695
[0,160,60,34,135,194,147,104,2,23,21,13,14,54,71,101,64,7,53,12,55,67,106,44,166,116,190,3,85,17,25,26,28,45,201,87,15,115,121,1]
[0,82,95,149,27,9,65,150,31,43,107,142,100,58,143,42,73,74,181,105,191,69,79,169,20,97,40,48,66,122,41,96,159,50,92,1]
[0,88,144,24,59,114,145,30,5,94,176,76,10,72,124,39,131,75,120,198,89,70,157,177,46,123,35,167,29,138,38,19,11,37,141,137,1]
[0,189,117,81,111,187,36,175,179,171,91,200,99,197,93,134,139,68,6,33,184,130,128,62,186,1]
[0,164,125,63,80,151,61,161,172,57,162,193,153,51,18,84,8,1]
[0,182,4,78,133,110,170,118,47,103,119,132,52,112,196,113,77,16,1]
[0,140,22,188,108,56,146,158,126,155,32,109,1]
