7
136
7281
[0,58,162,156,109,194,7,87,33,2,30,100,98,116,152,55,20,67,108,137,184,114,90,164,126,4,9,124,153,36,21,78,17,13,197,41,160,121,68,118,132,5,1]
[0,60,57,136,146,70,82,170,47,44,79,52,12,35,59,73,89,148,11,111,180,157,22,75,66,94,65,104,39,38,107,24,190,83,26,45,1]
[0,18,93,133,10,198,173,187,64,176,92,77,193,130,6,19,25,69,185,40,96,186,141,171,200,14,201,34,81,167,134,120,1]
[0,138,159,80,165,49,128,46,182,43,97,51,196,191,31,158,42,3,140,54,189,174,163,15,154,1]
[0,183,23,123,53,37,8,88,166,151,172,139,27,29,169,115,129,86,91,95,101,1]
[0,192,145,119,85,175,62,106,188,99,105,199,112,131,144,76,32,72,1]
[0,113,149,50,56,135,122,71,28,61,181,1]
