7
161
3401
[0,36,170,4,13,116,27,143,52,26,67,35,130,112,38,48,15,24,5,41,81,65,40,98,6,42,84,21,9,8,105,85,63,62,144,123,93,78,86,11,59,96,37,1]
[0,16,57,30,154,160,149,137,117,139,45,77,17,129,111,44,39,71,49,133,69,29,80,108,66,128,51,34,122,157,126,1]
[0,120,23,156,152,19,146,72,46,56,76,162,102,165,131,114,161,104,110,22,132,97,25,145,155,118,47,127,53,82,134,166,1]
[0,12,119,79,138,89,103,55,163,2,70,10,151,124,125,87,115,7,83,92,90,43,60,1]
[0,14,74,50,73,159,168,164,54,3,135,99,171,169,64,158,1]
[0,107,142,106,28,140,68,148,58,1]
[0,100,109,141,75,121,32,61,20,1]
