100 20 110 180
62.70540072105545 16.641904090685532 2 180 53.07852686593592
2.0287477992558145 3.615567607287822 2 180 227.4042455827122
69.4985680753842 16.606315487927308 2 180 335.25514209436363
84.26477063627763 7.4753849773034915 2 180 357.5260514978097
23.1165316354076 7.687929304158809 2 180 113.74624029852397
7.704561387907349 13.09604934040146 2 180 119.81510947178768
51.58826775388074 12.095978221647394 2 180 179.2878135259405
78.79359074020394 16.887507149842502 2 180 61.72808410410376
7.791826634311794 8.701213344961918 2 180 302.2809582156992
44.80689012970053 6.165499668977832 2 180 298.30965758261533
69.81936350256935 4.501911115286086 2 180 6.369226915262338
33.663364894175196 6.483821806894719 2 180 127.50403457975759
80.31348048567203 10.217220121597606 2 180 312.08326589815255
74.13074306613976 5.210677428697894 2 180 43.82232248222012
23.701333495153488 18.261447590330672 2 180 338.00624734276533
85.47079702997978 7.188364159930993 2 180 273.355882361571
8.641736143244138 4.669009035077991 2 180 27.422952236420105
81.58836192687048 15.765550549733788 2 180 51.73207910771208
99.9646660439758 0.8629347483721461 2 180 15.324431950954637
44.3076790987023 13.809855647878969 2 180 18.3529462248741
21.816744084173756 14.79091916426877 2 180 8.205536936562847
82.43155188797256 6.077300216360366 2 180 292.2088319870227
68.83740400084845 0.0050727684021412145 2 180 359.6973771096008
64.48088475990879 18.42905269263437 2 180 356.9130437408261
22.498174862771215 4.660668438239453 2 180 39.229673936918154
33.01539513324738 18.05174422265278 2 180 338.68134197567423
78.07377259784222 6.893512500447272 2 180 317.2498811296086
24.56358814880497 19.574998189265173 2 180 257.22575227916946
67.22300530324475 8.15586939090222 2 180 45.79699722614068
11.617600626129953 7.620773645386216 2 180 265.5167470692092
80.29703159082776 9.210469979396805 2 180 152.31913187167424
89.86425858849636 10.008162794417078 2 180 12.78694669395222
90.03159542010002 4.776746789399066 2 180 310.5437284141167
75.62858647471597 16.0314396317087 2 180 141.8221196675454
88.30074005995593 10.28141967384916 2 180 246.0909502373563
84.0132766838469 19.698003429234113 2 180 165.45863157120266
24.506531611106542 8.587616112156041 2 180 245.62129978544428
88.85311694717474 2.638354175959592 2 180 90.34875117692978
77.65958854789383 14.57618157795417 2 180 14.010906129519034
40.60522505010269 19.976991613294476 2 180 163.66400975688924
74.28838011464354 12.45547234735525 2 180 139.8610563882037
39.71512126484832 4.488104675059548 2 180 38.80017324964534
46.33305891568674 13.92002267350411 2 180 39.20304468762675
40.69832303641191 19.872702307813725 2 180 40.77243248538023
92.77692479813724 6.814807144760316 2 180 312.3157216056725
38.833110398185674 8.316405943576035 2 180 185.41532401001413
96.90216106762063 13.653659043774002 2 180 109.01167948274956
67.4606208743549 6.264078643639623 2 180 196.42470404371753
58.99607973028089 9.863574415689191 2 180 81.57837562680388
92.73438568667443 6.535748781707495 2 180 111.51838788152838
28.661528472955467 13.469332998661393 2 180 57.914472660607366
25.365923041876282 15.777523680261181 2 180 77.49411096322386
78.49511205892206 4.395978975142356 2 180 64.53733087253897
99.40197833648729 0.3733371149366427 2 180 80.79738185289412
13.996211822378058 3.763419574158753 2 180 202.4380604185086
78.08069165163498 18.23299662257523 2 180 345.5742127477998
95.67844060665841 15.40356691223586 2 180 148.73321158138452
0.8991132796872026 10.52613586495642 2 180 48.39372990209941
86.30449534293484 15.084297936827756 2 180 62.33991592907391
56.546424112547164 18.969831852378988 2 180 224.32943582810836
77.100704367231 2.1268657195847007 2 180 199.2422789759511
58.491695226328375 18.53187698150816 2 180 142.45538655028977
85.18515952156724 5.61750168143222 2 180 77.2034300018792
76.75031693289846 10.526515968467127 2 180 22.74003494466973
14.033395266771443 18.41560806912735 2 180 44.017878400885586
86.49015063759776 10.511911729569526 2 180 276.626438217305
88.68955307281693 9.638451466293551 2 180 268.7255514168194
85.29028522239607 2.918202926870992 2 180 289.21823257682
97.00387974603434 16.056347774917 2 180 210.8797561688306
92.45771072742535 9.023825073683875 2 180 224.01637699449768
12.145983989477616 18.476343487890333 2 180 66.35943230409217
20.078721437975123 16.150272051423844 2 180 266.76763921361146
35.027101373512494 7.152070330998086 2 180 64.84866017589141
23.48300965127311 18.46875564613117 2 180 171.51262021463677
68.39583846041278 4.771055802681827 2 180 247.60722656418832
33.39258478140971 8.625763774466197 2 180 50.803373749374295
27.89487788162227 3.6891672610383353 2 180 256.2816951019872
10.890673432118437 14.830397394498418 2 180 157.87001891821885
65.23800141749308 10.668214339979961 2 180 144.1410651098842
74.96581390914821 0.7490622760269083 2 180 218.94563335198671
51.157169294696594 15.102935817983889 2 180 338.27137387033025
39.06430396835921 1.479698961200615 2 180 279.8316115254186
62.46005896276301 1.085845920040891 2 180 91.06285688193397
73.93319726099362 14.297724074554981 2 180 306.04480579590705
80.32424505748797 7.953539219211727 2 180 166.02953310861596
37.982113871695425 9.36129077403007 2 180 247.60502762003216
23.041910116419672 14.299312258490808 2 180 68.99670088831667
90.1732418751573 5.028889004163046 2 180 297.891451093102
63.33822190883617 15.750150974069602 2 180 91.48464157808027
13.616196025828053 2.0847212018198613 2 180 104.33928327116026
70.94934575033211 3.82952044592201 2 180 87.34024760223039
27.96077172532181 18.506220321682388 2 180 113.50983932754089
48.50696577593037 11.51177866388158 2 180 53.07929717333279
85.52220290357315 14.275595062803653 2 180 13.81716938701896
11.3922506806039 17.98266902232713 2 180 281.8841440469142
17.828320998756787 7.277887368123439 2 180 358.62905160597126
88.86287105182204 0.8290568104985763 2 180 193.76209379460303
96.74700969642245 4.998756857208546 2 180 6.398508593452661
78.50409736634546 6.378084853463408 2 180 271.1417894400017
76.1486398355902 11.305598219329603 2 180 341.87095780132336
73.30358949565536 18.992067534572584 2 180 219.42621785316845
97.60771686471708 7.147674910385686 2 180 15.320064813404448
50.10640100618171 16.413971677354073 2 180 113.11408932215046
46.1889429191942 2.9392478923651177 2 180 290.38966755648437
79.89127584346633 2.1750297059031953 2 180 55.55469454832449
81.94608349623097 18.40123357800928 2 180 33.77813571843707
9.553906307667592 6.8591875187015905 2 180 227.84698629238048
9.25076189515137 12.751263533199108 2 180 323.1423956660208
7.331486618157779 9.719494907654397 2 180 311.59012803880773
72.13833826897627 9.681148016264265 2 180 137.7900990214543