filename		  #barrier	lr			best      avg      dlc(%)     time 
NS1000            9			10.0000		224.000000	224.000000	  0.000000	81457.600000
-------------------------------------------------
NS1000            11			10.0000		286.000000	287.400000	  0.002784	121387.800000
-------------------------------------------------
NS1000            13			10.0000		354.000000	355.200000	  0.002107	102512.800000
-------------------------------------------------
NS1000            15			10.0000		425.000000	425.400000	  0.001152	105271.200000
-------------------------------------------------
NS1000            17			10.0000		497.000000	498.600000	  0.002045	121803.800000
-------------------------------------------------
NS1250            9			10.0000		202.000000	202.800000	  0.001972	168174.600000
-------------------------------------------------
NS1250            11			10.0000		263.000000	263.200000	  0.001520	112106.400000
-------------------------------------------------
NS1250            13			10.0000		324.000000	325.600000	  0.003132	127402.800000
-------------------------------------------------
NS1250            15			10.0000		392.000000	392.400000	  0.001248	148054.000000
-------------------------------------------------
NS1250            17			10.0000		459.000000	460.400000	  0.004256	169220.200000
-------------------------------------------------
NS1500            9			10.0000		179.000000	180.200000	  0.004153	213377.000000
-------------------------------------------------
NS1500            11			10.0000		230.000000	232.200000	  0.007894	257409.600000
-------------------------------------------------
NS1500            13			10.0000		287.000000	289.800000	  0.005071	221886.400000
-------------------------------------------------
NS1500            15			10.0000		348.000000	349.800000	  0.003793	218952.400000
-------------------------------------------------
NS1500            17			10.0000		414.000000	414.600000	  0.001182	182667.400000
-------------------------------------------------
NS1750            9			10.0000		177.000000	178.200000	  0.004199	236134.800000
-------------------------------------------------
NS1750            11			10.0000		228.000000	228.800000	  0.001748	248861.800000
-------------------------------------------------
NS1750            13			10.0000		281.000000	281.600000	  0.001740	264202.200000
-------------------------------------------------
NS1750            15			10.0000		337.000000	337.800000	  0.001184	270549.800000
-------------------------------------------------
NS1750            17			10.0000		394.000000	395.400000	  0.002023	283937.400000
-------------------------------------------------
NS2000            9			10.0000		164.000000	164.400000	  0.002980	331029.200000
-------------------------------------------------
NS2000            11			10.0000		213.000000	214.200000	  0.003494	434247.600000
-------------------------------------------------
NS2000            13			10.0000		267.000000	268.200000	  0.003653	380098.600000
-------------------------------------------------
NS2000            15			10.0000		322.000000	323.600000	  0.003151	378515.600000
-------------------------------------------------
NS2000            17			10.0000		382.000000	383.000000	  0.001651	311753.000000
-------------------------------------------------
