filename		  #barrier	lr			best      avg      dlc(%)     time 
NS0050-A0180      3			2.0000		141.000000	143.600000	  0.010422	902.400000	
-------------------------------------------------
NS0050-A0180      3			3.0000		96.000000 	 97.400000	  0.008214	849.200000	
-------------------------------------------------
NS0050-A0180      3			4.0000		73.000000 	 73.600000	  0.010870	817.000000	
-------------------------------------------------
NS0050-A0180      3			5.0000		58.000000 	 59.200000	  0.012641	826.200000	
-------------------------------------------------
NS0050-A0180      4			2.0000		191.000000	193.400000	  0.007739	868.600000	
-------------------------------------------------
NS0050-A0180      4			3.0000		128.000000	130.600000	  0.010386	859.000000	
-------------------------------------------------
NS0050-A0180      4			4.0000		98.000000 	 98.800000	  0.004049	854.400000	
-------------------------------------------------
NS0050-A0180      4			5.0000		78.000000 	 78.800000	  0.009497	869.000000	
-------------------------------------------------
NS0050-A0180      5			2.0000		241.000000	243.400000	  0.007620	877.200000	
-------------------------------------------------
NS0050-A0180      5			3.0000		164.000000	165.600000	  0.009812	868.000000	
-------------------------------------------------
NS0050-A0180      5			4.0000		123.000000	123.400000	  0.003970	892.800000	
-------------------------------------------------
NS0050-A0180      5			5.0000		99.000000 	100.600000	  0.011928	869.800000	
-------------------------------------------------
NS0050-A0180      6			2.0000		290.000000	292.600000	  0.007037	900.400000	
-------------------------------------------------
NS0050-A0180      6			3.0000		197.000000	200.400000	  0.020109	912.800000	
-------------------------------------------------
NS0050-A0180      6			4.0000		148.000000	149.800000	  0.017611	912.800000	
-------------------------------------------------
NS0050-A0180      6			5.0000		119.000000	119.600000	  0.006689	913.600000	
-------------------------------------------------
NS0050-A0180      7			2.0000		340.000000	341.800000	  0.003881	921.800000	
-------------------------------------------------
NS0050-A0180      7			3.0000		231.000000	234.800000	  0.009095	926.000000	
-------------------------------------------------
NS0050-A0180      7			4.0000		173.000000	173.400000	  0.002825	925.600000	
-------------------------------------------------
NS0050-A0180      7			5.0000		138.000000	144.200000	  0.041003	940.600000	
-------------------------------------------------
NS0140-A0180      3			2.0000		142.000000	143.000000	  0.004423	2628.600000	
-------------------------------------------------
NS0140-A0180      3			3.0000		96.000000 	 98.000000	  0.012907	2600.800000	
-------------------------------------------------
NS0140-A0180      3			4.0000		73.000000 	 74.000000	  0.008547	2628.800000	
-------------------------------------------------
NS0140-A0180      3			5.0000		59.000000 	 59.400000	  0.008247	2581.400000	
-------------------------------------------------
NS0140-A0180      4			2.0000		193.000000	194.000000	  0.003260	2623.800000	
-------------------------------------------------
NS0140-A0180      4			3.0000		129.000000	130.600000	  0.007809	2663.000000	
-------------------------------------------------
NS0140-A0180      4			4.0000		98.000000 	 99.000000	  0.011065	2625.200000	
-------------------------------------------------
NS0140-A0180      4			5.0000		79.000000 	 79.600000	  0.006154	2632.000000	
-------------------------------------------------
NS0140-A0180      5			2.0000		242.000000	293.000000	  0.341304	2691.000000	
-------------------------------------------------
NS0140-A0180      5			3.0000		164.000000	165.800000	  0.007034	2687.200000	
-------------------------------------------------
NS0140-A0180      5			4.0000		123.000000	124.200000	  0.006025	2658.400000	
-------------------------------------------------
NS0140-A0180      5			5.0000		99.000000 	104.400000	  0.089158	2677.200000	
-------------------------------------------------
NS0140-A0180      6			2.0000		291.000000	324.400000	  0.184757	2696.400000	
-------------------------------------------------
NS0140-A0180      6			3.0000		197.000000	208.200000	  0.086370	2694.400000	
-------------------------------------------------
NS0140-A0180      6			4.0000		147.000000	148.800000	  0.006585	2700.800000	
-------------------------------------------------
NS0140-A0180      6			5.0000		119.000000	143.200000	  0.218940	2661.200000	
-------------------------------------------------
NS0140-A0180      7			2.0000		343.000000	424.600000	  0.192666	2764.600000	
-------------------------------------------------
NS0140-A0180      7			3.0000		230.000000	282.600000	  0.234419	2813.200000	
-------------------------------------------------
NS0140-A0180      7			4.0000		174.000000	222.600000	  0.416659	2757.200000	
-------------------------------------------------
NS0140-A0180      7			5.0000		139.000000	143.400000	  0.047828	2715.400000	
-------------------------------------------------
NS0050-A0060      3			2.0000		142.000000	143.600000	  0.007102	850.400000	
-------------------------------------------------
NS0050-A0060      3			3.0000		97.000000 	 97.400000	  0.005030	836.200000	
-------------------------------------------------
NS0050-A0060      3			4.0000		73.000000 	 73.400000	  0.006674	839.200000	
-------------------------------------------------
NS0050-A0060      3			5.0000		59.000000 	 59.400000	  0.008247	811.200000	
-------------------------------------------------
NS0050-A0060      4			2.0000		193.000000	194.400000	  0.004115	850.600000	
-------------------------------------------------
NS0050-A0060      4			3.0000		129.000000	130.000000	  0.008427	859.000000	
-------------------------------------------------
NS0050-A0060      4			4.0000		99.000000 	 99.600000	  0.008032	850.000000	
-------------------------------------------------
NS0050-A0060      4			5.0000		79.000000 	 79.600000	  0.006154	838.000000	
-------------------------------------------------
NS0050-A0060      5			2.0000		240.000000	252.800000	  0.083741	892.400000	
-------------------------------------------------
NS0050-A0060      5			3.0000		163.000000	164.600000	  0.009093	897.400000	
-------------------------------------------------
NS0050-A0060      5			4.0000		124.000000	132.400000	  0.066637	885.000000	
-------------------------------------------------
NS0050-A0060      5			5.0000		99.000000 	 99.800000	  0.004008	878.800000	
-------------------------------------------------
NS0050-A0060      6			2.0000		291.000000	292.800000	  0.005019	908.200000	
-------------------------------------------------
NS0050-A0060      6			3.0000		199.000000	200.200000	  0.007341	917.400000	
-------------------------------------------------
NS0050-A0060      6			4.0000		148.000000	149.400000	  0.009079	900.000000	
-------------------------------------------------
NS0050-A0060      6			5.0000		119.000000	119.600000	  0.004096	907.800000	
-------------------------------------------------
NS0050-A0060      7			2.0000		341.000000	355.000000	  0.064948	947.400000	
-------------------------------------------------
NS0050-A0060      7			3.0000		232.000000	236.200000	  0.018628	906.600000	
-------------------------------------------------
NS0050-A0060      7			4.0000		175.000000	179.200000	  0.041520	910.000000	
-------------------------------------------------
NS0050-A0060      7			5.0000		138.000000	140.800000	  0.011364	934.600000	
-------------------------------------------------
NS0200-A0060      3			2.0000		142.000000	143.800000	  0.006814	4059.400000	
-------------------------------------------------
NS0200-A0060      3			3.0000		96.000000 	 97.800000	  0.011924	4015.600000	
-------------------------------------------------
NS0200-A0060      3			4.0000		73.000000 	 73.800000	  0.005420	4024.600000	
-------------------------------------------------
NS0200-A0060      3			5.0000		60.000000 	 60.000000	  0.000000	3982.600000	
-------------------------------------------------
NS0200-A0060      4			2.0000		193.000000	194.600000	  0.008349	4045.600000	
-------------------------------------------------
NS0200-A0060      4			3.0000		130.000000	131.000000	  0.006828	4099.000000	
-------------------------------------------------
NS0200-A0060      4			4.0000		98.000000 	 98.600000	  0.008114	4011.800000	
-------------------------------------------------
NS0200-A0060      4			5.0000		78.000000 	 84.000000	  0.119285	4005.600000	
-------------------------------------------------
NS0200-A0060      5			2.0000		241.000000	250.000000	  0.035145	4082.800000	
-------------------------------------------------
NS0200-A0060      5			3.0000		161.000000	164.800000	  0.014048	4143.000000	
-------------------------------------------------
NS0200-A0060      5			4.0000		122.000000	124.000000	  0.008834	4022.000000	
-------------------------------------------------
NS0200-A0060      5			5.0000		100.000000	101.600000	  0.031496	4051.000000	
-------------------------------------------------
NS0200-A0060      6			2.0000		293.000000	392.000000	  0.352277	4167.200000	
-------------------------------------------------
NS0200-A0060      6			3.0000		198.000000	230.200000	  0.247609	4108.200000	
-------------------------------------------------
NS0200-A0060      6			4.0000		149.000000	156.200000	  0.053929	4149.000000	
-------------------------------------------------
NS0200-A0060      6			5.0000		119.000000	183.200000	  0.671086	4108.400000	
-------------------------------------------------
NS0200-A0060      7			2.0000		339.000000	415.400000	  0.250276	4189.000000	
-------------------------------------------------
NS0200-A0060      7			3.0000		230.000000	289.200000	  0.205004	4177.000000	
-------------------------------------------------
NS0200-A0060      7			4.0000		176.000000	191.800000	  0.079851	4155.800000	
-------------------------------------------------
NS0200-A0060      7			5.0000		139.000000	150.400000	  0.135129	4152.800000	
-------------------------------------------------
NS0080-A0060      3			2.0000		142.000000	144.800000	  0.010150	1367.000000	
-------------------------------------------------
NS0080-A0060      3			3.0000		97.000000 	 97.600000	  0.005019	1360.400000	
-------------------------------------------------
NS0080-A0060      3			4.0000		71.000000 	 73.000000	  0.019373	1331.200000	
-------------------------------------------------
NS0080-A0060      3			5.0000		59.000000 	 59.400000	  0.008247	1364.800000	
-------------------------------------------------
NS0080-A0060      4			2.0000		193.000000	194.200000	  0.009985	1445.200000	
-------------------------------------------------
NS0080-A0060      4			3.0000		129.000000	131.200000	  0.008889	1415.200000	
-------------------------------------------------
NS0080-A0060      4			4.0000		99.000000 	 99.600000	  0.004919	1419.600000	
-------------------------------------------------
NS0080-A0060      4			5.0000		78.000000 	 79.400000	  0.012844	1411.800000	
-------------------------------------------------
NS0080-A0060      5			2.0000		243.000000	245.200000	  0.005994	1426.400000	
-------------------------------------------------
NS0080-A0060      5			3.0000		165.000000	175.600000	  0.104175	1422.400000	
-------------------------------------------------
NS0080-A0060      5			4.0000		124.000000	124.200000	  0.003221	1423.600000	
-------------------------------------------------
NS0080-A0060      5			5.0000		99.000000 	100.400000	  0.018473	1434.600000	
-------------------------------------------------
NS0080-A0060      6			2.0000		294.000000	296.400000	  0.005482	1454.600000	
-------------------------------------------------
NS0080-A0060      6			3.0000		195.000000	221.800000	  0.193677	1478.000000	
-------------------------------------------------
NS0080-A0060      6			4.0000		150.000000	151.800000	  0.020580	1442.600000	
-------------------------------------------------
NS0080-A0060      6			5.0000		119.000000	123.800000	  0.065503	1434.600000	
-------------------------------------------------
NS0080-A0060      7			2.0000		343.000000	365.000000	  0.111126	1447.600000	
-------------------------------------------------
NS0080-A0060      7			3.0000		233.000000	243.400000	  0.050826	1476.800000	
-------------------------------------------------
NS0080-A0060      7			4.0000		173.000000	186.800000	  0.145090	1464.600000	
-------------------------------------------------
NS0080-A0060      7			5.0000		139.000000	141.200000	  0.020721	1471.400000	
-------------------------------------------------
NS0140-A0060      3			2.0000		143.000000	143.800000	  0.005204	2633.400000	
-------------------------------------------------
NS0140-A0060      3			3.0000		98.000000 	 98.400000	  0.004979	2597.000000	
-------------------------------------------------
NS0140-A0060      3			4.0000		73.000000 	 73.800000	  0.010140	2577.400000	
-------------------------------------------------
NS0140-A0060      3			5.0000		59.000000 	 59.600000	  0.008220	2633.000000	
-------------------------------------------------
NS0140-A0060      4			2.0000		192.000000	194.200000	  0.006831	2652.800000	
-------------------------------------------------
NS0140-A0060      4			3.0000		129.000000	132.400000	  0.019462	2683.200000	
-------------------------------------------------
NS0140-A0060      4			4.0000		98.000000 	 99.400000	  0.015057	2680.400000	
-------------------------------------------------
NS0140-A0060      4			5.0000		79.000000 	 87.200000	  0.170929	2613.600000	
-------------------------------------------------
NS0140-A0060      5			2.0000		243.000000	253.600000	  0.064389	2676.400000	
-------------------------------------------------
NS0140-A0060      5			3.0000		165.000000	177.000000	  0.063418	2663.400000	
-------------------------------------------------
NS0140-A0060      5			4.0000		123.000000	124.000000	  0.005100	2653.400000	
-------------------------------------------------
NS0140-A0060      5			5.0000		100.000000	100.200000	  0.003992	2657.200000	
-------------------------------------------------
NS0140-A0060      6			2.0000		299.000000	317.800000	  0.078386	2681.800000	
-------------------------------------------------
NS0140-A0060      6			3.0000		197.000000	226.400000	  0.194037	2722.800000	
-------------------------------------------------
NS0140-A0060      6			4.0000		149.000000	157.200000	  0.056383	2756.200000	
-------------------------------------------------
NS0140-A0060      6			5.0000		120.000000	123.400000	  0.043064	2774.800000	
-------------------------------------------------
NS0140-A0060      7			2.0000		407.000000	511.600000	  0.163881	2775.600000	
-------------------------------------------------
NS0140-A0060      7			3.0000		231.000000	245.200000	  0.095659	2750.400000	
-------------------------------------------------
NS0140-A0060      7			4.0000		175.000000	188.000000	  0.072074	2797.600000	
-------------------------------------------------
NS0140-A0060      7			5.0000		140.000000	147.600000	  0.084142	2739.400000	
-------------------------------------------------
NS0170-A0060      3			2.0000		143.000000	144.600000	  0.007053	3227.000000	
-------------------------------------------------
NS0170-A0060      3			3.0000		96.000000 	 97.200000	  0.007699	3348.400000	
-------------------------------------------------
NS0170-A0060      3			4.0000		73.000000 	 73.800000	  0.010140	3300.400000	
-------------------------------------------------
NS0170-A0060      3			5.0000		59.000000 	 59.200000	  0.006757	3211.400000	
-------------------------------------------------
NS0170-A0060      4			2.0000		191.000000	214.600000	  0.192211	3272.800000	
-------------------------------------------------
NS0170-A0060      4			3.0000		130.000000	131.200000	  0.005704	3293.200000	
-------------------------------------------------
NS0170-A0060      4			4.0000		98.000000 	 98.800000	  0.007574	3357.600000	
-------------------------------------------------
NS0170-A0060      4			5.0000		79.000000 	 80.200000	  0.012217	3449.800000	
-------------------------------------------------
NS0170-A0060      5			2.0000		242.000000	253.200000	  0.043365	3384.400000	
-------------------------------------------------
NS0170-A0060      5			3.0000		162.000000	166.200000	  0.022319	3356.600000	
-------------------------------------------------
NS0170-A0060      5			4.0000		124.000000	130.400000	  0.059520	3391.600000	
-------------------------------------------------
NS0170-A0060      5			5.0000		99.000000 	116.000000	  0.184249	3359.600000	
-------------------------------------------------
NS0170-A0060      6			2.0000		290.000000	293.400000	  0.009543	3404.200000	
-------------------------------------------------
NS0170-A0060      6			3.0000		196.000000	236.200000	  0.276164	3420.400000	
-------------------------------------------------
NS0170-A0060      6			4.0000		149.000000	150.400000	  0.011593	3384.800000	
-------------------------------------------------
NS0170-A0060      6			5.0000		118.000000	155.000000	  0.262859	3421.600000	
-------------------------------------------------
NS0170-A0060      7			2.0000		341.000000	525.400000	  0.407536	3591.600000	
-------------------------------------------------
NS0170-A0060      7			3.0000		234.000000	267.000000	  0.197588	3420.000000	
-------------------------------------------------
NS0170-A0060      7			4.0000		194.000000	216.000000	  0.156012	3515.800000	
-------------------------------------------------
NS0170-A0060      7			5.0000		138.000000	141.000000	  0.019030	3455.400000	
-------------------------------------------------
NS0110-A0180      3			2.0000		140.000000	142.400000	  0.011410	1941.600000	
-------------------------------------------------
NS0110-A0180      3			3.0000		97.000000 	 97.800000	  0.007652	1920.800000	
-------------------------------------------------
NS0110-A0180      3			4.0000		74.000000 	 74.200000	  0.005391	1939.800000	
-------------------------------------------------
NS0110-A0180      3			5.0000		59.000000 	 59.200000	  0.006757	1894.200000	
-------------------------------------------------
NS0110-A0180      4			2.0000		193.000000	194.400000	  0.005246	1949.200000	
-------------------------------------------------
NS0110-A0180      4			3.0000		131.000000	131.800000	  0.005678	1970.000000	
-------------------------------------------------
NS0110-A0180      4			4.0000		98.000000 	 98.800000	  0.004049	2009.200000	
-------------------------------------------------
NS0110-A0180      4			5.0000		79.000000 	 79.400000	  0.006170	1957.200000	
-------------------------------------------------
NS0110-A0180      5			2.0000		241.000000	248.000000	  0.031129	1973.600000	
-------------------------------------------------
NS0110-A0180      5			3.0000		162.000000	165.000000	  0.010141	2005.400000	
-------------------------------------------------
NS0110-A0180      5			4.0000		122.000000	135.200000	  0.165878	1974.600000	
-------------------------------------------------
NS0110-A0180      5			5.0000		99.000000 	 99.800000	  0.007498	1974.600000	
-------------------------------------------------
NS0110-A0180      6			2.0000		290.000000	308.200000	  0.076105	2050.600000	
-------------------------------------------------
NS0110-A0180      6			3.0000		197.000000	197.800000	  0.003783	2041.200000	
-------------------------------------------------
NS0110-A0180      6			4.0000		147.000000	150.600000	  0.023978	2032.000000	
-------------------------------------------------
NS0110-A0180      6			5.0000		120.000000	120.200000	  0.003328	2061.400000	
-------------------------------------------------
NS0110-A0180      7			2.0000		342.000000	365.600000	  0.081556	2027.600000	
-------------------------------------------------
NS0110-A0180      7			3.0000		230.000000	247.400000	  0.079971	2051.000000	
-------------------------------------------------
NS0110-A0180      7			4.0000		174.000000	205.600000	  0.255923	2079.600000	
-------------------------------------------------
NS0110-A0180      7			5.0000		140.000000	158.200000	  0.115827	2091.800000	
-------------------------------------------------
NS0200-A0180      3			2.0000		142.000000	143.000000	  0.007660	4036.800000	
-------------------------------------------------
NS0200-A0180      3			3.0000		97.000000 	 97.600000	  0.008197	4008.400000	
-------------------------------------------------
NS0200-A0180      3			4.0000		73.000000 	 73.600000	  0.006656	4036.600000	
-------------------------------------------------
NS0200-A0180      3			5.0000		59.000000 	 59.400000	  0.008247	4044.800000	
-------------------------------------------------
NS0200-A0180      4			2.0000		193.000000	194.400000	  0.007699	4059.800000	
-------------------------------------------------
NS0200-A0180      4			3.0000		130.000000	131.000000	  0.004828	4030.200000	
-------------------------------------------------
NS0200-A0180      4			4.0000		97.000000 	 98.400000	  0.010364	3900.000000	
-------------------------------------------------
NS0200-A0180      4			5.0000		79.000000 	 81.000000	  0.037446	4089.800000	
-------------------------------------------------
NS0200-A0180      5			2.0000		238.000000	247.800000	  0.057492	4049.200000	
-------------------------------------------------
NS0200-A0180      5			3.0000		165.000000	166.800000	  0.005874	4022.000000	
-------------------------------------------------
NS0200-A0180      5			4.0000		123.000000	125.000000	  0.020239	4047.800000	
-------------------------------------------------
NS0200-A0180      5			5.0000		98.000000 	103.600000	  0.089013	4037.200000	
-------------------------------------------------
NS0200-A0180      6			2.0000		293.000000	318.200000	  0.117022	4186.000000	
-------------------------------------------------
NS0200-A0180      6			3.0000		196.000000	227.600000	  0.260209	4112.800000	
-------------------------------------------------
NS0200-A0180      6			4.0000		149.000000	179.800000	  0.243662	4131.200000	
-------------------------------------------------
NS0200-A0180      6			5.0000		120.000000	131.400000	  0.173516	4153.400000	
-------------------------------------------------
NS0200-A0180      7			2.0000		343.000000	455.800000	  0.330695	4135.600000	
-------------------------------------------------
NS0200-A0180      7			3.0000		233.000000	246.200000	  0.057637	4163.000000	
-------------------------------------------------
NS0200-A0180      7			4.0000		174.000000	250.600000	  0.330879	4111.400000	
-------------------------------------------------
NS0200-A0180      7			5.0000		140.000000	152.000000	  0.072189	4081.600000	
-------------------------------------------------
NS0170-A0180      3			2.0000		143.000000	144.600000	  0.009381	3328.600000	
-------------------------------------------------
NS0170-A0180      3			3.0000		94.000000 	 97.200000	  0.017700	3276.800000	
-------------------------------------------------
NS0170-A0180      3			4.0000		73.000000 	 74.000000	  0.008547	3326.600000	
-------------------------------------------------
NS0170-A0180      3			5.0000		59.000000 	 59.600000	  0.008220	3335.600000	
-------------------------------------------------
NS0170-A0180      4			2.0000		193.000000	194.800000	  0.005030	3325.200000	
-------------------------------------------------
NS0170-A0180      4			3.0000		129.000000	131.800000	  0.013054	3389.000000	
-------------------------------------------------
NS0170-A0180      4			4.0000		98.000000 	 98.400000	  0.004979	3320.600000	
-------------------------------------------------
NS0170-A0180      4			5.0000		79.000000 	 79.400000	  0.006170	3331.000000	
-------------------------------------------------
NS0170-A0180      5			2.0000		243.000000	358.800000	  0.504924	3456.200000	
-------------------------------------------------
NS0170-A0180      5			3.0000		165.000000	179.800000	  0.153544	3432.400000	
-------------------------------------------------
NS0170-A0180      5			4.0000		123.000000	126.000000	  0.039841	3352.400000	
-------------------------------------------------
NS0170-A0180      5			5.0000		98.000000 	 99.200000	  0.007544	3398.400000	
-------------------------------------------------
NS0170-A0180      6			2.0000		291.000000	298.400000	  0.034994	3418.200000	
-------------------------------------------------
NS0170-A0180      6			3.0000		196.000000	248.200000	  0.347285	3475.200000	
-------------------------------------------------
NS0170-A0180      6			4.0000		148.000000	157.600000	  0.054228	3405.400000	
-------------------------------------------------
NS0170-A0180      6			5.0000		119.000000	122.400000	  0.039555	3338.600000	
-------------------------------------------------
NS0170-A0180      7			2.0000		343.000000	390.200000	  0.168501	3449.800000	
-------------------------------------------------
NS0170-A0180      7			3.0000		234.000000	239.800000	  0.035029	3482.600000	
-------------------------------------------------
NS0170-A0180      7			4.0000		173.000000	185.800000	  0.080365	3434.400000	
-------------------------------------------------
NS0170-A0180      7			5.0000		140.000000	162.000000	  0.193910	3541.200000	
-------------------------------------------------
NS0080-A0180      3			2.0000		140.000000	143.200000	  0.016167	1375.800000	
-------------------------------------------------
NS0080-A0180      3			3.0000		96.000000 	 97.000000	  0.011293	1335.000000	
-------------------------------------------------
NS0080-A0180      3			4.0000		72.000000 	 73.200000	  0.013385	1398.000000	
-------------------------------------------------
NS0080-A0180      3			5.0000		59.000000 	 59.600000	  0.013423	1375.000000	
-------------------------------------------------
NS0080-A0180      4			2.0000		191.000000	193.600000	  0.008393	1390.600000	
-------------------------------------------------
NS0080-A0180      4			3.0000		129.000000	130.400000	  0.006135	1387.600000	
-------------------------------------------------
NS0080-A0180      4			4.0000		99.000000 	 99.200000	  0.004032	1359.200000	
-------------------------------------------------
NS0080-A0180      4			5.0000		79.000000 	 79.400000	  0.006170	1383.200000	
-------------------------------------------------
NS0080-A0180      5			2.0000		241.000000	242.200000	  0.006606	1449.800000	
-------------------------------------------------
NS0080-A0180      5			3.0000		162.000000	164.800000	  0.010440	1433.400000	
-------------------------------------------------
NS0080-A0180      5			4.0000		123.000000	123.600000	  0.006472	1417.200000	
-------------------------------------------------
NS0080-A0180      5			5.0000		99.000000 	 99.600000	  0.008032	1442.600000	
-------------------------------------------------
NS0080-A0180      6			2.0000		292.000000	307.000000	  0.078690	1458.800000	
-------------------------------------------------
NS0080-A0180      6			3.0000		197.000000	223.800000	  0.192901	1458.200000	
-------------------------------------------------
NS0080-A0180      6			4.0000		148.000000	149.000000	  0.007352	1458.800000	
-------------------------------------------------
NS0080-A0180      6			5.0000		120.000000	121.600000	  0.019181	1482.000000	
-------------------------------------------------
NS0080-A0180      7			2.0000		340.000000	356.600000	  0.025981	1513.000000	
-------------------------------------------------
NS0080-A0180      7			3.0000		231.000000	264.000000	  0.120142	1504.400000	
-------------------------------------------------
NS0080-A0180      7			4.0000		173.000000	175.200000	  0.014166	1486.600000	
-------------------------------------------------
NS0080-A0180      7			5.0000		138.000000	147.600000	  0.073546	1514.800000	
-------------------------------------------------
NS0110-A0060      3			2.0000		144.000000	144.800000	  0.002762	1956.400000	
-------------------------------------------------
NS0110-A0060      3			3.0000		98.000000 	 98.400000	  0.004979	1956.800000	
-------------------------------------------------
NS0110-A0060      3			4.0000		73.000000 	 74.000000	  0.008547	1952.200000	
-------------------------------------------------
NS0110-A0060      3			5.0000		59.000000 	 59.600000	  0.008220	1993.800000	
-------------------------------------------------
NS0110-A0060      4			2.0000		191.000000	194.600000	  0.012418	2031.200000	
-------------------------------------------------
NS0110-A0060      4			3.0000		131.000000	132.000000	  0.004791	1953.600000	
-------------------------------------------------
NS0110-A0060      4			4.0000		98.000000 	 98.800000	  0.004049	1959.800000	
-------------------------------------------------
NS0110-A0060      4			5.0000		79.000000 	 79.600000	  0.006154	1975.000000	
-------------------------------------------------
NS0110-A0060      5			2.0000		242.000000	245.400000	  0.011410	2030.400000	
-------------------------------------------------
NS0110-A0060      5			3.0000		164.000000	172.000000	  0.078607	2004.400000	
-------------------------------------------------
NS0110-A0060      5			4.0000		123.000000	124.000000	  0.005100	2019.800000	
-------------------------------------------------
NS0110-A0060      5			5.0000		99.000000 	 99.600000	  0.008032	2016.800000	
-------------------------------------------------
NS0110-A0060      6			2.0000		290.000000	306.400000	  0.073346	2040.200000	
-------------------------------------------------
NS0110-A0060      6			3.0000		197.000000	208.600000	  0.089869	2061.400000	
-------------------------------------------------
NS0110-A0060      6			4.0000		148.000000	149.200000	  0.005016	2042.000000	
-------------------------------------------------
NS0110-A0060      6			5.0000		119.000000	119.600000	  0.004096	2050.000000	
-------------------------------------------------
NS0110-A0060      7			2.0000		344.000000	346.800000	  0.004961	2090.800000	
-------------------------------------------------
NS0110-A0060      7			3.0000		234.000000	244.800000	  0.049251	2049.400000	
-------------------------------------------------
NS0110-A0060      7			4.0000		174.000000	174.600000	  0.002806	2071.400000	
-------------------------------------------------
NS0110-A0060      7			5.0000		140.000000	172.200000	  0.288739	2041.800000	
-------------------------------------------------
