filename		  #barrier	lr			best      avg      dlc(%)     time 
NS1000            9			10.0000		1202.000000	2961.800000	  0.424644	28114.800000
-------------------------------------------------
NS1000            11			10.0000		4375.000000	6008.800000	  0.257054	27913.000000
-------------------------------------------------
NS1000            13			10.0000		4890.000000	6305.000000	  0.149337	28322.400000
-------------------------------------------------
NS1000            15			10.0000		3486.000000	7355.600000	  0.303731	28569.600000
-------------------------------------------------
NS1000            17			10.0000		7766.000000	8937.200000	  0.112173	28360.200000
-------------------------------------------------
NS1250            9			10.0000		450.000000	4083.400000	  0.678369	35535.000000
-------------------------------------------------
NS1250            11			10.0000		3220.000000	6712.400000	  0.361494	34950.600000
-------------------------------------------------
NS1250            13			10.0000		6566.000000	8583.000000	  0.135238	36351.000000
-------------------------------------------------
NS1250            15			10.0000		7367.000000	9974.600000	  0.282078	36344.600000
-------------------------------------------------
NS1250            17			10.0000		8831.000000	10275.000000	  0.109204	35938.400000
-------------------------------------------------
NS1500            9			10.0000		473.000000	4948.200000	  0.842056	44294.800000
-------------------------------------------------
NS1500            11			10.0000		3412.000000	6132.600000	  0.266787	44191.200000
-------------------------------------------------
NS1500            13			10.0000		895.000000	7602.000000	  0.508545	44419.600000
-------------------------------------------------
NS1500            15			10.0000		769.000000	10135.000000	  0.508082	44816.600000
-------------------------------------------------
NS1500            17			10.0000		6628.000000	12041.400000	  0.232545	44913.400000
-------------------------------------------------
NS1750            9			10.0000		863.000000	9693.000000	  0.609356	52454.400000
-------------------------------------------------
NS1750            11			10.0000		725.000000	6848.800000	  0.648643	52926.200000
-------------------------------------------------
NS1750            13			10.0000		827.000000	8462.600000	  0.540385	54282.400000
-------------------------------------------------
NS1750            15			10.0000		10400.000000	13162.200000	  0.129440	53648.000000
-------------------------------------------------
NS1750            17			10.0000		11514.000000	14799.400000	  0.135201	54257.600000
-------------------------------------------------
NS2000            9			10.0000		452.000000	8063.200000	  0.637871	61970.400000
-------------------------------------------------
NS2000            11			10.0000		549.000000	5102.000000	  1.010250	62198.400000
-------------------------------------------------
NS2000            13			10.0000		9409.000000	14429.000000	  0.225349	62486.000000
-------------------------------------------------
NS2000            15			10.0000		13969.000000	16753.800000	  0.097443	61898.200000
-------------------------------------------------
NS2000            17			10.0000		8843.000000	16233.400000	  0.295327	62473.600000
-------------------------------------------------
