filename		  #barrier	lr			best      avg      dlc(%)     time 
NS0050-A0180      3			2.0000		141.000000	142.600000	  0.010496	932.800000	
-------------------------------------------------
NS0050-A0180      3			3.0000		95.000000 	 97.200000	  0.013649	862.000000	
-------------------------------------------------
NS0050-A0180      3			4.0000		73.000000 	 73.200000	  0.005464	835.400000	
-------------------------------------------------
NS0050-A0180      3			5.0000		59.000000 	 59.200000	  0.006757	849.200000	
-------------------------------------------------
NS0050-A0180      4			2.0000		192.000000	194.200000	  0.008859	858.600000	
-------------------------------------------------
NS0050-A0180      4			3.0000		130.000000	130.800000	  0.005721	894.000000	
-------------------------------------------------
NS0050-A0180      4			4.0000		97.000000 	 98.400000	  0.008130	879.800000	
-------------------------------------------------
NS0050-A0180      4			5.0000		79.000000 	 79.600000	  0.006154	885.000000	
-------------------------------------------------
NS0050-A0180      5			2.0000		240.000000	242.000000	  0.005844	897.400000	
-------------------------------------------------
NS0050-A0180      5			3.0000		161.000000	163.600000	  0.011337	915.400000	
-------------------------------------------------
NS0050-A0180      5			4.0000		122.000000	123.600000	  0.008251	889.400000	
-------------------------------------------------
NS0050-A0180      5			5.0000		99.000000 	 99.800000	  0.007498	917.200000	
-------------------------------------------------
NS0050-A0180      6			2.0000		289.000000	310.400000	  0.125149	927.600000	
-------------------------------------------------
NS0050-A0180      6			3.0000		196.000000	202.200000	  0.049198	911.400000	
-------------------------------------------------
NS0050-A0180      6			4.0000		148.000000	154.800000	  0.059122	935.200000	
-------------------------------------------------
NS0050-A0180      6			5.0000		120.000000	120.400000	  0.004069	934.000000	
-------------------------------------------------
NS0050-A0180      7			2.0000		342.000000	344.200000	  0.003854	967.200000	
-------------------------------------------------
NS0050-A0180      7			3.0000		232.000000	232.400000	  0.002108	967.600000	
-------------------------------------------------
NS0050-A0180      7			4.0000		172.000000	175.400000	  0.024877	937.800000	
-------------------------------------------------
NS0050-A0180      7			5.0000		139.000000	147.800000	  0.077427	961.200000	
-------------------------------------------------
NS0140-A0180      3			2.0000		142.000000	142.600000	  0.005610	2651.800000	
-------------------------------------------------
NS0140-A0180      3			3.0000		96.000000 	 97.400000	  0.008214	2611.200000	
-------------------------------------------------
NS0140-A0180      3			4.0000		72.000000 	 73.000000	  0.012252	2537.000000	
-------------------------------------------------
NS0140-A0180      3			5.0000		59.000000 	 59.400000	  0.008247	2655.800000	
-------------------------------------------------
NS0140-A0180      4			2.0000		189.000000	191.600000	  0.013848	2671.400000	
-------------------------------------------------
NS0140-A0180      4			3.0000		129.000000	131.200000	  0.013113	2681.600000	
-------------------------------------------------
NS0140-A0180      4			4.0000		99.000000 	 99.000000	  0.000000	2661.000000	
-------------------------------------------------
NS0140-A0180      4			5.0000		79.000000 	 79.600000	  0.006154	2647.000000	
-------------------------------------------------
NS0140-A0180      5			2.0000		238.000000	241.800000	  0.009211	2678.600000	
-------------------------------------------------
NS0140-A0180      5			3.0000		163.000000	173.800000	  0.083728	2724.600000	
-------------------------------------------------
NS0140-A0180      5			4.0000		123.000000	124.400000	  0.006431	2703.200000	
-------------------------------------------------
NS0140-A0180      5			5.0000		99.000000 	 99.800000	  0.004008	2717.400000	
-------------------------------------------------
NS0140-A0180      6			2.0000		291.000000	330.000000	  0.215309	2779.000000	
-------------------------------------------------
NS0140-A0180      6			3.0000		196.000000	212.400000	  0.133385	2675.000000	
-------------------------------------------------
NS0140-A0180      6			4.0000		146.000000	182.800000	  0.268430	2709.800000	
-------------------------------------------------
NS0140-A0180      6			5.0000		119.000000	119.600000	  0.004096	2751.600000	
-------------------------------------------------
NS0140-A0180      7			2.0000		339.000000	395.600000	  0.162124	2817.400000	
-------------------------------------------------
NS0140-A0180      7			3.0000		230.000000	272.200000	  0.124701	2736.600000	
-------------------------------------------------
NS0140-A0180      7			4.0000		179.000000	216.800000	  0.134078	2778.600000	
-------------------------------------------------
NS0140-A0180      7			5.0000		140.000000	183.600000	  0.323322	2785.000000	
-------------------------------------------------
NS0050-A0060      3			2.0000		143.000000	144.200000	  0.005190	869.600000	
-------------------------------------------------
NS0050-A0060      3			3.0000		96.000000 	 96.600000	  0.005071	865.000000	
-------------------------------------------------
NS0050-A0060      3			4.0000		73.000000 	 73.800000	  0.010140	851.400000	
-------------------------------------------------
NS0050-A0060      3			5.0000		59.000000 	 59.600000	  0.008220	852.400000	
-------------------------------------------------
NS0050-A0060      4			2.0000		191.000000	193.000000	  0.005676	880.800000	
-------------------------------------------------
NS0050-A0060      4			3.0000		129.000000	130.600000	  0.010386	889.800000	
-------------------------------------------------
NS0050-A0060      4			4.0000		97.000000 	 98.000000	  0.006454	865.400000	
-------------------------------------------------
NS0050-A0060      4			5.0000		78.000000 	 79.000000	  0.008006	892.800000	
-------------------------------------------------
NS0050-A0060      5			2.0000		240.000000	243.000000	  0.006375	911.600000	
-------------------------------------------------
NS0050-A0060      5			3.0000		160.000000	163.200000	  0.012498	888.200000	
-------------------------------------------------
NS0050-A0060      5			4.0000		123.000000	124.000000	  0.005100	910.000000	
-------------------------------------------------
NS0050-A0060      5			5.0000		99.000000 	101.200000	  0.023715	893.800000	
-------------------------------------------------
NS0050-A0060      6			2.0000		290.000000	296.800000	  0.022288	925.400000	
-------------------------------------------------
NS0050-A0060      6			3.0000		194.000000	203.600000	  0.058824	942.400000	
-------------------------------------------------
NS0050-A0060      6			4.0000		148.000000	149.000000	  0.004245	927.000000	
-------------------------------------------------
NS0050-A0060      6			5.0000		119.000000	120.600000	  0.011248	927.800000	
-------------------------------------------------
NS0050-A0060      7			2.0000		341.000000	370.000000	  0.135384	952.600000	
-------------------------------------------------
NS0050-A0060      7			3.0000		230.000000	239.600000	  0.053553	950.400000	
-------------------------------------------------
NS0050-A0060      7			4.0000		173.000000	187.200000	  0.069600	948.400000	
-------------------------------------------------
NS0050-A0060      7			5.0000		139.000000	139.600000	  0.003509	952.400000	
-------------------------------------------------
NS0200-A0060      3			2.0000		143.000000	144.600000	  0.008299	4063.400000	
-------------------------------------------------
NS0200-A0060      3			3.0000		97.000000 	 98.200000	  0.007620	4017.200000	
-------------------------------------------------
NS0200-A0060      3			4.0000		73.000000 	 74.000000	  0.008547	3959.800000	
-------------------------------------------------
NS0200-A0060      3			5.0000		59.000000 	 59.400000	  0.008247	4020.200000	
-------------------------------------------------
NS0200-A0060      4			2.0000		191.000000	193.400000	  0.007014	4054.600000	
-------------------------------------------------
NS0200-A0060      4			3.0000		128.000000	130.200000	  0.008957	4078.600000	
-------------------------------------------------
NS0200-A0060      4			4.0000		98.000000 	 98.800000	  0.004049	4036.200000	
-------------------------------------------------
NS0200-A0060      4			5.0000		78.000000 	 79.000000	  0.008006	4005.400000	
-------------------------------------------------
NS0200-A0060      5			2.0000		243.000000	268.200000	  0.178619	4085.000000	
-------------------------------------------------
NS0200-A0060      5			3.0000		164.000000	178.000000	  0.091833	4117.200000	
-------------------------------------------------
NS0200-A0060      5			4.0000		122.000000	123.200000	  0.006074	4127.600000	
-------------------------------------------------
NS0200-A0060      5			5.0000		98.000000 	140.200000	  0.584189	4008.800000	
-------------------------------------------------
NS0200-A0060      6			2.0000		292.000000	332.800000	  0.199908	4199.400000	
-------------------------------------------------
NS0200-A0060      6			3.0000		197.000000	228.000000	  0.254446	4146.600000	
-------------------------------------------------
NS0200-A0060      6			4.0000		149.000000	179.400000	  0.282463	4171.800000	
-------------------------------------------------
NS0200-A0060      6			5.0000		117.000000	144.400000	  0.345056	4136.800000	
-------------------------------------------------
NS0200-A0060      7			2.0000		342.000000	604.600000	  0.592410	4123.000000	
-------------------------------------------------
NS0200-A0060      7			3.0000		232.000000	407.200000	  0.538137	4192.400000	
-------------------------------------------------
NS0200-A0060      7			4.0000		175.000000	349.200000	  0.473822	4106.400000	
-------------------------------------------------
NS0200-A0060      7			5.0000		139.000000	188.800000	  0.473084	4127.200000	
-------------------------------------------------
NS0080-A0060      3			2.0000		143.000000	143.400000	  0.005579	1411.800000	
-------------------------------------------------
NS0080-A0060      3			3.0000		96.000000 	 97.400000	  0.008214	1396.200000	
-------------------------------------------------
NS0080-A0060      3			4.0000		73.000000 	 73.400000	  0.006674	1394.200000	
-------------------------------------------------
NS0080-A0060      3			5.0000		59.000000 	 59.000000	  0.000000	1393.200000	
-------------------------------------------------
NS0080-A0060      4			2.0000		191.000000	192.600000	  0.007043	1435.200000	
-------------------------------------------------
NS0080-A0060      4			3.0000		129.000000	130.600000	  0.007809	1432.000000	
-------------------------------------------------
NS0080-A0060      4			4.0000		98.000000 	 98.000000	  0.000000	1417.400000	
-------------------------------------------------
NS0080-A0060      4			5.0000		79.000000 	 79.800000	  0.005013	1405.600000	
-------------------------------------------------
NS0080-A0060      5			2.0000		240.000000	241.200000	  0.004062	1464.000000	
-------------------------------------------------
NS0080-A0060      5			3.0000		164.000000	164.600000	  0.004860	1476.400000	
-------------------------------------------------
NS0080-A0060      5			4.0000		123.000000	130.000000	  0.068802	1483.400000	
-------------------------------------------------
NS0080-A0060      5			5.0000		99.000000 	 99.200000	  0.004032	1449.200000	
-------------------------------------------------
NS0080-A0060      6			2.0000		286.000000	291.600000	  0.009844	1477.800000	
-------------------------------------------------
NS0080-A0060      6			3.0000		198.000000	204.000000	  0.039824	1486.000000	
-------------------------------------------------
NS0080-A0060      6			4.0000		148.000000	166.000000	  0.128696	1492.200000	
-------------------------------------------------
NS0080-A0060      6			5.0000		119.000000	119.800000	  0.003339	1480.800000	
-------------------------------------------------
NS0080-A0060      7			2.0000		342.000000	415.600000	  0.287608	1528.600000	
-------------------------------------------------
NS0080-A0060      7			3.0000		230.000000	232.000000	  0.009829	1503.800000	
-------------------------------------------------
NS0080-A0060      7			4.0000		174.000000	178.000000	  0.042191	1510.000000	
-------------------------------------------------
NS0080-A0060      7			5.0000		138.000000	156.600000	  0.159648	1530.200000	
-------------------------------------------------
NS0140-A0060      3			2.0000		140.000000	142.800000	  0.013579	2577.000000	
-------------------------------------------------
NS0140-A0060      3			3.0000		97.000000 	 98.000000	  0.009127	2649.400000	
-------------------------------------------------
NS0140-A0060      3			4.0000		72.000000 	 73.200000	  0.010223	2631.800000	
-------------------------------------------------
NS0140-A0060      3			5.0000		59.000000 	 59.400000	  0.008247	2675.600000	
-------------------------------------------------
NS0140-A0060      4			2.0000		189.000000	193.600000	  0.013705	2661.600000	
-------------------------------------------------
NS0140-A0060      4			3.0000		130.000000	131.200000	  0.005704	2695.600000	
-------------------------------------------------
NS0140-A0060      4			4.0000		98.000000 	 98.800000	  0.004049	2656.400000	
-------------------------------------------------
NS0140-A0060      4			5.0000		79.000000 	 79.400000	  0.006170	2682.800000	
-------------------------------------------------
NS0140-A0060      5			2.0000		241.000000	249.200000	  0.054041	2684.400000	
-------------------------------------------------
NS0140-A0060      5			3.0000		162.000000	165.200000	  0.011738	2680.400000	
-------------------------------------------------
NS0140-A0060      5			4.0000		123.000000	127.000000	  0.059134	2652.800000	
-------------------------------------------------
NS0140-A0060      5			5.0000		99.000000 	102.200000	  0.057854	2695.600000	
-------------------------------------------------
NS0140-A0060      6			2.0000		291.000000	325.400000	  0.202292	2773.800000	
-------------------------------------------------
NS0140-A0060      6			3.0000		197.000000	199.400000	  0.006803	2734.600000	
-------------------------------------------------
NS0140-A0060      6			4.0000		149.000000	164.600000	  0.137125	2757.600000	
-------------------------------------------------
NS0140-A0060      6			5.0000		119.000000	155.800000	  0.443933	2762.600000	
-------------------------------------------------
NS0140-A0060      7			2.0000		345.000000	461.400000	  0.337346	2763.400000	
-------------------------------------------------
NS0140-A0060      7			3.0000		232.000000	312.400000	  0.322384	2775.800000	
-------------------------------------------------
NS0140-A0060      7			4.0000		174.000000	177.400000	  0.024854	2783.000000	
-------------------------------------------------
NS0140-A0060      7			5.0000		139.000000	173.200000	  0.156993	2803.200000	
-------------------------------------------------
NS0170-A0060      3			2.0000		143.000000	144.400000	  0.007062	3296.200000	
-------------------------------------------------
NS0170-A0060      3			3.0000		96.000000 	 97.400000	  0.012320	3273.200000	
-------------------------------------------------
NS0170-A0060      3			4.0000		72.000000 	 73.200000	  0.010223	3372.200000	
-------------------------------------------------
NS0170-A0060      3			5.0000		59.000000 	 59.800000	  0.006689	3302.000000	
-------------------------------------------------
NS0170-A0060      4			2.0000		190.000000	203.800000	  0.087522	3336.400000	
-------------------------------------------------
NS0170-A0060      4			3.0000		129.000000	130.400000	  0.009202	3334.200000	
-------------------------------------------------
NS0170-A0060      4			4.0000		98.000000 	 99.800000	  0.021397	3299.600000	
-------------------------------------------------
NS0170-A0060      4			5.0000		79.000000 	 79.400000	  0.006170	3317.600000	
-------------------------------------------------
NS0170-A0060      5			2.0000		243.000000	258.000000	  0.086496	3375.200000	
-------------------------------------------------
NS0170-A0060      5			3.0000		164.000000	185.400000	  0.113582	3472.400000	
-------------------------------------------------
NS0170-A0060      5			4.0000		122.000000	123.800000	  0.010716	3353.800000	
-------------------------------------------------
NS0170-A0060      5			5.0000		99.000000 	 99.400000	  0.004929	3343.800000	
-------------------------------------------------
NS0170-A0060      6			2.0000		292.000000	354.200000	  0.328691	3437.200000	
-------------------------------------------------
NS0170-A0060      6			3.0000		199.000000	227.800000	  0.246290	3428.200000	
-------------------------------------------------
NS0170-A0060      6			4.0000		149.000000	164.600000	  0.109531	3479.000000	
-------------------------------------------------
NS0170-A0060      6			5.0000		119.000000	138.800000	  0.274510	3431.200000	
-------------------------------------------------
NS0170-A0060      7			2.0000		344.000000	389.200000	  0.100638	3473.600000	
-------------------------------------------------
NS0170-A0060      7			3.0000		230.000000	369.400000	  0.464064	3523.200000	
-------------------------------------------------
NS0170-A0060      7			4.0000		174.000000	174.800000	  0.006672	3447.600000	
-------------------------------------------------
NS0170-A0060      7			5.0000		139.000000	233.600000	  0.379307	3508.200000	
-------------------------------------------------
NS0110-A0180      3			2.0000		143.000000	143.600000	  0.005571	1949.800000	
-------------------------------------------------
NS0110-A0180      3			3.0000		97.000000 	 97.800000	  0.007652	1946.600000	
-------------------------------------------------
NS0110-A0180      3			4.0000		73.000000 	 73.800000	  0.005420	1949.200000	
-------------------------------------------------
NS0110-A0180      3			5.0000		59.000000 	 59.400000	  0.008247	2034.000000	
-------------------------------------------------
NS0110-A0180      4			2.0000		189.000000	193.000000	  0.010363	1980.600000	
-------------------------------------------------
NS0110-A0180      4			3.0000		129.000000	130.600000	  0.009188	2012.000000	
-------------------------------------------------
NS0110-A0180      4			4.0000		98.000000 	 98.800000	  0.009917	2024.400000	
-------------------------------------------------
NS0110-A0180      4			5.0000		79.000000 	 79.400000	  0.006170	2003.400000	
-------------------------------------------------
NS0110-A0180      5			2.0000		242.000000	243.400000	  0.004930	2075.400000	
-------------------------------------------------
NS0110-A0180      5			3.0000		162.000000	163.200000	  0.007146	2054.600000	
-------------------------------------------------
NS0110-A0180      5			4.0000		123.000000	124.400000	  0.010904	1985.400000	
-------------------------------------------------
NS0110-A0180      5			5.0000		99.000000 	 99.600000	  0.004919	1985.200000	
-------------------------------------------------
NS0110-A0180      6			2.0000		290.000000	375.400000	  0.197509	2064.800000	
-------------------------------------------------
NS0110-A0180      6			3.0000		196.000000	202.400000	  0.048570	2105.000000	
-------------------------------------------------
NS0110-A0180      6			4.0000		148.000000	150.000000	  0.011155	2014.800000	
-------------------------------------------------
NS0110-A0180      6			5.0000		120.000000	122.000000	  0.032787	2072.200000	
-------------------------------------------------
NS0110-A0180      7			2.0000		335.000000	402.000000	  0.174065	2127.600000	
-------------------------------------------------
NS0110-A0180      7			3.0000		229.000000	289.000000	  0.302098	2076.600000	
-------------------------------------------------
NS0110-A0180      7			4.0000		173.000000	180.800000	  0.044441	2070.600000	
-------------------------------------------------
NS0110-A0180      7			5.0000		139.000000	171.600000	  0.282970	2077.800000	
-------------------------------------------------
NS0200-A0180      3			2.0000		142.000000	143.800000	  0.009226	3979.200000	
-------------------------------------------------
NS0200-A0180      3			3.0000		95.000000 	 97.400000	  0.013927	4052.400000	
-------------------------------------------------
NS0200-A0180      3			4.0000		73.000000 	 73.600000	  0.010870	4040.600000	
-------------------------------------------------
NS0200-A0180      3			5.0000		59.000000 	 59.400000	  0.008247	3965.400000	
-------------------------------------------------
NS0200-A0180      4			2.0000		192.000000	194.200000	  0.006831	3977.400000	
-------------------------------------------------
NS0200-A0180      4			3.0000		129.000000	130.000000	  0.006880	4027.800000	
-------------------------------------------------
NS0200-A0180      4			4.0000		98.000000 	 98.600000	  0.008114	4005.400000	
-------------------------------------------------
NS0200-A0180      4			5.0000		79.000000 	 79.400000	  0.010076	4078.400000	
-------------------------------------------------
NS0200-A0180      5			2.0000		243.000000	244.000000	  0.003666	4133.800000	
-------------------------------------------------
NS0200-A0180      5			3.0000		163.000000	164.400000	  0.008251	4096.200000	
-------------------------------------------------
NS0200-A0180      5			4.0000		121.000000	123.400000	  0.013167	4226.800000	
-------------------------------------------------
NS0200-A0180      5			5.0000		99.000000 	103.600000	  0.047523	4118.800000	
-------------------------------------------------
NS0200-A0180      6			2.0000		294.000000	318.400000	  0.118860	4128.400000	
-------------------------------------------------
NS0200-A0180      6			3.0000		197.000000	250.400000	  0.342340	4189.200000	
-------------------------------------------------
NS0200-A0180      6			4.0000		149.000000	167.000000	  0.209632	4171.000000	
-------------------------------------------------
NS0200-A0180      6			5.0000		118.000000	135.400000	  0.231279	4074.800000	
-------------------------------------------------
NS0200-A0180      7			2.0000		343.000000	593.800000	  0.640661	4368.200000	
-------------------------------------------------
NS0200-A0180      7			3.0000		230.000000	488.600000	  0.388436	4110.600000	
-------------------------------------------------
NS0200-A0180      7			4.0000		174.000000	393.800000	  0.445634	4150.600000	
-------------------------------------------------
NS0200-A0180      7			5.0000		138.000000	161.400000	  0.139294	4252.000000	
-------------------------------------------------
NS0170-A0180      3			2.0000		140.000000	142.600000	  0.011394	3223.600000	
-------------------------------------------------
NS0170-A0180      3			3.0000		97.000000 	 97.400000	  0.008214	3142.400000	
-------------------------------------------------
NS0170-A0180      3			4.0000		73.000000 	 76.400000	  0.063370	3314.800000	
-------------------------------------------------
NS0170-A0180      3			5.0000		59.000000 	 59.600000	  0.008220	3319.200000	
-------------------------------------------------
NS0170-A0180      4			2.0000		191.000000	193.800000	  0.008256	3018.800000	
-------------------------------------------------
NS0170-A0180      4			3.0000		130.000000	130.800000	  0.005721	3415.000000	
-------------------------------------------------
NS0170-A0180      4			4.0000		98.000000 	 98.800000	  0.007574	3109.800000	
-------------------------------------------------
NS0170-A0180      4			5.0000		79.000000 	 79.800000	  0.009378	3150.000000	
-------------------------------------------------
NS0170-A0180      5			2.0000		237.000000	242.400000	  0.016419	3124.200000	
-------------------------------------------------
NS0170-A0180      5			3.0000		163.000000	165.200000	  0.012346	3328.800000	
-------------------------------------------------
NS0170-A0180      5			4.0000		123.000000	125.800000	  0.022144	3304.800000	
-------------------------------------------------
NS0170-A0180      5			5.0000		98.000000 	106.200000	  0.088412	3463.600000	
-------------------------------------------------
NS0170-A0180      6			2.0000		292.000000	293.600000	  0.004620	3199.000000	
-------------------------------------------------
NS0170-A0180      6			3.0000		195.000000	265.800000	  0.475528	3537.800000	
-------------------------------------------------
NS0170-A0180      6			4.0000		150.000000	189.000000	  0.334532	3466.800000	
-------------------------------------------------
NS0170-A0180      6			5.0000		119.000000	184.000000	  0.432917	3343.000000	
-------------------------------------------------
NS0170-A0180      7			2.0000		341.000000	362.800000	  0.086012	3491.800000	
-------------------------------------------------
NS0170-A0180      7			3.0000		231.000000	232.800000	  0.009567	3113.800000	
-------------------------------------------------
NS0170-A0180      7			4.0000		174.000000	303.800000	  0.529389	3063.800000	
-------------------------------------------------
NS0170-A0180      7			5.0000		140.000000	164.000000	  0.137270	3319.000000	
-------------------------------------------------
NS0080-A0180      3			2.0000		140.000000	142.400000	  0.014460	1321.000000	
-------------------------------------------------
NS0080-A0180      3			3.0000		97.000000 	 97.400000	  0.005030	1337.600000	
-------------------------------------------------
NS0080-A0180      3			4.0000		73.000000 	 73.400000	  0.006674	1477.000000	
-------------------------------------------------
NS0080-A0180      3			5.0000		58.000000 	 59.200000	  0.012641	1397.400000	
-------------------------------------------------
NS0080-A0180      4			2.0000		190.000000	192.000000	  0.007366	1427.600000	
-------------------------------------------------
NS0080-A0180      4			3.0000		128.000000	130.400000	  0.012460	1437.200000	
-------------------------------------------------
NS0080-A0180      4			4.0000		97.000000 	 97.800000	  0.007652	1275.600000	
-------------------------------------------------
NS0080-A0180      4			5.0000		79.000000 	 79.600000	  0.006154	1371.200000	
-------------------------------------------------
NS0080-A0180      5			2.0000		238.000000	241.000000	  0.006943	1502.200000	
-------------------------------------------------
NS0080-A0180      5			3.0000		161.000000	163.600000	  0.009148	1501.400000	
-------------------------------------------------
NS0080-A0180      5			4.0000		123.000000	123.600000	  0.006472	1389.200000	
-------------------------------------------------
NS0080-A0180      5			5.0000		99.000000 	 99.600000	  0.004919	1511.400000	
-------------------------------------------------
NS0080-A0180      6			2.0000		293.000000	294.800000	  0.004500	1375.000000	
-------------------------------------------------
NS0080-A0180      6			3.0000		196.000000	199.400000	  0.021883	1429.800000	
-------------------------------------------------
NS0080-A0180      6			4.0000		148.000000	148.800000	  0.002688	1407.600000	
-------------------------------------------------
NS0080-A0180      6			5.0000		119.000000	119.400000	  0.004103	1462.600000	
-------------------------------------------------
NS0080-A0180      7			2.0000		340.000000	389.400000	  0.244748	1348.200000	
-------------------------------------------------
NS0080-A0180      7			3.0000		228.000000	232.200000	  0.009591	1386.600000	
-------------------------------------------------
NS0080-A0180      7			4.0000		173.000000	214.800000	  0.340894	1552.800000	
-------------------------------------------------
NS0080-A0180      7			5.0000		140.000000	177.200000	  0.286188	1454.000000	
-------------------------------------------------
NS0110-A0060      3			2.0000		141.000000	143.600000	  0.010422	1831.000000	
-------------------------------------------------
NS0110-A0060      3			3.0000		95.000000 	 97.000000	  0.014580	1958.600000	
-------------------------------------------------
NS0110-A0060      3			4.0000		73.000000 	 73.800000	  0.005420	1788.600000	
-------------------------------------------------
NS0110-A0060      3			5.0000		59.000000 	 59.600000	  0.008220	1990.400000	
-------------------------------------------------
NS0110-A0060      4			2.0000		193.000000	194.200000	  0.003853	2027.800000	
-------------------------------------------------
NS0110-A0060      4			3.0000		129.000000	130.600000	  0.007809	1918.800000	
-------------------------------------------------
NS0110-A0060      4			4.0000		98.000000 	 98.800000	  0.007574	1946.000000	
-------------------------------------------------
NS0110-A0060      4			5.0000		79.000000 	 79.400000	  0.006170	1686.400000	
-------------------------------------------------
NS0110-A0060      5			2.0000		241.000000	243.200000	  0.006043	1895.000000	
-------------------------------------------------
NS0110-A0060      5			3.0000		163.000000	169.400000	  0.050035	1890.800000	
-------------------------------------------------
NS0110-A0060      5			4.0000		124.000000	124.200000	  0.003221	1897.800000	
-------------------------------------------------
NS0110-A0060      5			5.0000		99.000000 	100.600000	  0.017332	1896.400000	
-------------------------------------------------
NS0110-A0060      6			2.0000		289.000000	356.000000	  0.163318	1919.400000	
-------------------------------------------------
NS0110-A0060      6			3.0000		198.000000	225.800000	  0.165195	2077.800000	
-------------------------------------------------
NS0110-A0060      6			4.0000		148.000000	164.000000	  0.182967	2086.400000	
-------------------------------------------------
NS0110-A0060      6			5.0000		119.000000	122.200000	  0.048385	2118.400000	
-------------------------------------------------
NS0110-A0060      7			2.0000		342.000000	343.800000	  0.004275	1999.200000	
-------------------------------------------------
NS0110-A0060      7			3.0000		231.000000	283.800000	  0.256207	1943.800000	
-------------------------------------------------
NS0110-A0060      7			4.0000		174.000000	214.000000	  0.198980	1935.000000	
-------------------------------------------------
NS0110-A0060      7			5.0000		139.000000	183.600000	  0.268549	2164.000000	
-------------------------------------------------
