filename		  #barrier	lr			best      avg      dlc(%)     time 
NS0050-A0180      3			2.0000		101.000000	102.000000	  0.006201	1828.400000	
-------------------------------------------------
NS0050-A0180      3			3.0000		75.000000 	 75.000000	  0.000000	1268.000000	
-------------------------------------------------
NS0050-A0180      3			4.0000		56.000000 	 56.000000	  0.000000	1310.600000	
-------------------------------------------------
NS0050-A0180      3			5.0000		48.000000 	 48.000000	  0.000000	1287.600000	
-------------------------------------------------
NS0050-A0180      4			2.0000		143.000000	144.400000	  0.007062	2162.000000	
-------------------------------------------------
NS0050-A0180      4			3.0000		104.000000	104.000000	  0.000000	1323.400000	
-------------------------------------------------
NS0050-A0180      4			4.0000		77.000000 	 77.200000	  0.005181	1919.000000	
-------------------------------------------------
NS0050-A0180      4			5.0000		66.000000 	 66.000000	  0.000000	1322.400000	
-------------------------------------------------
NS0050-A0180      5			2.0000		190.000000	191.200000	  0.003914	2607.600000	
-------------------------------------------------
NS0050-A0180      5			3.0000		133.000000	133.800000	  0.002990	1553.000000	
-------------------------------------------------
NS0050-A0180      5			4.0000		100.000000	100.800000	  0.003968	1545.000000	
-------------------------------------------------
NS0050-A0180      5			5.0000		84.000000 	 84.000000	  0.000000	1376.000000	
-------------------------------------------------
NS0050-A0180      6			2.0000		236.000000	237.800000	  0.004904	3148.200000	
-------------------------------------------------
NS0050-A0180      6			3.0000		164.000000	164.200000	  0.002436	2293.600000	
-------------------------------------------------
NS0050-A0180      6			4.0000		124.000000	124.000000	  0.000000	1442.200000	
-------------------------------------------------
NS0050-A0180      6			5.0000		103.000000	103.000000	  0.000000	1427.200000	
-------------------------------------------------
NS0050-A0180      7			2.0000		285.000000	286.200000	  0.003423	3846.400000	
-------------------------------------------------
NS0050-A0180      7			3.0000		196.000000	196.400000	  0.002494	1830.000000	
-------------------------------------------------
NS0050-A0180      7			4.0000		148.000000	148.000000	  0.000000	1517.800000	
-------------------------------------------------
NS0050-A0180      7			5.0000		122.000000	122.000000	  0.000000	1506.200000	
-------------------------------------------------
NS0140-A0180      3			2.0000		50.000000 	 50.200000	  0.007968	5826.400000	
-------------------------------------------------
NS0140-A0180      3			3.0000		39.000000 	 39.400000	  0.012434	6125.400000	
-------------------------------------------------
NS0140-A0180      3			4.0000		34.000000 	 34.000000	  0.000000	5012.200000	
-------------------------------------------------
NS0140-A0180      3			5.0000		29.000000 	 29.400000	  0.016663	6925.400000	
-------------------------------------------------
NS0140-A0180      4			2.0000		78.000000 	 78.200000	  0.005115	6463.000000	
-------------------------------------------------
NS0140-A0180      4			3.0000		59.000000 	 60.000000	  0.010541	5703.200000	
-------------------------------------------------
NS0140-A0180      4			4.0000		52.000000 	 52.200000	  0.007663	6385.200000	
-------------------------------------------------
NS0140-A0180      4			5.0000		45.000000 	 45.600000	  0.010743	6414.800000	
-------------------------------------------------
NS0140-A0180      5			2.0000		112.000000	113.400000	  0.008993	8509.800000	
-------------------------------------------------
NS0140-A0180      5			3.0000		82.000000 	 82.400000	  0.005945	5442.200000	
-------------------------------------------------
NS0140-A0180      5			4.0000		71.000000 	 71.200000	  0.005618	5720.400000	
-------------------------------------------------
NS0140-A0180      5			5.0000		62.000000 	 62.200000	  0.006431	6029.800000	
-------------------------------------------------
NS0140-A0180      6			2.0000		151.000000	152.200000	  0.010512	7505.200000	
-------------------------------------------------
NS0140-A0180      6			3.0000		108.000000	108.400000	  0.004519	5534.200000	
-------------------------------------------------
NS0140-A0180      6			4.0000		91.000000 	 91.600000	  0.005348	4900.000000	
-------------------------------------------------
NS0140-A0180      6			5.0000		79.000000 	 79.800000	  0.005013	5238.200000	
-------------------------------------------------
NS0140-A0180      7			2.0000		197.000000	197.400000	  0.002482	7638.200000	
-------------------------------------------------
NS0140-A0180      7			3.0000		136.000000	136.200000	  0.002937	5079.800000	
-------------------------------------------------
NS0140-A0180      7			4.0000		112.000000	112.800000	  0.003546	6157.200000	
-------------------------------------------------
NS0140-A0180      7			5.0000		97.000000 	 97.000000	  0.000000	4870.800000	
-------------------------------------------------
NS0050-A0060      3			2.0000		101.000000	101.000000	  0.000000	1278.200000	
-------------------------------------------------
NS0050-A0060      3			3.0000		71.000000 	 71.000000	  0.000000	1625.400000	
-------------------------------------------------
NS0050-A0060      3			4.0000		59.000000 	 59.000000	  0.000000	1294.200000	
-------------------------------------------------
NS0050-A0060      3			5.0000		46.000000 	 46.000000	  0.000000	1424.000000	
-------------------------------------------------
NS0050-A0060      4			2.0000		145.000000	145.000000	  0.000000	1313.800000	
-------------------------------------------------
NS0050-A0060      4			3.0000		100.000000	100.800000	  0.003968	1889.000000	
-------------------------------------------------
NS0050-A0060      4			4.0000		80.000000 	 80.000000	  0.000000	1323.600000	
-------------------------------------------------
NS0050-A0060      4			5.0000		64.000000 	 64.200000	  0.006231	1745.000000	
-------------------------------------------------
NS0050-A0060      5			2.0000		191.000000	191.000000	  0.000000	1854.600000	
-------------------------------------------------
NS0050-A0060      5			3.0000		131.000000	131.600000	  0.003723	2115.800000	
-------------------------------------------------
NS0050-A0060      5			4.0000		102.000000	102.000000	  0.000000	1370.600000	
-------------------------------------------------
NS0050-A0060      5			5.0000		83.000000 	 83.600000	  0.005860	1629.800000	
-------------------------------------------------
NS0050-A0060      6			2.0000		239.000000	239.000000	  0.000000	2822.000000	
-------------------------------------------------
NS0050-A0060      6			3.0000		163.000000	163.400000	  0.002998	2474.400000	
-------------------------------------------------
NS0050-A0060      6			4.0000		125.000000	125.400000	  0.003907	2008.800000	
-------------------------------------------------
NS0050-A0060      6			5.0000		102.000000	102.800000	  0.003891	1666.000000	
-------------------------------------------------
NS0050-A0060      7			2.0000		287.000000	287.400000	  0.001705	3566.400000	
-------------------------------------------------
NS0050-A0060      7			3.0000		195.000000	195.800000	  0.002043	2770.400000	
-------------------------------------------------
NS0050-A0060      7			4.0000		149.000000	149.600000	  0.003275	1926.000000	
-------------------------------------------------
NS0050-A0060      7			5.0000		122.000000	122.000000	  0.000000	1512.000000	
-------------------------------------------------
NS0200-A0060      3			2.0000		22.000000 	 22.200000	  0.018018	9711.800000	
-------------------------------------------------
NS0200-A0060      3			3.0000		19.000000 	 19.000000	  0.000000	8363.000000	
-------------------------------------------------
NS0200-A0060      3			4.0000		19.000000 	 19.000000	  0.000000	8106.400000	
-------------------------------------------------
NS0200-A0060      3			5.0000		17.000000 	 17.600000	  0.027835	10438.400000	
-------------------------------------------------
NS0200-A0060      4			2.0000		43.000000 	 43.400000	  0.011288	11018.600000	
-------------------------------------------------
NS0200-A0060      4			3.0000		36.000000 	 36.400000	  0.013459	9358.400000	
-------------------------------------------------
NS0200-A0060      4			4.0000		31.000000 	 32.000000	  0.019764	10034.800000	
-------------------------------------------------
NS0200-A0060      4			5.0000		29.000000 	 29.200000	  0.013699	9303.200000	
-------------------------------------------------
NS0200-A0060      5			2.0000		66.000000 	 67.400000	  0.020126	7351.200000	
-------------------------------------------------
NS0200-A0060      5			3.0000		54.000000 	 56.400000	  0.024051	11035.400000	
-------------------------------------------------
NS0200-A0060      5			4.0000		47.000000 	 47.200000	  0.008475	9853.200000	
-------------------------------------------------
NS0200-A0060      5			5.0000		42.000000 	 42.600000	  0.011500	10576.000000	
-------------------------------------------------
NS0200-A0060      6			2.0000		94.000000 	 95.000000	  0.009415	8793.200000	
-------------------------------------------------
NS0200-A0060      6			3.0000		79.000000 	 79.800000	  0.005013	6949.600000	
-------------------------------------------------
NS0200-A0060      6			4.0000		65.000000 	 65.200000	  0.006135	8787.400000	
-------------------------------------------------
NS0200-A0060      6			5.0000		57.000000 	 57.600000	  0.008505	9492.400000	
-------------------------------------------------
NS0200-A0060      7			2.0000		126.000000	129.000000	  0.013867	10186.800000	
-------------------------------------------------
NS0200-A0060      7			3.0000		105.000000	105.200000	  0.003802	9463.400000	
-------------------------------------------------
NS0200-A0060      7			4.0000		83.000000 	 83.800000	  0.004773	9328.000000	
-------------------------------------------------
NS0200-A0060      7			5.0000		72.000000 	 73.200000	  0.010223	8912.800000	
-------------------------------------------------
NS0080-A0060      3			2.0000		77.000000 	 77.000000	  0.000000	2516.800000	
-------------------------------------------------
NS0080-A0060      3			3.0000		58.000000 	 58.000000	  0.000000	2204.600000	
-------------------------------------------------
NS0080-A0060      3			4.0000		49.000000 	 49.000000	  0.000000	2234.400000	
-------------------------------------------------
NS0080-A0060      3			5.0000		41.000000 	 41.000000	  0.000000	2237.800000	
-------------------------------------------------
NS0080-A0060      4			2.0000		113.000000	113.600000	  0.004312	2661.400000	
-------------------------------------------------
NS0080-A0060      4			3.0000		83.000000 	 83.400000	  0.005874	2763.400000	
-------------------------------------------------
NS0080-A0060      4			4.0000		69.000000 	 69.000000	  0.000000	2247.200000	
-------------------------------------------------
NS0080-A0060      4			5.0000		56.000000 	 56.000000	  0.000000	2261.200000	
-------------------------------------------------
NS0080-A0060      5			2.0000		154.000000	156.800000	  0.010972	4238.600000	
-------------------------------------------------
NS0080-A0060      5			3.0000		111.000000	111.000000	  0.000000	3217.800000	
-------------------------------------------------
NS0080-A0060      5			4.0000		91.000000 	 91.000000	  0.000000	2242.800000	
-------------------------------------------------
NS0080-A0060      5			5.0000		73.000000 	 73.000000	  0.000000	3029.000000	
-------------------------------------------------
NS0080-A0060      6			2.0000		200.000000	202.000000	  0.005423	7141.400000	
-------------------------------------------------
NS0080-A0060      6			3.0000		139.000000	139.800000	  0.002861	3258.800000	
-------------------------------------------------
NS0080-A0060      6			4.0000		113.000000	113.600000	  0.004312	2340.600000	
-------------------------------------------------
NS0080-A0060      6			5.0000		91.000000 	 91.000000	  0.000000	3065.600000	
-------------------------------------------------
NS0080-A0060      7			2.0000		248.000000	251.000000	  0.006667	5646.800000	
-------------------------------------------------
NS0080-A0060      7			3.0000		171.000000	171.200000	  0.002336	3254.800000	
-------------------------------------------------
NS0080-A0060      7			4.0000		137.000000	137.000000	  0.000000	3190.600000	
-------------------------------------------------
NS0080-A0060      7			5.0000		110.000000	110.000000	  0.000000	2427.600000	
-------------------------------------------------
NS0140-A0060      3			2.0000		41.000000 	 41.600000	  0.011776	8224.400000	
-------------------------------------------------
NS0140-A0060      3			3.0000		30.000000 	 30.800000	  0.012987	5003.000000	
-------------------------------------------------
NS0140-A0060      3			4.0000		26.000000 	 26.000000	  0.000000	4638.400000	
-------------------------------------------------
NS0140-A0060      3			5.0000		24.000000 	 24.000000	  0.000000	4680.000000	
-------------------------------------------------
NS0140-A0060      4			2.0000		71.000000 	 72.000000	  0.008784	7628.000000	
-------------------------------------------------
NS0140-A0060      4			3.0000		52.000000 	 52.800000	  0.007576	7047.400000	
-------------------------------------------------
NS0140-A0060      4			4.0000		44.000000 	 44.000000	  0.000000	4530.000000	
-------------------------------------------------
NS0140-A0060      4			5.0000		38.000000 	 38.800000	  0.010309	5172.200000	
-------------------------------------------------
NS0140-A0060      5			2.0000		107.000000	107.800000	  0.006942	5861.000000	
-------------------------------------------------
NS0140-A0060      5			3.0000		78.000000 	 78.400000	  0.006249	5018.200000	
-------------------------------------------------
NS0140-A0060      5			4.0000		63.000000 	 63.000000	  0.000000	4626.600000	
-------------------------------------------------
NS0140-A0060      5			5.0000		55.000000 	 55.400000	  0.008843	5333.000000	
-------------------------------------------------
NS0140-A0060      6			2.0000		145.000000	147.600000	  0.010140	7192.400000	
-------------------------------------------------
NS0140-A0060      6			3.0000		105.000000	105.200000	  0.003802	4813.600000	
-------------------------------------------------
NS0140-A0060      6			4.0000		83.000000 	 83.400000	  0.005874	6432.800000	
-------------------------------------------------
NS0140-A0060      6			5.0000		72.000000 	 72.400000	  0.006767	5417.800000	
-------------------------------------------------
NS0140-A0060      7			2.0000		191.000000	192.000000	  0.005705	11834.000000	
-------------------------------------------------
NS0140-A0060      7			3.0000		132.000000	132.600000	  0.003695	5385.600000	
-------------------------------------------------
NS0140-A0060      7			4.0000		106.000000	106.200000	  0.003766	5375.400000	
-------------------------------------------------
NS0140-A0060      7			5.0000		89.000000 	 89.600000	  0.005468	4740.200000	
-------------------------------------------------
NS0170-A0060      3			2.0000		37.000000 	 37.800000	  0.010582	7060.600000	
-------------------------------------------------
NS0170-A0060      3			3.0000		27.000000 	 28.200000	  0.026537	9648.600000	
-------------------------------------------------
NS0170-A0060      3			4.0000		24.000000 	 24.800000	  0.016129	7257.400000	
-------------------------------------------------
NS0170-A0060      3			5.0000		23.000000 	 23.200000	  0.017241	8909.800000	
-------------------------------------------------
NS0170-A0060      4			2.0000		61.000000 	 61.800000	  0.012109	8737.000000	
-------------------------------------------------
NS0170-A0060      4			3.0000		47.000000 	 47.400000	  0.010335	9813.600000	
-------------------------------------------------
NS0170-A0060      4			4.0000		40.000000 	 40.600000	  0.012066	8061.200000	
-------------------------------------------------
NS0170-A0060      4			5.0000		35.000000 	 35.800000	  0.011173	8901.000000	
-------------------------------------------------
NS0170-A0060      5			2.0000		90.000000 	 91.800000	  0.010673	7589.400000	
-------------------------------------------------
NS0170-A0060      5			3.0000		68.000000 	 69.200000	  0.010814	7278.800000	
-------------------------------------------------
NS0170-A0060      5			4.0000		56.000000 	 57.400000	  0.013937	7538.200000	
-------------------------------------------------
NS0170-A0060      5			5.0000		49.000000 	 49.800000	  0.008032	7489.000000	
-------------------------------------------------
NS0170-A0060      6			2.0000		127.000000	128.200000	  0.005837	7557.200000	
-------------------------------------------------
NS0170-A0060      6			3.0000		93.000000 	 94.000000	  0.006728	7650.000000	
-------------------------------------------------
NS0170-A0060      6			4.0000		76.000000 	 76.800000	  0.009744	9277.800000	
-------------------------------------------------
NS0170-A0060      6			5.0000		66.000000 	 66.400000	  0.007378	7581.000000	
-------------------------------------------------
NS0170-A0060      7			2.0000		168.000000	168.000000	  0.000000	6679.800000	
-------------------------------------------------
NS0170-A0060      7			3.0000		118.000000	119.600000	  0.006689	8421.600000	
-------------------------------------------------
NS0170-A0060      7			4.0000		97.000000 	 97.800000	  0.004090	7038.400000	
-------------------------------------------------
NS0170-A0060      7			5.0000		84.000000 	 84.600000	  0.005791	6746.800000	
-------------------------------------------------
NS0110-A0180      3			2.0000		66.000000 	 66.800000	  0.005988	3718.600000	
-------------------------------------------------
NS0110-A0180      3			3.0000		48.000000 	 48.200000	  0.008299	5056.400000	
-------------------------------------------------
NS0110-A0180      3			4.0000		43.000000 	 43.000000	  0.000000	3653.800000	
-------------------------------------------------
NS0110-A0180      3			5.0000		36.000000 	 36.800000	  0.010870	3501.000000	
-------------------------------------------------
NS0110-A0180      4			2.0000		98.000000 	 98.400000	  0.004979	4982.800000	
-------------------------------------------------
NS0110-A0180      4			3.0000		72.000000 	 72.200000	  0.005540	5638.800000	
-------------------------------------------------
NS0110-A0180      4			4.0000		62.000000 	 62.000000	  0.000000	4090.600000	
-------------------------------------------------
NS0110-A0180      4			5.0000		52.000000 	 52.600000	  0.009314	3468.800000	
-------------------------------------------------
NS0110-A0180      5			2.0000		136.000000	136.000000	  0.000000	3316.200000	
-------------------------------------------------
NS0110-A0180      5			3.0000		99.000000 	 99.400000	  0.004929	4237.200000	
-------------------------------------------------
NS0110-A0180      5			4.0000		81.000000 	 81.200000	  0.004926	5749.800000	
-------------------------------------------------
NS0110-A0180      5			5.0000		69.000000 	 69.800000	  0.005731	3938.200000	
-------------------------------------------------
NS0110-A0180      6			2.0000		178.000000	178.400000	  0.002746	4909.400000	
-------------------------------------------------
NS0110-A0180      6			3.0000		126.000000	127.600000	  0.007992	5539.200000	
-------------------------------------------------
NS0110-A0180      6			4.0000		101.000000	101.400000	  0.004831	5240.600000	
-------------------------------------------------
NS0110-A0180      6			5.0000		87.000000 	 87.000000	  0.000000	3411.400000	
-------------------------------------------------
NS0110-A0180      7			2.0000		221.000000	223.200000	  0.005944	6043.000000	
-------------------------------------------------
NS0110-A0180      7			3.0000		156.000000	157.200000	  0.004760	4694.600000	
-------------------------------------------------
NS0110-A0180      7			4.0000		123.000000	123.800000	  0.006045	4150.000000	
-------------------------------------------------
NS0110-A0180      7			5.0000		104.000000	104.000000	  0.000000	4771.200000	
-------------------------------------------------
NS0200-A0180      3			2.0000		25.000000 	 25.200000	  0.015873	10574.400000	
-------------------------------------------------
NS0200-A0180      3			3.0000		21.000000 	 21.200000	  0.018868	9877.200000	
-------------------------------------------------
NS0200-A0180      3			4.0000		19.000000 	 19.400000	  0.025252	11133.200000	
-------------------------------------------------
NS0200-A0180      3			5.0000		17.000000 	 17.000000	  0.000000	9696.600000	
-------------------------------------------------
NS0200-A0180      4			2.0000		43.000000 	 43.800000	  0.009132	7202.200000	
-------------------------------------------------
NS0200-A0180      4			3.0000		34.000000 	 34.400000	  0.014241	11538.600000	
-------------------------------------------------
NS0200-A0180      4			4.0000		32.000000 	 32.200000	  0.012422	9410.000000	
-------------------------------------------------
NS0200-A0180      4			5.0000		29.000000 	 29.000000	  0.000000	11593.600000	
-------------------------------------------------
NS0200-A0180      5			2.0000		69.000000 	 69.000000	  0.000000	7445.600000	
-------------------------------------------------
NS0200-A0180      5			3.0000		53.000000 	 53.600000	  0.009140	10793.800000	
-------------------------------------------------
NS0200-A0180      5			4.0000		45.000000 	 45.800000	  0.008734	12754.000000	
-------------------------------------------------
NS0200-A0180      5			5.0000		42.000000 	 42.200000	  0.009479	9867.600000	
-------------------------------------------------
NS0200-A0180      6			2.0000		99.000000 	 99.800000	  0.004008	8522.600000	
-------------------------------------------------
NS0200-A0180      6			3.0000		74.000000 	 74.800000	  0.005348	8105.800000	
-------------------------------------------------
NS0200-A0180      6			4.0000		61.000000 	 61.800000	  0.012109	10811.800000	
-------------------------------------------------
NS0200-A0180      6			5.0000		56.000000 	 56.400000	  0.008686	7749.400000	
-------------------------------------------------
NS0200-A0180      7			2.0000		137.000000	137.000000	  0.000000	7238.400000	
-------------------------------------------------
NS0200-A0180      7			3.0000		99.000000 	100.200000	  0.011639	9577.200000	
-------------------------------------------------
NS0200-A0180      7			4.0000		79.000000 	 79.000000	  0.000000	12367.400000	
-------------------------------------------------
NS0200-A0180      7			5.0000		71.000000 	 71.000000	  0.000000	8058.000000	
-------------------------------------------------
NS0170-A0180      3			2.0000		30.000000 	 30.400000	  0.016115	7948.000000	
-------------------------------------------------
NS0170-A0180      3			3.0000		27.000000 	 27.000000	  0.000000	6218.200000	
-------------------------------------------------
NS0170-A0180      3			4.0000		24.000000 	 24.000000	  0.000000	9712.800000	
-------------------------------------------------
NS0170-A0180      3			5.0000		22.000000 	 22.000000	  0.000000	9936.600000	
-------------------------------------------------
NS0170-A0180      4			2.0000		53.000000 	 53.200000	  0.007519	9650.800000	
-------------------------------------------------
NS0170-A0180      4			3.0000		45.000000 	 45.000000	  0.000000	8869.000000	
-------------------------------------------------
NS0170-A0180      4			4.0000		39.000000 	 39.000000	  0.000000	9401.400000	
-------------------------------------------------
NS0170-A0180      4			5.0000		34.000000 	 34.200000	  0.011696	8383.800000	
-------------------------------------------------
NS0170-A0180      5			2.0000		87.000000 	 88.600000	  0.011510	7547.000000	
-------------------------------------------------
NS0170-A0180      5			3.0000		67.000000 	 67.200000	  0.005952	8493.600000	
-------------------------------------------------
NS0170-A0180      5			4.0000		55.000000 	 55.400000	  0.008843	7513.600000	
-------------------------------------------------
NS0170-A0180      5			5.0000		49.000000 	 49.200000	  0.008130	7907.400000	
-------------------------------------------------
NS0170-A0180      6			2.0000		125.000000	126.800000	  0.010463	7474.400000	
-------------------------------------------------
NS0170-A0180      6			3.0000		92.000000 	 92.400000	  0.005302	8755.400000	
-------------------------------------------------
NS0170-A0180      6			4.0000		75.000000 	 75.200000	  0.005319	6603.600000	
-------------------------------------------------
NS0170-A0180      6			5.0000		63.000000 	 64.400000	  0.012422	8054.400000	
-------------------------------------------------
NS0170-A0180      7			2.0000		164.000000	167.400000	  0.011706	7919.800000	
-------------------------------------------------
NS0170-A0180      7			3.0000		117.000000	118.600000	  0.008599	9328.600000	
-------------------------------------------------
NS0170-A0180      7			4.0000		95.000000 	 96.200000	  0.010185	6022.400000	
-------------------------------------------------
NS0170-A0180      7			5.0000		79.000000 	 80.600000	  0.009926	8077.800000	
-------------------------------------------------
NS0080-A0180      3			2.0000		76.000000 	 76.000000	  0.000000	2637.600000	
-------------------------------------------------
NS0080-A0180      3			3.0000		55.000000 	 56.000000	  0.011294	2792.800000	
-------------------------------------------------
NS0080-A0180      3			4.0000		47.000000 	 47.000000	  0.000000	2217.600000	
-------------------------------------------------
NS0080-A0180      3			5.0000		39.000000 	 39.000000	  0.000000	2236.600000	
-------------------------------------------------
NS0080-A0180      4			2.0000		113.000000	114.600000	  0.006981	3818.600000	
-------------------------------------------------
NS0080-A0180      4			3.0000		82.000000 	 82.800000	  0.004831	3628.600000	
-------------------------------------------------
NS0080-A0180      4			4.0000		67.000000 	 67.000000	  0.000000	2205.600000	
-------------------------------------------------
NS0080-A0180      4			5.0000		55.000000 	 55.000000	  0.000000	3267.600000	
-------------------------------------------------
NS0080-A0180      5			2.0000		155.000000	156.600000	  0.010376	4888.800000	
-------------------------------------------------
NS0080-A0180      5			3.0000		111.000000	111.600000	  0.004390	3805.200000	
-------------------------------------------------
NS0080-A0180      5			4.0000		88.000000 	 88.000000	  0.000000	2237.800000	
-------------------------------------------------
NS0080-A0180      5			5.0000		73.000000 	 73.000000	  0.000000	3130.200000	
-------------------------------------------------
NS0080-A0180      6			2.0000		200.000000	202.200000	  0.007913	5890.800000	
-------------------------------------------------
NS0080-A0180      6			3.0000		141.000000	141.600000	  0.003460	3539.800000	
-------------------------------------------------
NS0080-A0180      6			4.0000		110.000000	110.800000	  0.003610	2790.600000	
-------------------------------------------------
NS0080-A0180      6			5.0000		91.000000 	 91.200000	  0.004386	2591.200000	
-------------------------------------------------
NS0080-A0180      7			2.0000		246.000000	248.200000	  0.004699	6570.600000	
-------------------------------------------------
NS0080-A0180      7			3.0000		170.000000	171.000000	  0.003699	4330.400000	
-------------------------------------------------
NS0080-A0180      7			4.0000		133.000000	133.800000	  0.002990	2712.200000	
-------------------------------------------------
NS0080-A0180      7			5.0000		109.000000	109.600000	  0.004470	2902.200000	
-------------------------------------------------
NS0110-A0060      3			2.0000		58.000000 	 58.000000	  0.000000	3762.000000	
-------------------------------------------------
NS0110-A0060      3			3.0000		42.000000 	 42.000000	  0.000000	3381.400000	
-------------------------------------------------
NS0110-A0060      3			4.0000		37.000000 	 37.400000	  0.013099	3623.200000	
-------------------------------------------------
NS0110-A0060      3			5.0000		32.000000 	 32.000000	  0.000000	4009.600000	
-------------------------------------------------
NS0110-A0060      4			2.0000		89.000000 	 89.800000	  0.004454	5336.000000	
-------------------------------------------------
NS0110-A0060      4			3.0000		66.000000 	 66.400000	  0.007378	3947.000000	
-------------------------------------------------
NS0110-A0060      4			4.0000		55.000000 	 55.000000	  0.000000	3358.800000	
-------------------------------------------------
NS0110-A0060      4			5.0000		47.000000 	 47.000000	  0.000000	4472.200000	
-------------------------------------------------
NS0110-A0060      5			2.0000		129.000000	129.800000	  0.005765	4622.400000	
-------------------------------------------------
NS0110-A0060      5			3.0000		91.000000 	 91.400000	  0.005360	5568.000000	
-------------------------------------------------
NS0110-A0060      5			4.0000		75.000000 	 75.000000	  0.000000	3295.600000	
-------------------------------------------------
NS0110-A0060      5			5.0000		62.000000 	 62.600000	  0.007826	4352.000000	
-------------------------------------------------
NS0110-A0060      6			2.0000		172.000000	173.200000	  0.006733	6164.800000	
-------------------------------------------------
NS0110-A0060      6			3.0000		119.000000	119.400000	  0.004103	4221.800000	
-------------------------------------------------
NS0110-A0060      6			4.0000		96.000000 	 96.800000	  0.007731	5673.800000	
-------------------------------------------------
NS0110-A0060      6			5.0000		80.000000 	 80.200000	  0.004988	4718.800000	
-------------------------------------------------
NS0110-A0060      7			2.0000		217.000000	218.600000	  0.004665	8529.000000	
-------------------------------------------------
NS0110-A0060      7			3.0000		148.000000	149.200000	  0.005016	4123.000000	
-------------------------------------------------
NS0110-A0060      7			4.0000		119.000000	120.000000	  0.005270	4444.600000	
-------------------------------------------------
NS0110-A0060      7			5.0000		98.000000 	 98.800000	  0.007574	3977.800000	
-------------------------------------------------
