filename		  #barrier	lr			best      avg      dlc(%)     time 
NS0050-A0180      3			2.0000		99.000000 	 99.800000	  0.004008	1579.000000	
-------------------------------------------------
NS0050-A0180      3			3.0000		69.000000 	 69.400000	  0.007059	1411.400000	
-------------------------------------------------
NS0050-A0180      3			4.0000		53.000000 	 53.000000	  0.000000	1829.200000	
-------------------------------------------------
NS0050-A0180      3			5.0000		46.000000 	 46.400000	  0.010558	1467.600000	
-------------------------------------------------
NS0050-A0180      4			2.0000		141.000000	141.600000	  0.003460	1950.400000	
-------------------------------------------------
NS0050-A0180      4			3.0000		99.000000 	 99.000000	  0.000000	1266.000000	
-------------------------------------------------
NS0050-A0180      4			4.0000		75.000000 	 75.400000	  0.006497	2183.000000	
-------------------------------------------------
NS0050-A0180      4			5.0000		65.000000 	 65.000000	  0.000000	1297.200000	
-------------------------------------------------
NS0050-A0180      5			2.0000		184.000000	186.600000	  0.008707	2812.000000	
-------------------------------------------------
NS0050-A0180      5			3.0000		129.000000	129.800000	  0.003082	1531.600000	
-------------------------------------------------
NS0050-A0180      5			4.0000		98.000000 	 98.600000	  0.004969	2186.000000	
-------------------------------------------------
NS0050-A0180      5			5.0000		83.000000 	 83.200000	  0.004808	1914.200000	
-------------------------------------------------
NS0050-A0180      6			2.0000		232.000000	233.800000	  0.004988	2967.600000	
-------------------------------------------------
NS0050-A0180      6			3.0000		161.000000	161.200000	  0.002481	1837.400000	
-------------------------------------------------
NS0050-A0180      6			4.0000		122.000000	122.600000	  0.003996	1744.000000	
-------------------------------------------------
NS0050-A0180      6			5.0000		103.000000	103.000000	  0.000000	1605.000000	
-------------------------------------------------
NS0050-A0180      7			2.0000		281.000000	281.800000	  0.003477	3621.400000	
-------------------------------------------------
NS0050-A0180      7			3.0000		194.000000	194.000000	  0.000000	1961.600000	
-------------------------------------------------
NS0050-A0180      7			4.0000		146.000000	146.800000	  0.002725	2587.400000	
-------------------------------------------------
NS0050-A0180      7			5.0000		122.000000	122.000000	  0.000000	1899.600000	
-------------------------------------------------
NS0140-A0180      3			2.0000		60.000000 	 60.800000	  0.006579	6448.600000	
-------------------------------------------------
NS0140-A0180      3			3.0000		44.000000 	 44.800000	  0.008929	5479.000000	
-------------------------------------------------
NS0140-A0180      3			4.0000		37.000000 	 37.000000	  0.000000	5143.600000	
-------------------------------------------------
NS0140-A0180      3			5.0000		33.000000 	 33.000000	  0.000000	4688.600000	
-------------------------------------------------
NS0140-A0180      4			2.0000		91.000000 	 92.000000	  0.006875	5814.400000	
-------------------------------------------------
NS0140-A0180      4			3.0000		65.000000 	 66.000000	  0.009583	5493.000000	
-------------------------------------------------
NS0140-A0180      4			4.0000		53.000000 	 53.400000	  0.009174	7004.800000	
-------------------------------------------------
NS0140-A0180      4			5.0000		46.000000 	 46.000000	  0.000000	5351.600000	
-------------------------------------------------
NS0140-A0180      5			2.0000		128.000000	129.000000	  0.006934	6666.800000	
-------------------------------------------------
NS0140-A0180      5			3.0000		89.000000 	 90.400000	  0.008850	6687.800000	
-------------------------------------------------
NS0140-A0180      5			4.0000		71.000000 	 71.800000	  0.005571	5561.000000	
-------------------------------------------------
NS0140-A0180      5			5.0000		61.000000 	 61.200000	  0.006536	6674.600000	
-------------------------------------------------
NS0140-A0180      6			2.0000		167.000000	169.000000	  0.007485	6382.000000	
-------------------------------------------------
NS0140-A0180      6			3.0000		118.000000	118.400000	  0.004138	5757.000000	
-------------------------------------------------
NS0140-A0180      6			4.0000		90.000000 	 90.800000	  0.004405	6852.600000	
-------------------------------------------------
NS0140-A0180      6			5.0000		76.000000 	 77.400000	  0.010336	6013.000000	
-------------------------------------------------
NS0140-A0180      7			2.0000		209.000000	210.800000	  0.005532	6473.200000	
-------------------------------------------------
NS0140-A0180      7			3.0000		145.000000	146.200000	  0.005119	6290.600000	
-------------------------------------------------
NS0140-A0180      7			4.0000		110.000000	111.200000	  0.008811	5944.000000	
-------------------------------------------------
NS0140-A0180      7			5.0000		94.000000 	 94.800000	  0.004219	5902.400000	
-------------------------------------------------
NS0050-A0060      3			2.0000		104.000000	104.200000	  0.003839	1655.400000	
-------------------------------------------------
NS0050-A0060      3			3.0000		74.000000 	 74.000000	  0.000000	1252.600000	
-------------------------------------------------
NS0050-A0060      3			4.0000		60.000000 	 60.000000	  0.000000	1550.400000	
-------------------------------------------------
NS0050-A0060      3			5.0000		49.000000 	 49.000000	  0.000000	1257.600000	
-------------------------------------------------
NS0050-A0060      4			2.0000		149.000000	149.000000	  0.000000	1987.000000	
-------------------------------------------------
NS0050-A0060      4			3.0000		103.000000	103.000000	  0.000000	1262.400000	
-------------------------------------------------
NS0050-A0060      4			4.0000		82.000000 	 82.400000	  0.005945	1546.200000	
-------------------------------------------------
NS0050-A0060      4			5.0000		67.000000 	 67.000000	  0.000000	1422.200000	
-------------------------------------------------
NS0050-A0060      5			2.0000		194.000000	194.600000	  0.004111	2841.000000	
-------------------------------------------------
NS0050-A0060      5			3.0000		133.000000	133.800000	  0.002990	1455.800000	
-------------------------------------------------
NS0050-A0060      5			4.0000		104.000000	104.600000	  0.004684	1701.000000	
-------------------------------------------------
NS0050-A0060      5			5.0000		86.000000 	 86.000000	  0.000000	1545.000000	
-------------------------------------------------
NS0050-A0060      6			2.0000		239.000000	239.800000	  0.001668	3747.400000	
-------------------------------------------------
NS0050-A0060      6			3.0000		164.000000	164.600000	  0.002976	1769.000000	
-------------------------------------------------
NS0050-A0060      6			4.0000		127.000000	127.000000	  0.000000	1366.600000	
-------------------------------------------------
NS0050-A0060      6			5.0000		105.000000	105.000000	  0.000000	1670.600000	
-------------------------------------------------
NS0050-A0060      7			2.0000		287.000000	288.000000	  0.003106	4009.000000	
-------------------------------------------------
NS0050-A0060      7			3.0000		197.000000	197.000000	  0.000000	1436.600000	
-------------------------------------------------
NS0050-A0060      7			4.0000		151.000000	151.000000	  0.000000	1430.200000	
-------------------------------------------------
NS0050-A0060      7			5.0000		124.000000	124.000000	  0.000000	1654.800000	
-------------------------------------------------
NS0200-A0060      3			2.0000		47.000000 	 47.000000	  0.000000	11500.000000	
-------------------------------------------------
NS0200-A0060      3			3.0000		34.000000 	 34.000000	  0.000000	7781.600000	
-------------------------------------------------
NS0200-A0060      3			4.0000		28.000000 	 28.000000	  0.000000	7959.800000	
-------------------------------------------------
NS0200-A0060      3			5.0000		25.000000 	 25.000000	  0.000000	7825.000000	
-------------------------------------------------
NS0200-A0060      4			2.0000		74.000000 	 74.600000	  0.006567	8435.600000	
-------------------------------------------------
NS0200-A0060      4			3.0000		54.000000 	 54.000000	  0.000000	7219.200000	
-------------------------------------------------
NS0200-A0060      4			4.0000		44.000000 	 44.000000	  0.000000	7369.800000	
-------------------------------------------------
NS0200-A0060      4			5.0000		38.000000 	 38.000000	  0.000000	7490.200000	
-------------------------------------------------
NS0200-A0060      5			2.0000		103.000000	103.200000	  0.003876	8344.000000	
-------------------------------------------------
NS0200-A0060      5			3.0000		75.000000 	 75.000000	  0.000000	7057.800000	
-------------------------------------------------
NS0200-A0060      5			4.0000		61.000000 	 61.000000	  0.000000	7279.600000	
-------------------------------------------------
NS0200-A0060      5			5.0000		51.000000 	 51.000000	  0.000000	7415.200000	
-------------------------------------------------
NS0200-A0060      6			2.0000		133.000000	133.600000	  0.003667	9035.400000	
-------------------------------------------------
NS0200-A0060      6			3.0000		97.000000 	 97.000000	  0.000000	7055.200000	
-------------------------------------------------
NS0200-A0060      6			4.0000		78.000000 	 78.000000	  0.000000	6948.800000	
-------------------------------------------------
NS0200-A0060      6			5.0000		65.000000 	 65.400000	  0.007491	8757.400000	
-------------------------------------------------
NS0200-A0060      7			2.0000		166.000000	166.200000	  0.002407	10594.800000	
-------------------------------------------------
NS0200-A0060      7			3.0000		120.000000	120.000000	  0.000000	9014.400000	
-------------------------------------------------
NS0200-A0060      7			4.0000		96.000000 	 96.000000	  0.000000	7174.800000	
-------------------------------------------------
NS0200-A0060      7			5.0000		80.000000 	 80.800000	  0.004950	7619.800000	
-------------------------------------------------
NS0080-A0060      3			2.0000		78.000000 	 78.600000	  0.006233	3387.400000	
-------------------------------------------------
NS0080-A0060      3			3.0000		61.000000 	 61.000000	  0.000000	2202.200000	
-------------------------------------------------
NS0080-A0060      3			4.0000		48.000000 	 48.200000	  0.008299	2839.800000	
-------------------------------------------------
NS0080-A0060      3			5.0000		40.000000 	 40.200000	  0.009950	2662.200000	
-------------------------------------------------
NS0080-A0060      4			2.0000		117.000000	117.800000	  0.003396	3976.600000	
-------------------------------------------------
NS0080-A0060      4			3.0000		87.000000 	 87.000000	  0.000000	2474.400000	
-------------------------------------------------
NS0080-A0060      4			4.0000		69.000000 	 69.000000	  0.000000	3061.600000	
-------------------------------------------------
NS0080-A0060      4			5.0000		57.000000 	 57.400000	  0.008535	3168.400000	
-------------------------------------------------
NS0080-A0060      5			2.0000		158.000000	161.400000	  0.010803	3894.000000	
-------------------------------------------------
NS0080-A0060      5			3.0000		115.000000	115.600000	  0.004238	2431.600000	
-------------------------------------------------
NS0080-A0060      5			4.0000		90.000000 	 90.600000	  0.005407	2551.000000	
-------------------------------------------------
NS0080-A0060      5			5.0000		75.000000 	 75.000000	  0.000000	3258.400000	
-------------------------------------------------
NS0080-A0060      6			2.0000		205.000000	206.800000	  0.004738	5467.800000	
-------------------------------------------------
NS0080-A0060      6			3.0000		146.000000	146.600000	  0.003342	2952.000000	
-------------------------------------------------
NS0080-A0060      6			4.0000		113.000000	113.000000	  0.000000	3212.600000	
-------------------------------------------------
NS0080-A0060      6			5.0000		93.000000 	 93.000000	  0.000000	2798.200000	
-------------------------------------------------
NS0080-A0060      7			2.0000		252.000000	253.400000	  0.005906	4639.800000	
-------------------------------------------------
NS0080-A0060      7			3.0000		177.000000	177.400000	  0.002762	2681.000000	
-------------------------------------------------
NS0080-A0060      7			4.0000		136.000000	136.400000	  0.003592	3253.800000	
-------------------------------------------------
NS0080-A0060      7			5.0000		111.000000	111.400000	  0.004398	3190.400000	
-------------------------------------------------
NS0140-A0060      3			2.0000		59.000000 	 59.800000	  0.006689	5625.400000	
-------------------------------------------------
NS0140-A0060      3			3.0000		45.000000 	 45.800000	  0.008734	6171.400000	
-------------------------------------------------
NS0140-A0060      3			4.0000		37.000000 	 37.000000	  0.000000	4783.000000	
-------------------------------------------------
NS0140-A0060      3			5.0000		31.000000 	 31.200000	  0.012821	6086.000000	
-------------------------------------------------
NS0140-A0060      4			2.0000		90.000000 	 90.600000	  0.008830	6704.200000	
-------------------------------------------------
NS0140-A0060      4			3.0000		67.000000 	 67.000000	  0.000000	7210.000000	
-------------------------------------------------
NS0140-A0060      4			4.0000		54.000000 	 54.000000	  0.000000	5288.000000	
-------------------------------------------------
NS0140-A0060      4			5.0000		45.000000 	 45.800000	  0.008734	4891.400000	
-------------------------------------------------
NS0140-A0060      5			2.0000		124.000000	124.200000	  0.003221	5215.600000	
-------------------------------------------------
NS0140-A0060      5			3.0000		89.000000 	 90.000000	  0.009938	6711.400000	
-------------------------------------------------
NS0140-A0060      5			4.0000		73.000000 	 73.000000	  0.000000	5589.000000	
-------------------------------------------------
NS0140-A0060      5			5.0000		61.000000 	 61.000000	  0.000000	5354.800000	
-------------------------------------------------
NS0140-A0060      6			2.0000		162.000000	163.400000	  0.004896	5449.600000	
-------------------------------------------------
NS0140-A0060      6			3.0000		115.000000	116.000000	  0.005452	5500.600000	
-------------------------------------------------
NS0140-A0060      6			4.0000		93.000000 	 93.200000	  0.004292	7006.400000	
-------------------------------------------------
NS0140-A0060      6			5.0000		77.000000 	 77.200000	  0.005181	5556.000000	
-------------------------------------------------
NS0140-A0060      7			2.0000		201.000000	202.200000	  0.003701	6438.400000	
-------------------------------------------------
NS0140-A0060      7			3.0000		143.000000	143.400000	  0.005579	6004.600000	
-------------------------------------------------
NS0140-A0060      7			4.0000		115.000000	115.200000	  0.003472	5947.000000	
-------------------------------------------------
NS0140-A0060      7			5.0000		95.000000 	 95.000000	  0.000000	4412.400000	
-------------------------------------------------
NS0170-A0060      3			2.0000		60.000000 	 60.000000	  0.000000	5977.400000	
-------------------------------------------------
NS0170-A0060      3			3.0000		43.000000 	 43.000000	  0.000000	6041.400000	
-------------------------------------------------
NS0170-A0060      3			4.0000		34.000000 	 34.000000	  0.000000	7522.200000	
-------------------------------------------------
NS0170-A0060      3			5.0000		27.000000 	 27.000000	  0.000000	6138.000000	
-------------------------------------------------
NS0170-A0060      4			2.0000		89.000000 	 89.000000	  0.000000	5694.400000	
-------------------------------------------------
NS0170-A0060      4			3.0000		63.000000 	 63.000000	  0.000000	5771.200000	
-------------------------------------------------
NS0170-A0060      4			4.0000		50.000000 	 50.000000	  0.000000	5795.200000	
-------------------------------------------------
NS0170-A0060      4			5.0000		41.000000 	 41.000000	  0.000000	5991.200000	
-------------------------------------------------
NS0170-A0060      5			2.0000		119.000000	119.600000	  0.004096	7951.600000	
-------------------------------------------------
NS0170-A0060      5			3.0000		85.000000 	 85.000000	  0.000000	5690.000000	
-------------------------------------------------
NS0170-A0060      5			4.0000		66.000000 	 66.000000	  0.000000	5623.800000	
-------------------------------------------------
NS0170-A0060      5			5.0000		55.000000 	 55.000000	  0.000000	5640.800000	
-------------------------------------------------
NS0170-A0060      6			2.0000		153.000000	153.600000	  0.003189	7809.600000	
-------------------------------------------------
NS0170-A0060      6			3.0000		109.000000	109.000000	  0.000000	5753.000000	
-------------------------------------------------
NS0170-A0060      6			4.0000		85.000000 	 85.000000	  0.000000	5604.600000	
-------------------------------------------------
NS0170-A0060      6			5.0000		70.000000 	 70.400000	  0.006959	6790.000000	
-------------------------------------------------
NS0170-A0060      7			2.0000		188.000000	190.600000	  0.009148	8399.400000	
-------------------------------------------------
NS0170-A0060      7			3.0000		134.000000	135.000000	  0.006625	7769.000000	
-------------------------------------------------
NS0170-A0060      7			4.0000		105.000000	105.000000	  0.000000	5699.000000	
-------------------------------------------------
NS0170-A0060      7			5.0000		86.000000 	 86.800000	  0.004608	5778.200000	
-------------------------------------------------
NS0110-A0180      3			2.0000		66.000000 	 66.800000	  0.005988	3768.600000	
-------------------------------------------------
NS0110-A0180      3			3.0000		50.000000 	 50.000000	  0.000000	3903.800000	
-------------------------------------------------
NS0110-A0180      3			4.0000		44.000000 	 44.000000	  0.000000	3588.200000	
-------------------------------------------------
NS0110-A0180      3			5.0000		35.000000 	 35.000000	  0.000000	3330.600000	
-------------------------------------------------
NS0110-A0180      4			2.0000		98.000000 	 98.000000	  0.000000	3152.400000	
-------------------------------------------------
NS0110-A0180      4			3.0000		73.000000 	 73.600000	  0.006656	3512.200000	
-------------------------------------------------
NS0110-A0180      4			4.0000		62.000000 	 62.000000	  0.000000	3774.400000	
-------------------------------------------------
NS0110-A0180      4			5.0000		49.000000 	 49.000000	  0.000000	3300.800000	
-------------------------------------------------
NS0110-A0180      5			2.0000		134.000000	134.800000	  0.002967	4327.000000	
-------------------------------------------------
NS0110-A0180      5			3.0000		98.000000 	 98.600000	  0.004969	4181.200000	
-------------------------------------------------
NS0110-A0180      5			4.0000		81.000000 	 81.600000	  0.006004	3843.800000	
-------------------------------------------------
NS0110-A0180      5			5.0000		64.000000 	 64.800000	  0.006173	3811.400000	
-------------------------------------------------
NS0110-A0180      6			2.0000		174.000000	174.600000	  0.002806	3851.200000	
-------------------------------------------------
NS0110-A0180      6			3.0000		126.000000	126.600000	  0.006319	4138.800000	
-------------------------------------------------
NS0110-A0180      6			4.0000		103.000000	103.000000	  0.000000	3241.400000	
-------------------------------------------------
NS0110-A0180      6			5.0000		81.000000 	 81.600000	  0.006004	3908.200000	
-------------------------------------------------
NS0110-A0180      7			2.0000		217.000000	218.400000	  0.003663	4286.600000	
-------------------------------------------------
NS0110-A0180      7			3.0000		156.000000	156.600000	  0.003128	4079.200000	
-------------------------------------------------
NS0110-A0180      7			4.0000		125.000000	125.000000	  0.000000	3367.600000	
-------------------------------------------------
NS0110-A0180      7			5.0000		99.000000 	 99.000000	  0.000000	3709.600000	
-------------------------------------------------
NS0200-A0180      3			2.0000		46.000000 	 46.000000	  0.000000	7642.600000	
-------------------------------------------------
NS0200-A0180      3			3.0000		34.000000 	 34.000000	  0.000000	7699.600000	
-------------------------------------------------
NS0200-A0180      3			4.0000		28.000000 	 28.000000	  0.000000	8153.400000	
-------------------------------------------------
NS0200-A0180      3			5.0000		24.000000 	 24.000000	  0.000000	7773.200000	
-------------------------------------------------
NS0200-A0180      4			2.0000		69.000000 	 69.000000	  0.000000	7288.200000	
-------------------------------------------------
NS0200-A0180      4			3.0000		50.000000 	 50.000000	  0.000000	7250.800000	
-------------------------------------------------
NS0200-A0180      4			4.0000		40.000000 	 40.200000	  0.009950	8407.000000	
-------------------------------------------------
NS0200-A0180      4			5.0000		33.000000 	 33.000000	  0.000000	7567.200000	
-------------------------------------------------
NS0200-A0180      5			2.0000		92.000000 	 92.800000	  0.004310	9179.800000	
-------------------------------------------------
NS0200-A0180      5			3.0000		68.000000 	 68.800000	  0.005814	7716.400000	
-------------------------------------------------
NS0200-A0180      5			4.0000		53.000000 	 53.200000	  0.007519	9677.200000	
-------------------------------------------------
NS0200-A0180      5			5.0000		44.000000 	 44.800000	  0.008929	7726.600000	
-------------------------------------------------
NS0200-A0180      6			2.0000		122.000000	122.800000	  0.006094	12375.200000	
-------------------------------------------------
NS0200-A0180      6			3.0000		88.000000 	 88.400000	  0.005542	7903.000000	
-------------------------------------------------
NS0200-A0180      6			4.0000		70.000000 	 70.400000	  0.006959	8899.800000	
-------------------------------------------------
NS0200-A0180      6			5.0000		58.000000 	 58.000000	  0.000000	7463.600000	
-------------------------------------------------
NS0200-A0180      7			2.0000		156.000000	156.600000	  0.003128	12886.800000	
-------------------------------------------------
NS0200-A0180      7			3.0000		111.000000	111.800000	  0.003578	7428.000000	
-------------------------------------------------
NS0200-A0180      7			4.0000		88.000000 	 88.800000	  0.008427	8197.400000	
-------------------------------------------------
NS0200-A0180      7			5.0000		73.000000 	 73.000000	  0.000000	7568.000000	
-------------------------------------------------
NS0170-A0180      3			2.0000		44.000000 	 44.800000	  0.008929	9469.400000	
-------------------------------------------------
NS0170-A0180      3			3.0000		36.000000 	 36.000000	  0.000000	6073.400000	
-------------------------------------------------
NS0170-A0180      3			4.0000		29.000000 	 29.600000	  0.016551	7184.600000	
-------------------------------------------------
NS0170-A0180      3			5.0000		27.000000 	 27.000000	  0.000000	6126.400000	
-------------------------------------------------
NS0170-A0180      4			2.0000		69.000000 	 69.200000	  0.005780	7793.800000	
-------------------------------------------------
NS0170-A0180      4			3.0000		53.000000 	 53.000000	  0.000000	7481.800000	
-------------------------------------------------
NS0170-A0180      4			4.0000		44.000000 	 44.000000	  0.000000	7838.800000	
-------------------------------------------------
NS0170-A0180      4			5.0000		39.000000 	 39.400000	  0.012434	7081.400000	
-------------------------------------------------
NS0170-A0180      5			2.0000		96.000000 	 97.600000	  0.010449	6190.200000	
-------------------------------------------------
NS0170-A0180      5			3.0000		72.000000 	 73.200000	  0.010223	6452.800000	
-------------------------------------------------
NS0170-A0180      5			4.0000		61.000000 	 61.000000	  0.000000	6053.800000	
-------------------------------------------------
NS0170-A0180      5			5.0000		52.000000 	 52.800000	  0.014173	7590.400000	
-------------------------------------------------
NS0170-A0180      6			2.0000		128.000000	131.000000	  0.013655	6993.600000	
-------------------------------------------------
NS0170-A0180      6			3.0000		95.000000 	 95.800000	  0.007811	5926.600000	
-------------------------------------------------
NS0170-A0180      6			4.0000		78.000000 	 79.000000	  0.008006	8353.800000	
-------------------------------------------------
NS0170-A0180      6			5.0000		68.000000 	 68.400000	  0.007162	7201.200000	
-------------------------------------------------
NS0170-A0180      7			2.0000		169.000000	169.400000	  0.002892	9381.400000	
-------------------------------------------------
NS0170-A0180      7			3.0000		120.000000	120.600000	  0.004062	7837.200000	
-------------------------------------------------
NS0170-A0180      7			4.0000		98.000000 	 98.800000	  0.011804	8181.400000	
-------------------------------------------------
NS0170-A0180      7			5.0000		84.000000 	 84.400000	  0.005804	8314.000000	
-------------------------------------------------
NS0080-A0180      3			2.0000		81.000000 	 81.000000	  0.000000	2762.000000	
-------------------------------------------------
NS0080-A0180      3			3.0000		60.000000 	 60.200000	  0.006645	3490.800000	
-------------------------------------------------
NS0080-A0180      3			4.0000		50.000000 	 50.000000	  0.000000	2813.200000	
-------------------------------------------------
NS0080-A0180      3			5.0000		42.000000 	 42.000000	  0.000000	2459.000000	
-------------------------------------------------
NS0080-A0180      4			2.0000		119.000000	119.800000	  0.003339	3074.800000	
-------------------------------------------------
NS0080-A0180      4			3.0000		86.000000 	 86.800000	  0.008621	2909.000000	
-------------------------------------------------
NS0080-A0180      4			4.0000		70.000000 	 70.800000	  0.005650	3215.600000	
-------------------------------------------------
NS0080-A0180      4			5.0000		58.000000 	 58.000000	  0.000000	2608.800000	
-------------------------------------------------
NS0080-A0180      5			2.0000		161.000000	162.000000	  0.005521	3315.200000	
-------------------------------------------------
NS0080-A0180      5			3.0000		114.000000	115.600000	  0.006920	3654.800000	
-------------------------------------------------
NS0080-A0180      5			4.0000		93.000000 	 93.000000	  0.000000	2638.400000	
-------------------------------------------------
NS0080-A0180      5			5.0000		75.000000 	 75.200000	  0.005319	3202.800000	
-------------------------------------------------
NS0080-A0180      6			2.0000		207.000000	207.600000	  0.002360	3989.600000	
-------------------------------------------------
NS0080-A0180      6			3.0000		145.000000	145.800000	  0.005133	3760.400000	
-------------------------------------------------
NS0080-A0180      6			4.0000		115.000000	115.000000	  0.000000	2871.400000	
-------------------------------------------------
NS0080-A0180      6			5.0000		93.000000 	 93.600000	  0.005234	2828.800000	
-------------------------------------------------
NS0080-A0180      7			2.0000		253.000000	253.600000	  0.001932	5911.200000	
-------------------------------------------------
NS0080-A0180      7			3.0000		177.000000	177.000000	  0.000000	3050.400000	
-------------------------------------------------
NS0080-A0180      7			4.0000		137.000000	137.600000	  0.003560	2457.400000	
-------------------------------------------------
NS0080-A0180      7			5.0000		112.000000	112.200000	  0.003565	3727.800000	
-------------------------------------------------
NS0110-A0060      3			2.0000		71.000000 	 71.000000	  0.000000	4239.600000	
-------------------------------------------------
NS0110-A0060      3			3.0000		56.000000 	 56.000000	  0.000000	3507.400000	
-------------------------------------------------
NS0110-A0060      3			4.0000		44.000000 	 44.000000	  0.000000	3766.000000	
-------------------------------------------------
NS0110-A0060      3			5.0000		36.000000 	 36.000000	  0.000000	5262.600000	
-------------------------------------------------
NS0110-A0060      4			2.0000		107.000000	107.200000	  0.003731	5046.200000	
-------------------------------------------------
NS0110-A0060      4			3.0000		80.000000 	 80.000000	  0.000000	3930.600000	
-------------------------------------------------
NS0110-A0060      4			4.0000		63.000000 	 63.800000	  0.006270	4017.800000	
-------------------------------------------------
NS0110-A0060      4			5.0000		53.000000 	 53.000000	  0.000000	4755.400000	
-------------------------------------------------
NS0110-A0060      5			2.0000		146.000000	146.600000	  0.003342	3972.400000	
-------------------------------------------------
NS0110-A0060      5			3.0000		105.000000	105.800000	  0.003781	3393.600000	
-------------------------------------------------
NS0110-A0060      5			4.0000		84.000000 	 84.800000	  0.004717	3644.800000	
-------------------------------------------------
NS0110-A0060      5			5.0000		70.000000 	 70.600000	  0.006939	4172.200000	
-------------------------------------------------
NS0110-A0060      6			2.0000		187.000000	188.000000	  0.005827	6927.000000	
-------------------------------------------------
NS0110-A0060      6			3.0000		133.000000	133.600000	  0.003667	4051.400000	
-------------------------------------------------
NS0110-A0060      6			4.0000		105.000000	105.600000	  0.007576	4431.200000	
-------------------------------------------------
NS0110-A0060      6			5.0000		88.000000 	 88.200000	  0.004535	3557.000000	
-------------------------------------------------
NS0110-A0060      7			2.0000		232.000000	233.000000	  0.002714	5668.000000	
-------------------------------------------------
NS0110-A0060      7			3.0000		162.000000	162.000000	  0.000000	3278.200000	
-------------------------------------------------
NS0110-A0060      7			4.0000		127.000000	127.400000	  0.003845	4556.200000	
-------------------------------------------------
NS0110-A0060      7			5.0000		106.000000	106.400000	  0.004604	4112.600000	
-------------------------------------------------
