filename		  #barrier	lr			best      avg      dlc(%)     time 
NS1000            9			10.0000		448.000000	1193.400000	  0.537937	26435.800000
-------------------------------------------------
NS1000            11			10.0000		2216.000000	3513.400000	  0.260476	26566.000000
-------------------------------------------------
NS1000            13			10.0000		2775.000000	4230.400000	  0.233362	26428.800000
-------------------------------------------------
NS1000            15			10.0000		3759.000000	4667.600000	  0.154826	26638.000000
-------------------------------------------------
NS1000            17			10.0000		5148.000000	6086.000000	  0.109691	26709.800000
-------------------------------------------------
NS1250            9			10.0000		1003.000000	2761.000000	  0.652619	33928.800000
-------------------------------------------------
NS1250            11			10.0000		2261.000000	3446.400000	  0.298464	33772.600000
-------------------------------------------------
NS1250            13			10.0000		3416.000000	5477.800000	  0.220335	34182.000000
-------------------------------------------------
NS1250            15			10.0000		5258.000000	6232.800000	  0.128827	33494.200000
-------------------------------------------------
NS1250            17			10.0000		5227.000000	6548.600000	  0.143049	34216.400000
-------------------------------------------------
NS1500            9			10.0000		750.000000	3775.000000	  0.479495	41869.600000
-------------------------------------------------
NS1500            11			10.0000		678.000000	3592.200000	  0.617052	41369.800000
-------------------------------------------------
NS1500            13			10.0000		2223.000000	6217.200000	  0.340134	41845.000000
-------------------------------------------------
NS1500            15			10.0000		2154.000000	6418.200000	  0.398901	42354.200000
-------------------------------------------------
NS1500            17			10.0000		6905.000000	8043.200000	  0.096036	42307.000000
-------------------------------------------------
NS1750            9			10.0000		1215.000000	3939.800000	  0.603907	49870.000000
-------------------------------------------------
NS1750            11			10.0000		1874.000000	4416.600000	  0.325313	50126.000000
-------------------------------------------------
NS1750            13			10.0000		1527.000000	5841.600000	  0.377656	50876.200000
-------------------------------------------------
NS1750            15			10.0000		6311.000000	8222.800000	  0.144851	50470.000000
-------------------------------------------------
NS1750            17			10.0000		3836.000000	7815.200000	  0.384691	50481.800000
-------------------------------------------------
NS2000            9			10.0000		576.000000	4344.000000	  0.840325	59095.000000
-------------------------------------------------
NS2000            11			10.0000		909.000000	6455.200000	  0.488882	59342.000000
-------------------------------------------------
NS2000            13			10.0000		781.000000	5818.800000	  0.721902	58166.800000
-------------------------------------------------
NS2000            15			10.0000		890.000000	6969.400000	  0.613783	59098.400000
-------------------------------------------------
NS2000            17			10.0000		9269.000000	10383.400000	  0.117840	59373.200000
-------------------------------------------------
