filename		  #barrier	lr			best      avg      dlc(%)     time 
NS1000            9			10.0000		86.000000 	 90.000000	  0.022222	100240.200000
-------------------------------------------------
NS1000            11			10.0000		141.000000	141.600000	  0.005650	137416.800000
-------------------------------------------------
NS1000            13			10.0000		206.000000	207.400000	  0.008943	96968.600000
-------------------------------------------------
NS1000            15			10.0000		271.000000	276.800000	  0.013205	101824.400000
-------------------------------------------------
NS1000            17			10.0000		347.000000	354.200000	  0.010319	98918.600000
-------------------------------------------------
NS1250            9			10.0000		56.000000 	 58.600000	  0.029754	157037.000000
-------------------------------------------------
NS1250            11			10.0000		100.000000	101.800000	  0.011456	135572.000000
-------------------------------------------------
NS1250            13			10.0000		152.000000	153.600000	  0.010578	132843.600000
-------------------------------------------------
NS1250            15			10.0000		213.000000	214.800000	  0.004561	128869.200000
-------------------------------------------------
NS1250            17			10.0000		277.000000	279.600000	  0.007704	105774.600000
-------------------------------------------------
NS1500            9			10.0000		18.000000 	 18.800000	  0.039805	191274.000000
-------------------------------------------------
NS1500            11			10.0000		45.000000 	 47.000000	  0.035603	180350.600000
-------------------------------------------------
NS1500            13			10.0000		82.000000 	 85.000000	  0.029763	170130.000000
-------------------------------------------------
NS1500            15			10.0000		134.000000	136.000000	  0.015424	161106.600000
-------------------------------------------------
NS1500            17			10.0000		187.000000	194.400000	  0.020213	202339.600000
-------------------------------------------------
NS1750            9			10.0000		4.000000  	  5.200000	  0.143910	231381.400000
-------------------------------------------------
NS1750            11			10.0000		17.000000 	 17.200000	  0.023256	206799.600000
-------------------------------------------------
NS1750            13			10.0000		39.000000 	 41.200000	  0.028306	228111.400000
-------------------------------------------------
NS1750            15			10.0000		77.000000 	 79.200000	  0.014725	196738.600000
-------------------------------------------------
NS1750            17			10.0000		122.000000	124.000000	  0.014426	223332.200000
-------------------------------------------------
NS2000            9			10.0000		0.000000  	  0.000000	       NaN	8806.400000
-------------------------------------------------
NS2000            11			10.0000		0.000000  	  0.400000	  1.224745	115697.200000
-------------------------------------------------
NS2000            13			10.0000		8.000000  	  9.800000	  0.099979	224864.800000
-------------------------------------------------
NS2000            15			10.0000		29.000000 	 30.400000	  0.049232	313365.600000
-------------------------------------------------
NS2000            17			10.0000		57.000000 	 59.800000	  0.048926	221556.800000
-------------------------------------------------
