filename		  #barrier	lr			best      avg      dlc(%)     time 
NS0050-A0180      3			2.0000		109.000000	109.800000	  0.003643	1656.600000	
-------------------------------------------------
NS0050-A0180      3			3.0000		78.000000 	 78.000000	  0.000000	1226.800000	
-------------------------------------------------
NS0050-A0180      3			4.0000		60.000000 	 60.000000	  0.000000	1227.600000	
-------------------------------------------------
NS0050-A0180      3			5.0000		50.000000 	 50.000000	  0.000000	1247.200000	
-------------------------------------------------
NS0050-A0180      4			2.0000		152.000000	152.000000	  0.000000	2355.600000	
-------------------------------------------------
NS0050-A0180      4			3.0000		106.000000	106.400000	  0.004604	1596.400000	
-------------------------------------------------
NS0050-A0180      4			4.0000		82.000000 	 82.000000	  0.000000	1254.200000	
-------------------------------------------------
NS0050-A0180      4			5.0000		68.000000 	 68.000000	  0.000000	1270.600000	
-------------------------------------------------
NS0050-A0180      5			2.0000		195.000000	196.400000	  0.006110	3004.000000	
-------------------------------------------------
NS0050-A0180      5			3.0000		136.000000	136.200000	  0.002937	1834.000000	
-------------------------------------------------
NS0050-A0180      5			4.0000		105.000000	105.000000	  0.000000	1284.800000	
-------------------------------------------------
NS0050-A0180      5			5.0000		86.000000 	 86.000000	  0.000000	1865.400000	
-------------------------------------------------
NS0050-A0180      6			2.0000		241.000000	241.400000	  0.002029	3266.800000	
-------------------------------------------------
NS0050-A0180      6			3.0000		167.000000	167.200000	  0.002392	1956.600000	
-------------------------------------------------
NS0050-A0180      6			4.0000		128.000000	128.000000	  0.000000	1332.200000	
-------------------------------------------------
NS0050-A0180      6			5.0000		105.000000	105.600000	  0.004639	1677.400000	
-------------------------------------------------
NS0050-A0180      7			2.0000		288.000000	289.000000	  0.003790	3551.000000	
-------------------------------------------------
NS0050-A0180      7			3.0000		199.000000	199.600000	  0.002454	1745.400000	
-------------------------------------------------
NS0050-A0180      7			4.0000		151.000000	151.000000	  0.000000	1393.400000	
-------------------------------------------------
NS0050-A0180      7			5.0000		124.000000	124.400000	  0.003938	2072.200000	
-------------------------------------------------
NS0140-A0180      3			2.0000		83.000000 	 83.800000	  0.004773	4795.600000	
-------------------------------------------------
NS0140-A0180      3			3.0000		60.000000 	 60.000000	  0.000000	4542.200000	
-------------------------------------------------
NS0140-A0180      3			4.0000		46.000000 	 46.400000	  0.010558	6054.200000	
-------------------------------------------------
NS0140-A0180      3			5.0000		37.000000 	 37.000000	  0.000000	4514.400000	
-------------------------------------------------
NS0140-A0180      4			2.0000		116.000000	116.800000	  0.003425	5556.000000	
-------------------------------------------------
NS0140-A0180      4			3.0000		82.000000 	 82.000000	  0.000000	4438.600000	
-------------------------------------------------
NS0140-A0180      4			4.0000		64.000000 	 64.000000	  0.000000	4401.000000	
-------------------------------------------------
NS0140-A0180      4			5.0000		50.000000 	 50.000000	  0.000000	4416.200000	
-------------------------------------------------
NS0140-A0180      5			2.0000		153.000000	153.000000	  0.000000	5889.200000	
-------------------------------------------------
NS0140-A0180      5			3.0000		105.000000	105.000000	  0.000000	4508.400000	
-------------------------------------------------
NS0140-A0180      5			4.0000		81.000000 	 81.000000	  0.000000	4277.800000	
-------------------------------------------------
NS0140-A0180      5			5.0000		64.000000 	 64.000000	  0.000000	4427.800000	
-------------------------------------------------
NS0140-A0180      6			2.0000		191.000000	191.400000	  0.002560	5513.800000	
-------------------------------------------------
NS0140-A0180      6			3.0000		129.000000	129.200000	  0.003096	5417.000000	
-------------------------------------------------
NS0140-A0180      6			4.0000		98.000000 	 98.800000	  0.004049	4343.200000	
-------------------------------------------------
NS0140-A0180      6			5.0000		79.000000 	 79.000000	  0.000000	4307.800000	
-------------------------------------------------
NS0140-A0180      7			2.0000		231.000000	231.200000	  0.001730	4766.000000	
-------------------------------------------------
NS0140-A0180      7			3.0000		155.000000	155.800000	  0.002567	5381.600000	
-------------------------------------------------
NS0140-A0180      7			4.0000		118.000000	118.200000	  0.003384	5845.200000	
-------------------------------------------------
NS0140-A0180      7			5.0000		95.000000 	 95.200000	  0.004202	5758.000000	
-------------------------------------------------
NS0050-A0060      3			2.0000		107.000000	107.000000	  0.000000	1250.200000	
-------------------------------------------------
NS0050-A0060      3			3.0000		75.000000 	 75.000000	  0.000000	1222.000000	
-------------------------------------------------
NS0050-A0060      3			4.0000		58.000000 	 58.000000	  0.000000	1223.400000	
-------------------------------------------------
NS0050-A0060      3			5.0000		48.000000 	 48.000000	  0.000000	1220.400000	
-------------------------------------------------
NS0050-A0060      4			2.0000		149.000000	149.600000	  0.003275	1385.000000	
-------------------------------------------------
NS0050-A0060      4			3.0000		104.000000	104.000000	  0.000000	1232.000000	
-------------------------------------------------
NS0050-A0060      4			4.0000		80.000000 	 80.000000	  0.000000	1245.000000	
-------------------------------------------------
NS0050-A0060      4			5.0000		66.000000 	 66.000000	  0.000000	1249.600000	
-------------------------------------------------
NS0050-A0060      5			2.0000		194.000000	194.600000	  0.002517	1559.800000	
-------------------------------------------------
NS0050-A0060      5			3.0000		135.000000	135.000000	  0.000000	1266.400000	
-------------------------------------------------
NS0050-A0060      5			4.0000		103.000000	103.600000	  0.004729	1576.600000	
-------------------------------------------------
NS0050-A0060      5			5.0000		85.000000 	 85.000000	  0.000000	1288.800000	
-------------------------------------------------
NS0050-A0060      6			2.0000		241.000000	242.000000	  0.002613	2481.800000	
-------------------------------------------------
NS0050-A0060      6			3.0000		166.000000	166.000000	  0.000000	2100.800000	
-------------------------------------------------
NS0050-A0060      6			4.0000		127.000000	127.800000	  0.003130	1520.000000	
-------------------------------------------------
NS0050-A0060      6			5.0000		105.000000	105.000000	  0.000000	1327.000000	
-------------------------------------------------
NS0050-A0060      7			2.0000		290.000000	290.200000	  0.001378	3671.200000	
-------------------------------------------------
NS0050-A0060      7			3.0000		198.000000	198.200000	  0.002018	2276.200000	
-------------------------------------------------
NS0050-A0060      7			4.0000		152.000000	152.000000	  0.000000	1433.200000	
-------------------------------------------------
NS0050-A0060      7			5.0000		125.000000	125.000000	  0.000000	1400.200000	
-------------------------------------------------
NS0200-A0060      3			2.0000		66.000000 	 66.000000	  0.000000	7730.400000	
-------------------------------------------------
NS0200-A0060      3			3.0000		47.000000 	 47.000000	  0.000000	8361.400000	
-------------------------------------------------
NS0200-A0060      3			4.0000		39.000000 	 39.000000	  0.000000	8063.400000	
-------------------------------------------------
NS0200-A0060      3			5.0000		32.000000 	 32.000000	  0.000000	7800.000000	
-------------------------------------------------
NS0200-A0060      4			2.0000		95.000000 	 95.000000	  0.000000	9959.200000	
-------------------------------------------------
NS0200-A0060      4			3.0000		67.000000 	 67.000000	  0.000000	7344.000000	
-------------------------------------------------
NS0200-A0060      4			4.0000		54.000000 	 54.000000	  0.000000	11091.600000	
-------------------------------------------------
NS0200-A0060      4			5.0000		45.000000 	 45.000000	  0.000000	7467.000000	
-------------------------------------------------
NS0200-A0060      5			2.0000		126.000000	126.400000	  0.003876	11331.800000	
-------------------------------------------------
NS0200-A0060      5			3.0000		88.000000 	 88.000000	  0.000000	7120.800000	
-------------------------------------------------
NS0200-A0060      5			4.0000		71.000000 	 71.000000	  0.000000	7411.000000	
-------------------------------------------------
NS0200-A0060      5			5.0000		58.000000 	 58.000000	  0.000000	7268.400000	
-------------------------------------------------
NS0200-A0060      6			2.0000		161.000000	162.000000	  0.009563	9088.400000	
-------------------------------------------------
NS0200-A0060      6			3.0000		111.000000	111.400000	  0.004398	8721.400000	
-------------------------------------------------
NS0200-A0060      6			4.0000		89.000000 	 89.800000	  0.004454	8116.000000	
-------------------------------------------------
NS0200-A0060      6			5.0000		73.000000 	 73.000000	  0.000000	7044.200000	
-------------------------------------------------
NS0200-A0060      7			2.0000		197.000000	198.400000	  0.005140	9653.800000	
-------------------------------------------------
NS0200-A0060      7			3.0000		136.000000	136.800000	  0.005470	9145.200000	
-------------------------------------------------
NS0200-A0060      7			4.0000		110.000000	110.000000	  0.000000	6902.200000	
-------------------------------------------------
NS0200-A0060      7			5.0000		90.000000 	 90.000000	  0.000000	7220.000000	
-------------------------------------------------
NS0080-A0060      3			2.0000		95.000000 	 95.000000	  0.000000	2131.800000	
-------------------------------------------------
NS0080-A0060      3			3.0000		65.000000 	 65.000000	  0.000000	2148.000000	
-------------------------------------------------
NS0080-A0060      3			4.0000		51.000000 	 51.000000	  0.000000	2158.600000	
-------------------------------------------------
NS0080-A0060      3			5.0000		43.000000 	 43.000000	  0.000000	2177.000000	
-------------------------------------------------
NS0080-A0060      4			2.0000		137.000000	137.000000	  0.000000	2082.200000	
-------------------------------------------------
NS0080-A0060      4			3.0000		94.000000 	 94.000000	  0.000000	2120.400000	
-------------------------------------------------
NS0080-A0060      4			4.0000		73.000000 	 73.000000	  0.000000	2411.200000	
-------------------------------------------------
NS0080-A0060      4			5.0000		61.000000 	 61.000000	  0.000000	2162.400000	
-------------------------------------------------
NS0080-A0060      5			2.0000		179.000000	179.200000	  0.002232	3033.000000	
-------------------------------------------------
NS0080-A0060      5			3.0000		123.000000	123.600000	  0.003964	2512.600000	
-------------------------------------------------
NS0080-A0060      5			4.0000		95.000000 	 95.800000	  0.004175	3515.200000	
-------------------------------------------------
NS0080-A0060      5			5.0000		79.000000 	 79.000000	  0.000000	2167.200000	
-------------------------------------------------
NS0080-A0060      6			2.0000		223.000000	223.200000	  0.001792	2904.400000	
-------------------------------------------------
NS0080-A0060      6			3.0000		153.000000	153.600000	  0.003189	3100.400000	
-------------------------------------------------
NS0080-A0060      6			4.0000		119.000000	119.400000	  0.004103	2618.800000	
-------------------------------------------------
NS0080-A0060      6			5.0000		97.000000 	 97.000000	  0.000000	2196.000000	
-------------------------------------------------
NS0080-A0060      7			2.0000		269.000000	269.400000	  0.001818	2849.400000	
-------------------------------------------------
NS0080-A0060      7			3.0000		185.000000	185.000000	  0.000000	2890.200000	
-------------------------------------------------
NS0080-A0060      7			4.0000		142.000000	142.800000	  0.002801	2441.400000	
-------------------------------------------------
NS0080-A0060      7			5.0000		115.000000	115.600000	  0.004238	2862.600000	
-------------------------------------------------
NS0140-A0060      3			2.0000		85.000000 	 85.000000	  0.000000	4888.000000	
-------------------------------------------------
NS0140-A0060      3			3.0000		60.000000 	 60.000000	  0.000000	4543.400000	
-------------------------------------------------
NS0140-A0060      3			4.0000		47.000000 	 47.800000	  0.008368	4755.800000	
-------------------------------------------------
NS0140-A0060      3			5.0000		38.000000 	 38.000000	  0.000000	4581.400000	
-------------------------------------------------
NS0140-A0060      4			2.0000		120.000000	120.000000	  0.000000	6380.200000	
-------------------------------------------------
NS0140-A0060      4			3.0000		83.000000 	 83.000000	  0.000000	4419.600000	
-------------------------------------------------
NS0140-A0060      4			4.0000		66.000000 	 66.000000	  0.000000	4698.600000	
-------------------------------------------------
NS0140-A0060      4			5.0000		52.000000 	 52.200000	  0.007663	6923.400000	
-------------------------------------------------
NS0140-A0060      5			2.0000		155.000000	155.200000	  0.002577	6917.000000	
-------------------------------------------------
NS0140-A0060      5			3.0000		106.000000	106.600000	  0.004596	5240.000000	
-------------------------------------------------
NS0140-A0060      5			4.0000		85.000000 	 85.000000	  0.000000	5363.200000	
-------------------------------------------------
NS0140-A0060      5			5.0000		67.000000 	 67.600000	  0.007247	5794.400000	
-------------------------------------------------
NS0140-A0060      6			2.0000		193.000000	193.600000	  0.002530	4846.800000	
-------------------------------------------------
NS0140-A0060      6			3.0000		132.000000	132.000000	  0.000000	5932.400000	
-------------------------------------------------
NS0140-A0060      6			4.0000		104.000000	104.000000	  0.000000	5451.400000	
-------------------------------------------------
NS0140-A0060      6			5.0000		83.000000 	 83.600000	  0.005860	5190.800000	
-------------------------------------------------
NS0140-A0060      7			2.0000		233.000000	233.200000	  0.001715	5704.400000	
-------------------------------------------------
NS0140-A0060      7			3.0000		158.000000	158.400000	  0.003093	5765.000000	
-------------------------------------------------
NS0140-A0060      7			4.0000		123.000000	123.800000	  0.003231	4885.800000	
-------------------------------------------------
NS0140-A0060      7			5.0000		99.000000 	 99.600000	  0.004919	6463.600000	
-------------------------------------------------
NS0170-A0060      3			2.0000		79.000000 	 79.800000	  0.005013	6402.600000	
-------------------------------------------------
NS0170-A0060      3			3.0000		54.000000 	 54.400000	  0.009005	7318.400000	
-------------------------------------------------
NS0170-A0060      3			4.0000		42.000000 	 42.000000	  0.000000	6597.000000	
-------------------------------------------------
NS0170-A0060      3			5.0000		36.000000 	 36.000000	  0.000000	6060.200000	
-------------------------------------------------
NS0170-A0060      4			2.0000		113.000000	114.000000	  0.005548	7596.400000	
-------------------------------------------------
NS0170-A0060      4			3.0000		76.000000 	 76.600000	  0.006396	7984.000000	
-------------------------------------------------
NS0170-A0060      4			4.0000		60.000000 	 60.000000	  0.000000	6492.000000	
-------------------------------------------------
NS0170-A0060      4			5.0000		49.000000 	 49.200000	  0.008130	6913.000000	
-------------------------------------------------
NS0170-A0060      5			2.0000		148.000000	150.000000	  0.008433	7674.000000	
-------------------------------------------------
NS0170-A0060      5			3.0000		101.000000	101.400000	  0.004831	6761.800000	
-------------------------------------------------
NS0170-A0060      5			4.0000		78.000000 	 78.000000	  0.000000	7131.600000	
-------------------------------------------------
NS0170-A0060      5			5.0000		64.000000 	 64.000000	  0.000000	5733.600000	
-------------------------------------------------
NS0170-A0060      6			2.0000		187.000000	188.200000	  0.003976	6744.800000	
-------------------------------------------------
NS0170-A0060      6			3.0000		126.000000	126.200000	  0.003170	7148.200000	
-------------------------------------------------
NS0170-A0060      6			4.0000		96.000000 	 96.800000	  0.004132	8234.200000	
-------------------------------------------------
NS0170-A0060      6			5.0000		78.000000 	 78.200000	  0.005115	7325.400000	
-------------------------------------------------
NS0170-A0060      7			2.0000		225.000000	226.800000	  0.006480	6673.400000	
-------------------------------------------------
NS0170-A0060      7			3.0000		152.000000	152.200000	  0.002628	9072.600000	
-------------------------------------------------
NS0170-A0060      7			4.0000		116.000000	116.400000	  0.004209	7153.800000	
-------------------------------------------------
NS0170-A0060      7			5.0000		95.000000 	 95.400000	  0.005135	7035.600000	
-------------------------------------------------
NS0110-A0180      3			2.0000		89.000000 	 89.000000	  0.000000	3551.800000	
-------------------------------------------------
NS0110-A0180      3			3.0000		63.000000 	 63.000000	  0.000000	3260.800000	
-------------------------------------------------
NS0110-A0180      3			4.0000		49.000000 	 49.000000	  0.000000	3293.800000	
-------------------------------------------------
NS0110-A0180      3			5.0000		41.000000 	 41.000000	  0.000000	3281.000000	
-------------------------------------------------
NS0110-A0180      4			2.0000		123.000000	123.800000	  0.003231	4004.400000	
-------------------------------------------------
NS0110-A0180      4			3.0000		86.000000 	 86.000000	  0.000000	3154.200000	
-------------------------------------------------
NS0110-A0180      4			4.0000		66.000000 	 66.000000	  0.000000	3204.400000	
-------------------------------------------------
NS0110-A0180      4			5.0000		56.000000 	 56.000000	  0.000000	3232.600000	
-------------------------------------------------
NS0110-A0180      5			2.0000		159.000000	159.200000	  0.002513	3801.000000	
-------------------------------------------------
NS0110-A0180      5			3.0000		110.000000	110.000000	  0.000000	3104.800000	
-------------------------------------------------
NS0110-A0180      5			4.0000		84.000000 	 84.000000	  0.000000	3371.000000	
-------------------------------------------------
NS0110-A0180      5			5.0000		71.000000 	 71.000000	  0.000000	3221.600000	
-------------------------------------------------
NS0110-A0180      6			2.0000		198.000000	199.000000	  0.003178	3625.600000	
-------------------------------------------------
NS0110-A0180      6			3.0000		138.000000	138.000000	  0.000000	3155.800000	
-------------------------------------------------
NS0110-A0180      6			4.0000		104.000000	104.600000	  0.004684	4086.400000	
-------------------------------------------------
NS0110-A0180      6			5.0000		87.000000 	 87.600000	  0.005592	3484.600000	
-------------------------------------------------
NS0110-A0180      7			2.0000		239.000000	240.800000	  0.004069	3721.800000	
-------------------------------------------------
NS0110-A0180      7			3.0000		166.000000	166.000000	  0.000000	4332.800000	
-------------------------------------------------
NS0110-A0180      7			4.0000		127.000000	127.000000	  0.000000	3492.400000	
-------------------------------------------------
NS0110-A0180      7			5.0000		105.000000	105.000000	  0.000000	4454.800000	
-------------------------------------------------
NS0200-A0180      3			2.0000		71.000000 	 71.000000	  0.000000	7586.600000	
-------------------------------------------------
NS0200-A0180      3			3.0000		51.000000 	 51.000000	  0.000000	7726.000000	
-------------------------------------------------
NS0200-A0180      3			4.0000		39.000000 	 39.000000	  0.000000	7759.400000	
-------------------------------------------------
NS0200-A0180      3			5.0000		33.000000 	 33.000000	  0.000000	7744.200000	
-------------------------------------------------
NS0200-A0180      4			2.0000		99.000000 	 99.000000	  0.000000	7268.600000	
-------------------------------------------------
NS0200-A0180      4			3.0000		71.000000 	 71.000000	  0.000000	7355.400000	
-------------------------------------------------
NS0200-A0180      4			4.0000		54.000000 	 54.200000	  0.007380	8558.600000	
-------------------------------------------------
NS0200-A0180      4			5.0000		46.000000 	 46.000000	  0.000000	7394.000000	
-------------------------------------------------
NS0200-A0180      5			2.0000		130.000000	130.000000	  0.000000	7159.600000	
-------------------------------------------------
NS0200-A0180      5			3.0000		92.000000 	 92.000000	  0.000000	8334.400000	
-------------------------------------------------
NS0200-A0180      5			4.0000		70.000000 	 70.400000	  0.006959	9150.200000	
-------------------------------------------------
NS0200-A0180      5			5.0000		59.000000 	 59.200000	  0.006757	8407.000000	
-------------------------------------------------
NS0200-A0180      6			2.0000		164.000000	164.000000	  0.000000	7156.400000	
-------------------------------------------------
NS0200-A0180      6			3.0000		115.000000	115.200000	  0.003472	8682.200000	
-------------------------------------------------
NS0200-A0180      6			4.0000		88.000000 	 88.200000	  0.004535	11317.400000	
-------------------------------------------------
NS0200-A0180      6			5.0000		73.000000 	 73.200000	  0.005464	9639.600000	
-------------------------------------------------
NS0200-A0180      7			2.0000		200.000000	200.000000	  0.000000	7853.600000	
-------------------------------------------------
NS0200-A0180      7			3.0000		139.000000	139.800000	  0.002861	8790.600000	
-------------------------------------------------
NS0200-A0180      7			4.0000		106.000000	107.600000	  0.009478	10021.000000	
-------------------------------------------------
NS0200-A0180      7			5.0000		88.000000 	 88.200000	  0.004535	9392.000000	
-------------------------------------------------
NS0170-A0180      3			2.0000		75.000000 	 75.800000	  0.005277	8549.400000	
-------------------------------------------------
NS0170-A0180      3			3.0000		55.000000 	 55.000000	  0.000000	6475.600000	
-------------------------------------------------
NS0170-A0180      3			4.0000		44.000000 	 44.000000	  0.000000	6038.000000	
-------------------------------------------------
NS0170-A0180      3			5.0000		35.000000 	 35.600000	  0.013761	7082.200000	
-------------------------------------------------
NS0170-A0180      4			2.0000		106.000000	107.000000	  0.008359	9788.800000	
-------------------------------------------------
NS0170-A0180      4			3.0000		77.000000 	 77.000000	  0.000000	6673.000000	
-------------------------------------------------
NS0170-A0180      4			4.0000		61.000000 	 61.000000	  0.000000	5822.600000	
-------------------------------------------------
NS0170-A0180      4			5.0000		50.000000 	 50.000000	  0.000000	6400.600000	
-------------------------------------------------
NS0170-A0180      5			2.0000		142.000000	142.200000	  0.002813	8432.600000	
-------------------------------------------------
NS0170-A0180      5			3.0000		100.000000	100.000000	  0.000000	7581.600000	
-------------------------------------------------
NS0170-A0180      5			4.0000		79.000000 	 79.000000	  0.000000	5562.000000	
-------------------------------------------------
NS0170-A0180      5			5.0000		65.000000 	 65.200000	  0.006135	6876.400000	
-------------------------------------------------
NS0170-A0180      6			2.0000		178.000000	178.800000	  0.002237	7047.800000	
-------------------------------------------------
NS0170-A0180      6			3.0000		125.000000	125.000000	  0.000000	6534.400000	
-------------------------------------------------
NS0170-A0180      6			4.0000		97.000000 	 97.800000	  0.004090	6079.600000	
-------------------------------------------------
NS0170-A0180      6			5.0000		81.000000 	 81.400000	  0.006018	6014.200000	
-------------------------------------------------
NS0170-A0180      7			2.0000		217.000000	217.000000	  0.000000	7155.600000	
-------------------------------------------------
NS0170-A0180      7			3.0000		150.000000	150.400000	  0.003257	7101.000000	
-------------------------------------------------
NS0170-A0180      7			4.0000		117.000000	117.800000	  0.003396	5856.200000	
-------------------------------------------------
NS0170-A0180      7			5.0000		97.000000 	 97.000000	  0.000000	7873.400000	
-------------------------------------------------
NS0080-A0180      3			2.0000		86.000000 	 86.000000	  0.000000	2588.200000	
-------------------------------------------------
NS0080-A0180      3			3.0000		60.000000 	 60.600000	  0.008084	2963.000000	
-------------------------------------------------
NS0080-A0180      3			4.0000		47.000000 	 47.000000	  0.000000	2162.400000	
-------------------------------------------------
NS0080-A0180      3			5.0000		38.000000 	 38.000000	  0.000000	2179.600000	
-------------------------------------------------
NS0080-A0180      4			2.0000		124.000000	125.600000	  0.010800	3420.800000	
-------------------------------------------------
NS0080-A0180      4			3.0000		88.000000 	 88.000000	  0.000000	2490.600000	
-------------------------------------------------
NS0080-A0180      4			4.0000		66.000000 	 66.000000	  0.000000	2137.600000	
-------------------------------------------------
NS0080-A0180      4			5.0000		54.000000 	 54.000000	  0.000000	2180.400000	
-------------------------------------------------
NS0080-A0180      5			2.0000		169.000000	169.800000	  0.002356	2750.200000	
-------------------------------------------------
NS0080-A0180      5			3.0000		116.000000	116.200000	  0.003442	2928.200000	
-------------------------------------------------
NS0080-A0180      5			4.0000		88.000000 	 88.000000	  0.000000	2153.400000	
-------------------------------------------------
NS0080-A0180      5			5.0000		72.000000 	 72.000000	  0.000000	2169.600000	
-------------------------------------------------
NS0080-A0180      6			2.0000		213.000000	213.800000	  0.003500	3975.000000	
-------------------------------------------------
NS0080-A0180      6			3.0000		145.000000	146.600000	  0.005457	2855.200000	
-------------------------------------------------
NS0080-A0180      6			4.0000		111.000000	111.000000	  0.000000	2890.800000	
-------------------------------------------------
NS0080-A0180      6			5.0000		90.000000 	 90.000000	  0.000000	2589.400000	
-------------------------------------------------
NS0080-A0180      7			2.0000		260.000000	260.800000	  0.002869	3562.600000	
-------------------------------------------------
NS0080-A0180      7			3.0000		177.000000	177.400000	  0.002762	4399.200000	
-------------------------------------------------
NS0080-A0180      7			4.0000		134.000000	134.800000	  0.002967	3338.600000	
-------------------------------------------------
NS0080-A0180      7			5.0000		109.000000	109.200000	  0.003663	2677.600000	
-------------------------------------------------
NS0110-A0060      3			2.0000		86.000000 	 86.200000	  0.004640	4855.600000	
-------------------------------------------------
NS0110-A0060      3			3.0000		59.000000 	 59.000000	  0.000000	4627.600000	
-------------------------------------------------
NS0110-A0060      3			4.0000		49.000000 	 49.000000	  0.000000	3643.800000	
-------------------------------------------------
NS0110-A0060      3			5.0000		42.000000 	 42.000000	  0.000000	3547.800000	
-------------------------------------------------
NS0110-A0060      4			2.0000		124.000000	124.400000	  0.006431	3902.000000	
-------------------------------------------------
NS0110-A0060      4			3.0000		82.000000 	 83.800000	  0.013916	5668.600000	
-------------------------------------------------
NS0110-A0060      4			4.0000		69.000000 	 69.000000	  0.000000	3564.800000	
-------------------------------------------------
NS0110-A0060      4			5.0000		58.000000 	 58.000000	  0.000000	4373.600000	
-------------------------------------------------
NS0110-A0060      5			2.0000		163.000000	164.000000	  0.003856	5715.600000	
-------------------------------------------------
NS0110-A0060      5			3.0000		110.000000	110.400000	  0.004437	4203.600000	
-------------------------------------------------
NS0110-A0060      5			4.0000		89.000000 	 89.000000	  0.000000	4759.600000	
-------------------------------------------------
NS0110-A0060      5			5.0000		75.000000 	 75.400000	  0.006497	3811.000000	
-------------------------------------------------
NS0110-A0060      6			2.0000		207.000000	208.000000	  0.003041	3656.800000	
-------------------------------------------------
NS0110-A0060      6			3.0000		138.000000	138.600000	  0.005772	4661.000000	
-------------------------------------------------
NS0110-A0060      6			4.0000		110.000000	110.400000	  0.004437	3789.600000	
-------------------------------------------------
NS0110-A0060      6			5.0000		92.000000 	 92.400000	  0.005302	3914.200000	
-------------------------------------------------
NS0110-A0060      7			2.0000		251.000000	252.000000	  0.002510	4127.000000	
-------------------------------------------------
NS0110-A0060      7			3.0000		166.000000	167.400000	  0.004779	4390.600000	
-------------------------------------------------
NS0110-A0060      7			4.0000		131.000000	131.400000	  0.003728	4194.600000	
-------------------------------------------------
NS0110-A0060      7			5.0000		109.000000	109.600000	  0.004470	4223.000000	
-------------------------------------------------
