filename		  #barrier	lr			best      avg      dlc(%)     time 
NS1000            9			10.0000		454.000000	1206.400000	  0.573866	26421.400000
-------------------------------------------------
NS1000            11			10.0000		643.000000	1963.400000	  0.476739	26538.800000
-------------------------------------------------
NS1000            13			10.0000		686.000000	2715.200000	  0.406560	26797.400000
-------------------------------------------------
NS1000            15			10.0000		3097.000000	3629.800000	  0.112327	26759.800000
-------------------------------------------------
NS1000            17			10.0000		2849.000000	3441.600000	  0.103480	27013.200000
-------------------------------------------------
NS1250            9			10.0000		1060.000000	2025.800000	  0.315074	33597.400000
-------------------------------------------------
NS1250            11			10.0000		688.000000	2653.400000	  0.398910	33328.800000
-------------------------------------------------
NS1250            13			10.0000		2878.000000	3899.200000	  0.153800	34094.400000
-------------------------------------------------
NS1250            15			10.0000		2856.000000	4209.400000	  0.220240	33888.400000
-------------------------------------------------
NS1250            17			10.0000		4086.000000	4653.000000	  0.111452	33984.800000
-------------------------------------------------
NS1500            9			10.0000		1900.000000	2867.600000	  0.332849	42316.600000
-------------------------------------------------
NS1500            11			10.0000		584.000000	3771.400000	  0.523956	42238.400000
-------------------------------------------------
NS1500            13			10.0000		2402.000000	4404.800000	  0.298056	42588.600000
-------------------------------------------------
NS1500            15			10.0000		2363.000000	5187.400000	  0.307812	42813.600000
-------------------------------------------------
NS1500            17			10.0000		4905.000000	5501.600000	  0.110723	42273.000000
-------------------------------------------------
NS1750            9			10.0000		1277.000000	3269.400000	  0.389974	49826.200000
-------------------------------------------------
NS1750            11			10.0000		1526.000000	3329.200000	  0.479044	50829.200000
-------------------------------------------------
NS1750            13			10.0000		3661.000000	5394.800000	  0.191798	50785.600000
-------------------------------------------------
NS1750            15			10.0000		985.000000	4605.200000	  0.428590	50579.400000
-------------------------------------------------
NS1750            17			10.0000		4872.000000	5868.000000	  0.108092	50416.400000
-------------------------------------------------
NS2000            9			10.0000		450.000000	2844.000000	  0.676665	58588.600000
-------------------------------------------------
NS2000            11			10.0000		2636.000000	4893.000000	  0.310014	59110.800000
-------------------------------------------------
NS2000            13			10.0000		3232.000000	5584.600000	  0.271616	60376.200000
-------------------------------------------------
NS2000            15			10.0000		5166.000000	6773.800000	  0.190301	59686.000000
-------------------------------------------------
NS2000            17			10.0000		3826.000000	7025.800000	  0.255839	60601.400000
-------------------------------------------------
